   0.000000000000e+00  -3.000000000000e-04
   2.271244239860e-02  -2.938716848284e-04
   4.386416905108e-02  -2.744493376010e-04
   6.349649124246e-02  -2.426480463372e-04
   8.039331891198e-02  -1.998787744712e-04
   9.307853900013e-02  -1.480768633482e-04
   1.019303054905e-01  -8.962034643795e-05
   1.064332466748e-01  -2.711849055071e-05
   1.055321495769e-01   3.662322975557e-05
   1.001335027510e-01   9.869501051045e-05
   9.056752241672e-02   1.563208258409e-04
   7.631825305062e-02   2.069158929672e-04
   5.878508034799e-02   2.481500382644e-04
   3.903142015201e-02   2.781672734181e-04
   1.694840297083e-02   2.956247552653e-04
  -5.835854829362e-03   2.996870258242e-04
  -2.785390272264e-02   2.901779873027e-04
  -4.913098686169e-02   2.675594121094e-04
  -6.822036311177e-02   2.328244156324e-04
  -8.367309883843e-02   1.875555815142e-04
  -9.579927657318e-02   1.338386000094e-04
  -1.037341824465e-01   7.407013954894e-05
  -1.063965936924e-01   1.094547040609e-05
  -1.046241061697e-01  -5.265271947570e-05
  -9.837119932194e-02  -1.138853242277e-04
  -8.707511947023e-02  -1.699992176891e-04
  -7.211002709375e-02  -2.184186849406e-04
  -5.423987078151e-02  -2.569707533783e-04
  -3.333341597594e-02  -2.839209283645e-04
  -1.106236725680e-02  -2.980021432354e-04
   1.125533940589e-02  -2.985856677245e-04
   3.360207779823e-02  -2.856692886053e-04
   5.441792053431e-02  -2.598043634797e-04
   7.224087268594e-02  -2.221748590349e-04
   8.726335522565e-02  -1.745223025661e-04
   9.845961341413e-02  -1.189736552816e-04
   1.046241816698e-01  -5.803970860473e-05
   1.064369706444e-01   5.492053489265e-06
   1.036752308942e-01   6.878371366930e-05
   9.562507357358e-02   1.289884644132e-04
   8.353203403205e-02   1.833469714874e-04
   6.799757561565e-02   2.294203880718e-04
   4.878965678852e-02   2.651328164574e-04
   2.755832701686e-02   2.888182771385e-04
   5.500643256088e-03   2.994128513264e-04
  -1.737634499143e-02   2.964542537582e-04
  -3.937766406202e-02   2.800379389224e-04
  -5.910477067435e-02   2.509244869123e-04
  -7.668123942094e-02   2.104684982455e-04
  -9.079947772411e-02   1.604727801780e-04
  -1.002629349403e-01   1.032103530832e-04
  -1.056513103665e-01   4.130526286322e-05
  -1.063827439348e-01  -2.247856057227e-05
  -1.017185679093e-01  -8.526287124312e-05
  -9.282737076686e-02  -1.441751726306e-04
  -7.997453653588e-02  -1.965782809608e-04
  -6.290484914641e-02  -2.401056386081e-04
  -4.325374762526e-02  -2.727396137614e-04
  -2.199808102982e-02  -2.930142008940e-04
   8.349714147864e-04  -3.000207690194e-04
   2.348826859222e-02  -2.933994824186e-04
   4.462072276124e-02  -2.734666400021e-04
   6.426631018112e-02  -2.411573641517e-04
   8.099104089136e-02  -1.979069779779e-04
   9.351385446648e-02  -1.456881349255e-04
   1.022666436078e-01  -8.690094606024e-05
   1.065071533239e-01  -2.417304261943e-05
   1.053438877752e-01   3.966166160853e-05
   9.979002396313e-02   1.016821721506e-04
   8.994909364424e-02   1.591117974465e-04
   7.543208791244e-02   2.093572930719e-04
   5.778506873355e-02   2.500973388391e-04
   3.784960193578e-02   2.794994234377e-04
   1.560174451469e-02   2.962364635178e-04
  -7.157998525118e-03   2.995026220358e-04
  -2.917710303888e-02   2.891657144400e-04
  -5.044275186153e-02   2.657202220446e-04
  -6.932211896118e-02   2.301983409919e-04
  -8.457082602680e-02   1.842319397214e-04
  -9.651054302714e-02   1.299395446044e-04
  -1.040843369974e-01   6.974825324234e-05
  -1.063973415155e-01   6.389510559361e-06
  -1.043474344421e-01  -5.723801668387e-05
  -9.769437891802e-02  -1.182889505796e-04
  -8.603137047217e-02  -1.740008713419e-04
  -7.083597171002e-02  -2.218097328680e-04
  -5.267680234382e-02  -2.595684466267e-04
  -3.153414354784e-02  -2.855651597949e-04
  -9.216102896176e-03  -2.985726371826e-04
   1.315305083331e-02  -2.980158906676e-04
   3.550001198950e-02  -2.839385057354e-04
   5.610785594120e-02  -2.569456614907e-04
   7.370200038649e-02  -2.182839511721e-04
   8.847888506911e-02  -1.697422513988e-04
   9.924581772513e-02  -1.134918107635e-04
   1.049708044118e-01  -5.209064553587e-05
   1.063917960461e-01   1.164741014107e-05
   1.031152472957e-01   7.486986817877e-05
   9.457709531834e-02   1.347159977479e-04
   8.212189108554e-02   1.884354047055e-04
   6.617770982568e-02   2.336147679310e-04
   4.662844014920e-02   2.682044954622e-04
   2.524788947502e-02   2.905849607549e-04
   3.055610370706e-03   2.997542287657e-04
  -1.986850449935e-02   2.953074538427e-04
  -4.169547895374e-02   2.774084352305e-04
  -6.120835043663e-02   2.468945711887e-04
  -7.850626299369e-02   2.051831989520e-04
  -9.214570424913e-02   1.541384617695e-04
  -1.011098134338e-01   9.609469241332e-05
  -1.060014207016e-01   3.371504444271e-05
  -1.061020397094e-01  -3.020880051323e-05
  -1.008381749361e-01  -9.277606480924e-05
  -9.144216196305e-02  -1.511174462840e-04
  -7.803887098349e-02  -2.026159450353e-04
  -6.050719406049e-02  -2.449311883565e-04
  -4.057532973767e-02  -2.760953643027e-04
  -1.907178761079e-02  -2.947090223755e-04
   3.889082366910e-03  -2.999306378346e-04
   2.644181824949e-02  -2.914814775893e-04
   4.740239548781e-02  -2.697680777523e-04
   6.677373711006e-02  -2.358050815870e-04
   8.300849462514e-02  -1.911067770441e-04
   9.498613387754e-02  -1.377235033985e-04
   1.031617369683e-01  -7.811157556899e-05
   1.066786663938e-01  -1.494191448309e-05
   1.047981875067e-01   4.891654954273e-05
   9.859883358242e-02   1.105347970234e-04
   8.806641461374e-02   1.671478742450e-04
   7.294259509224e-02   2.161844470324e-04
   5.486316451408e-02   2.553715218002e-04
   3.454261186059e-02   2.829448235807e-04
   1.205135640618e-02   2.976508105361e-04
  -1.071386163736e-02   2.987748827587e-04
  -3.264201738715e-02   2.862874334250e-04
  -5.367219570803e-02   2.607783740553e-04
  -7.208043378748e-02   2.233775062888e-04
  -8.677651668471e-02   1.758123787519e-04
  -9.808173627785e-02   1.202764098340e-04
  -1.048547765777e-01   5.925935192660e-05
  -1.063564845763e-01  -4.456437511873e-06
  -1.035244805437e-01  -6.795008579578e-05
  -9.603448826032e-02  -1.283745667615e-04
  -8.361916440936e-02  -1.829810402307e-04
  -6.782203052675e-02  -2.292486251388e-04
  -4.911824825909e-02  -2.650953012714e-04
  -2.759184336461e-02  -2.888856014386e-04
  -5.126767008734e-03  -2.994903009949e-04
   1.726356313192e-02  -2.964463056328e-04
   3.945245515416e-02  -2.799074336336e-04
   5.965030042831e-02  -2.505939456860e-04
   7.671143522265e-02  -2.098665092870e-04
   9.083251966895e-02  -1.596100390417e-04
   1.007556486207e-01  -1.020793271139e-04
   1.055866401661e-01  -3.990241133006e-05
   1.061075231402e-01   2.406574819531e-05
   1.018620492413e-01   8.695457748874e-05
   9.241654032709e-02   1.459041852510e-04
   7.918492752648e-02   1.981968765627e-04
   6.252443575192e-02   2.414776451227e-04
   4.242318339658e-02   2.737716753404e-04
   2.072847953918e-02   2.935597814596e-04
  -1.630265132755e-03   2.999584637299e-04
  -2.451080403602e-02   2.926850684714e-04
  -4.602300985517e-02   2.720345452851e-04
  -6.506397116261e-02   2.389765712117e-04
  -8.171863045798e-02   1.950457772905e-04
  -9.449975304584e-02   1.422128681072e-04
  -1.025213259175e-01   8.290373518676e-05
  -1.064139070180e-01   1.984400902372e-05
  -1.054257045641e-01  -4.413586876689e-05
  -9.911344814855e-02  -1.061194468737e-04
  -8.876330033035e-02  -1.632559399145e-04
  -7.446311447134e-02  -2.129748156913e-04
  -5.619939056122e-02  -2.530045845325e-04
  -3.576014233893e-02  -2.814759426485e-04
  -1.391812369901e-02  -2.971097171114e-04
   9.147014842828e-03  -2.991953268294e-04
   3.152173202725e-02  -2.875981698061e-04
   5.210531971729e-02  -2.628733005902e-04
   7.088709049208e-02  -2.261740283430e-04
   8.629102915070e-02  -1.791442727547e-04
   9.730406757881e-02  -1.239492115159e-04
   1.044136384903e-01  -6.313241490435e-05
   1.067484917713e-01   5.731581038754e-07
   1.036862006964e-01   6.426235372116e-05
   9.636546724054e-02   1.250055199963e-04
   8.475698431778e-02   1.800685319345e-04
   6.870588875027e-02   2.269380946520e-04
   4.991209879673e-02   2.634326415249e-04
   2.905708406099e-02   2.879060818588e-04
   6.280500116363e-03   2.992400873459e-04
  -1.647463506372e-02   2.968736456801e-04
  -3.816067457484e-02   2.809397813842e-04
  -5.869470267841e-02   2.521865717228e-04
  -7.633526419835e-02   2.118964749927e-04
  -9.008549031810e-02   1.619361375320e-04
  -1.002898986840e-01   1.046123322030e-04
  -1.058139695507e-01   4.250312207648e-05
  -1.060271437882e-01  -2.154922616349e-05
  -1.019193882917e-01  -8.460072289085e-05
  -9.318122527495e-02  -1.438149220999e-04
  -7.964595664504e-02  -1.964859295813e-04
  -6.291482841344e-02  -2.401725489463e-04
  -4.346488194643e-02  -2.729034370840e-04
  -2.144893169739e-02  -2.931781211519e-04
   1.209510923443e-03  -3.000257500690e-04
   2.352564818010e-02  -2.931558043728e-04
   4.535177666362e-02  -2.728974805183e-04
   6.489076505844e-02  -2.401447749177e-04
   8.106143485397e-02  -1.964212765453e-04
   9.408731802692e-02  -1.437529013817e-04
   1.027325502566e-01  -8.451062423351e-05
   1.061926137581e-01  -2.140909489540e-05
   1.053082392285e-01   4.264698919710e-05
   9.965817531787e-02   1.047737488454e-04
   8.890137359159e-02   1.621343439006e-04
   7.451677870894e-02   2.120738613753e-04
   5.688650225996e-02   2.523359674464e-04
   3.606834447059e-02   2.810752050734e-04
   1.395422530059e-02   2.969306520866e-04
  -8.532472394034e-03   2.991975298584e-04
  -3.122318267583e-02   2.877818782660e-04
  -5.222172772418e-02   2.631711279543e-04
  -7.047079389361e-02   2.265208249794e-04
  -8.607737074462e-02   1.795338488852e-04
  -9.758787291059e-02   1.243262158194e-04
  -1.041924029802e-01   6.343926416150e-05
  -1.065783256371e-01  -3.224758264232e-07
  -1.040515895291e-01  -6.408772991781e-05
  -9.625305168630e-02  -1.249394092733e-04
  -8.453429890913e-02  -1.800682074015e-04
  -6.904005779138e-02  -2.269850533659e-04
  -4.982197530878e-02  -2.635373061221e-04
  -2.871271699968e-02  -2.880082812004e-04
  -6.515454215382e-03  -2.992980650420e-04
   1.656614912808e-02  -2.968938530399e-04
   3.861656343196e-02  -2.808682202676e-04
   5.854693307559e-02  -2.519821126163e-04
   7.637111583266e-02  -2.115835722181e-04
   9.055774521034e-02  -1.614908795205e-04
   1.001454367500e-01  -1.040147939306e-04
   1.056829566922e-01  -4.180977522252e-05
   1.063747041207e-01   2.231976800956e-05
   1.016701835513e-01   8.544023913118e-05
   9.278049326822e-02   1.446375225720e-04
   7.975565382822e-02   1.972371522347e-04
   6.250453109761e-02   2.408285812522e-04
   4.277987739055e-02   2.733718336625e-04
   2.131740011099e-02   2.933957115730e-04
  -1.714945843199e-03   2.999832943721e-04
  -2.436640513701e-02   2.927911914248e-04
  -4.557925561621e-02   2.721754819789e-04
  -6.529163691976e-02   2.391029384101e-04
  -8.180871158327e-02   1.950585745238e-04
  -9.416746256915e-02   1.420854253456e-04
  -1.027750919346e-01   8.263438985069e-05
  -1.065864095299e-01   1.938789609959e-05
  -1.050295207948e-01  -4.475246107821e-05
  -9.917251211705e-02  -1.068285207605e-04
  -8.881133512729e-02  -1.640373223908e-04
  -7.383420435948e-02  -2.137550258344e-04
  -5.590164589252e-02  -2.536653711446e-04
  -3.558025088904e-02  -2.819615414646e-04
  -1.304650279683e-02  -2.973427716066e-04
   9.766060453380e-03  -2.990605600030e-04
   3.182536563369e-02  -2.870594867436e-04
   5.300674756644e-02  -2.619082785479e-04
   7.156564236661e-02  -2.247293925745e-04
   8.642459177509e-02  -1.772525919692e-04
   9.787177551753e-02  -1.216821473014e-04
   1.047756656701e-01  -6.052829530511e-05
   1.063732078523e-01   3.401201000306e-06
   1.035875253250e-01   6.715401765192e-05
   9.612429254118e-02   1.278492380513e-04
   8.369332747382e-02   1.827062200605e-04
   6.784053104197e-02   2.291731809917e-04
   4.906191841392e-02   2.651425501229e-04
   2.744313063865e-02   2.889606502422e-04
   4.895520545788e-03   2.994882268844e-04
  -1.758636038453e-02   2.962630771554e-04
  -3.985249731342e-02   2.794469990004e-04
  -6.005348645480e-02   2.497787590729e-04
  -7.711476739737e-02   2.086486595874e-04
  -9.120960828590e-02   1.579715793492e-04
  -1.009930288446e-01   1.000382779049e-04
  -1.056794960415e-01   3.751905871198e-05
  -1.060474706104e-01  -2.669766013585e-05
  -1.015480014154e-01  -8.970985527138e-05
  -9.185992799365e-02  -1.486268195527e-04
  -7.841348182471e-02  -2.007154236542e-04
  -6.149870630548e-02  -2.436141347487e-04
  -4.118733516426e-02  -2.753486440530e-04
  -1.933997778551e-02  -2.944166739232e-04
   3.130503290057e-03  -2.999619042596e-04
   2.604154872964e-02  -2.917384824874e-04
   4.752468685091e-02  -2.700886031985e-04
   6.643846975309e-02  -2.360329612280e-04
   8.286263923150e-02  -1.911639660316e-04
   9.538578168227e-02  -1.375103191462e-04
   1.030478601102e-01  -7.754868859678e-05
   1.064889867191e-01  -1.405614746474e-05
   1.050787948939e-01   5.009468329112e-05
   9.829714049129e-02   1.119624811747e-04
   8.743798600965e-02   1.686778858165e-04
   7.272123797237e-02   2.176673294644e-04
   5.407977750361e-02   2.566789245457e-04
   3.330351578637e-02   2.838741452072e-04
   1.126311193167e-02   2.980207037882e-04
  -1.188774720909e-02   2.984736467536e-04
  -3.423491807123e-02   2.851726530735e-04
  -5.464474101428e-02   2.587553142215e-04
  -7.312046916964e-02   2.204623636401e-04
  -8.808320213023e-02   1.720234796487e-04
  -9.855108211188e-02   1.156851874190e-04
  -1.050315246657e-01   5.406116879517e-05
  -1.066539465984e-01  -1.005869956733e-05
  -1.028602754087e-01  -7.372784097718e-05
  -9.481649105516e-02  -1.339970893613e-04
  -8.251371543701e-02  -1.881334019842e-04
  -6.585284000257e-02  -2.336468918714e-04
  -4.654549198737e-02  -2.684031914105e-04
  -2.533060384322e-02  -2.908230137176e-04
  -2.366055920682e-03  -2.998764918885e-04
   2.044564361876e-02  -2.951052033368e-04
   4.195718970020e-02  -2.767511630816e-04
   6.210717842042e-02  -2.456830152786e-04
   7.927389604718e-02  -2.032999825966e-04
   9.233183890682e-02  -1.515716402485e-04
   1.016652868436e-01  -9.290591393053e-05
   1.063354784641e-01  -2.996236349166e-05
   1.055808120444e-01   3.436600686285e-05
   1.004210743468e-01   9.709660568708e-05
   9.078161944707e-02   1.553823371740e-04
   7.638778600058e-02   2.065461569376e-04
   5.884211080160e-02   2.481933419610e-04
   3.883922491522e-02   2.784262810964e-04
   1.645571050556e-02   2.958541724891e-04
  -6.416756109810e-03   2.996289551214e-04
  -2.864318785490e-02   2.895967703514e-04
  -5.013166605607e-02   2.662403540748e-04
  -6.914569234290e-02   2.306038248047e-04
  -8.453992687605e-02   1.843524169880e-04
  -9.658987569783e-02   1.296451542329e-04
  -1.041442236572e-01   6.896409985546e-05
  -1.063991730192e-01   5.107183259803e-06
  -1.042457415714e-01  -5.896435079999e-05
  -9.737242020343e-02  -1.203432417543e-04
  -8.545851605877e-02  -1.762078208733e-04
  -7.000882933720e-02  -2.239511702244e-04
  -5.154594821084e-02  -2.613981791369e-04
  -3.012535464187e-02  -2.868232108207e-04
  -7.599067040443e-03  -2.990088437782e-04
   1.493824615648e-02  -2.974107700591e-04
   3.736013759400e-02  -2.821195022579e-04
   5.791296323916e-02  -2.538065444285e-04
   7.534940935081e-02  -2.137987760378e-04
   8.984345978854e-02  -1.639717421920e-04
   1.001927475765e-01  -1.065883012410e-04
   1.054008943371e-01  -4.429636122183e-05
   1.062128822312e-01   2.000938366754e-05
   1.022597722240e-01   8.340749970035e-05
   9.302246510377e-02   1.429864408558e-04
   7.986862281882e-02   1.959677827393e-04
   6.327765156759e-02   2.399346651287e-04
   4.317801684534e-02   2.728627252464e-04
   2.135951302237e-02   2.931858718534e-04
  -1.098804720626e-03   2.999812649179e-04
  -2.408866065491e-02   2.929491146081e-04
  -4.579807149201e-02   2.723770951070e-04
  -6.496271608378e-02   2.392370021103e-04
  -8.168090367773e-02   1.950891312564e-04
  -9.457662103850e-02   1.419383678883e-04
  -1.026092067027e-01   8.224685654075e-05
  -1.064048841479e-01   1.879265785329e-05
  -1.053642868467e-01  -4.554049595887e-05
  -9.891174600697e-02  -1.077932947100e-04
  -8.830684722467e-02  -1.650671217385e-04
  -7.382884193035e-02  -2.147512905011e-04
  -5.536338136884e-02  -2.545567594622e-04
  -3.463760273255e-02  -2.826016104983e-04
  -1.264013711393e-02  -2.976059144487e-04
   1.051590910887e-02  -2.988870538464e-04
   3.302700013256e-02  -2.863465575510e-04
   5.357521403229e-02  -2.605824256262e-04
   7.218343584498e-02  -2.228154310694e-04
   8.744462992417e-02  -1.747595742874e-04
   9.815019362761e-02  -1.186433847805e-04
   1.047889524766e-01  -5.708648633776e-05
   1.067160908390e-01   7.109178728562e-06
   1.031495235615e-01   7.099191437822e-05
   9.519358256370e-02   1.315859426687e-04
   8.308889209929e-02   1.861263276091e-04
   6.655879953784e-02   2.321038263356e-04
   4.722361251469e-02   2.673506414053e-04
   2.605505314784e-02   2.902516470253e-04
   3.101516832874e-03   2.997578087685e-04
  -1.983250198195e-02   2.953866308827e-04
  -4.141516300589e-02   2.773569334871e-04
  -6.163230128555e-02   2.465313540294e-04
  -7.895116499162e-02   2.043045670070e-04
  -9.211862896746e-02   1.526431220725e-04
  -1.015238363337e-01   9.396530484242e-05
  -1.063116755238e-01   3.094393304549e-05
  -1.056359688612e-01  -3.351623408100e-05
  -1.004916799339e-01  -9.641298160978e-05
  -9.090474337094e-02  -1.548779364757e-04
  -7.653762759599e-02  -2.062197026625e-04
  -5.893154832784e-02  -2.480257661826e-04
  -3.892536945970e-02  -2.783798443043e-04
  -1.654430006138e-02  -2.958857552636e-04
   6.438962478894e-03  -2.996892301063e-04
   2.868963552979e-02  -2.896274773706e-04
   5.014701880930e-02  -2.661927698431e-04
   6.926883886189e-02  -2.304388601878e-04
   8.466957254866e-02  -1.840326717402e-04
   9.661663854811e-02  -1.291550379263e-04
   1.042244225663e-01  -6.830980120801e-05
   1.064468396740e-01  -4.301654717750e-06
   1.041147182046e-01   5.988389048399e-05
   9.722313009162e-02   1.213157518435e-04
   8.524974270458e-02   1.771696713963e-04
   6.959212842514e-02   2.248245705141e-04
   5.107335915260e-02   2.620919841849e-04
   2.961386325468e-02   2.872569612461e-04
   6.931510710320e-03   2.991075960004e-04
  -1.562777317274e-02   2.971049801196e-04
  -3.800623464772e-02   2.813662645143e-04
  -5.859040992247e-02   2.525875184552e-04
  -7.595163864012e-02   2.121163688352e-04
  -9.028322243716e-02   1.618625901231e-04
  -1.005218162343e-01   1.041203366877e-04
  -1.055524694503e-01   4.155938079946e-05
  -1.061033621986e-01  -2.289874714794e-05
  -1.019543970890e-01  -8.631064059064e-05
  -9.250782037285e-02  -1.457579791752e-04
  -7.907278175006e-02  -1.984563588662e-04
  -6.230758071939e-02  -2.419876825841e-04
  -4.208396444361e-02  -2.743461869039e-04
  -2.006867363000e-02  -2.939867825807e-04
   2.438069938905e-03  -3.000074840147e-04
   2.536215117607e-02  -2.921505937025e-04
   4.710187836219e-02  -2.707457316510e-04
   6.613913723129e-02  -2.367963802005e-04
   8.256690478394e-02  -1.919131149307e-04
   9.530826205974e-02  -1.381471168805e-04
   1.030679556750e-01  -7.798512423452e-05
   1.064096375915e-01  -1.424335470178e-05
   1.050927276152e-01   5.016220439319e-05
   9.832598767183e-02   1.122702194748e-04
   8.724642968147e-02   1.691726752093e-04
   7.250003078147e-02   2.182550116529e-04
   5.382352616696e-02   2.572578176807e-04
   3.277682234473e-02   2.843267803249e-04
   1.066919970713e-02   2.982116535723e-04
  -1.246534332099e-02   2.982883854169e-04
  -3.501242976064e-02   2.845155497971e-04
  -5.541368309157e-02   2.575422810321e-04
  -7.371680566736e-02   2.186572693319e-04
  -8.871045636043e-02   1.696364510839e-04
  -9.902851579620e-02   1.127544551224e-04
  -1.051448887402e-01   5.068056180288e-05
  -1.066171657576e-01  -1.374409955481e-05
  -1.025676116200e-01  -7.755239182200e-05
  -9.404213785828e-02  -1.377583912082e-04
  -8.150240471374e-02  -1.915981929179e-04
  -6.461404055786e-02  -2.365919617811e-04
  -4.487154227600e-02  -2.706093425239e-04
  -2.349565968765e-02  -2.920779785749e-04
  -5.066211132776e-04  -3.000192653041e-04
   2.251243806672e-02  -2.940248595563e-04
   4.396011733139e-02  -2.743790398253e-04
   6.380966324198e-02  -2.420303570318e-04
   8.085388018209e-02  -1.984549260256e-04
   9.357671923598e-02  -1.456749012210e-04
   1.022949532459e-01  -8.617501906384e-05
   1.065578438867e-01  -2.268462825709e-05
   1.052991252202e-01   4.187351990065e-05
   9.937265887950e-02   1.044767645626e-04
   8.923309805901e-02   1.622467767051e-04
   7.439285162207e-02   2.125260208855e-04
   5.619318767253e-02   2.529393531672e-04
   3.586254348357e-02   2.816141830758e-04
   1.335045574232e-02   2.972373055128e-04
  -9.806989026941e-03   2.990405069913e-04
  -3.197248458274e-02   2.869424466279e-04
  -5.310257258151e-02   2.615406351866e-04
  -7.190751963050e-02   2.239890153939e-04
  -8.680147951859e-02   1.760350544084e-04
  -9.802813291216e-02   1.199447405813e-04
  -1.049612000717e-01   5.829316222981e-05
  -1.064405265229e-01  -6.075347471266e-06
  -1.032315670478e-01  -7.014478359936e-05
  -9.559838746381e-02  -1.309707526352e-04
  -8.296338262862e-02  -1.857534504404e-04
  -6.659331809859e-02  -2.319110694003e-04
  -4.759412622545e-02  -2.673067307425e-04
  -2.587265728777e-02  -2.903138312518e-04
  -2.917335385578e-03  -2.998198680724e-04
   1.963744751272e-02  -2.953818328443e-04
   4.170283244127e-02  -2.772389203630e-04
   6.201050353336e-02  -2.462085926076e-04
   7.886279576316e-02  -2.037334985464e-04
   9.236075393076e-02  -1.518290064315e-04
   1.018827413484e-01  -9.288359001232e-05
   1.060974500887e-01  -2.961623143921e-05
   1.055671091987e-01   3.500461270711e-05
   1.005551251513e-01   9.800327293999e-05
   9.032543331609e-02   1.564830686504e-04
   7.595232392467e-02   2.076916807229e-04
   5.854836610169e-02   2.492544409009e-04
   3.792866890671e-02   2.792601771158e-04
   1.547644376471e-02   2.962693889771e-04
  -7.144042004593e-03   2.994851879387e-04
  -2.985201717037e-02   2.887892070998e-04
  -5.135440583972e-02   2.646509086196e-04
  -6.988840013525e-02   2.281935522112e-04
  -8.549957559739e-02   1.811564726133e-04
  -9.742845546169e-02   1.257057435484e-04
  -1.042467257083e-01   6.440526775239e-05
  -1.064344014448e-01   1.369014174869e-07
  -1.040713248139e-01  -6.413939370418e-05
  -9.631659905530e-02  -1.254653564066e-04
  -8.416538492023e-02  -1.809577880645e-04
  -6.858471028693e-02  -2.280463950262e-04
  -4.932038448638e-02  -2.645633180559e-04
  -2.769516361194e-02  -2.887664887590e-04
  -5.328624369341e-03  -2.995222210091e-04
   1.768394337108e-02  -2.963582845507e-04
   4.008663531649e-02  -2.793926769284e-04
   6.004717986421e-02  -2.494112094954e-04
   7.748932505775e-02  -2.078529809129e-04
   9.167108979844e-02  -1.566355508634e-04
   1.010207230020e-01  -9.812638845866e-05
   1.058126683780e-01  -3.508178222229e-05
   1.061325652230e-01   2.958721264786e-05
   1.009885472363e-01   9.290635632451e-05
   9.115251969417e-02   1.519005941785e-04
   7.759668836465e-02   2.038329622646e-04
   5.996540846808e-02   2.463137584670e-04
   3.942239149828e-02   2.773239459605e-04
   1.760894765898e-02   2.954078190520e-04
  -5.405701882940e-03   2.997505338095e-04
  -2.840139321717e-02   2.901180795327e-04
  -4.948962632239e-02   2.669521959054e-04
  -6.855441918628e-02   2.313759655308e-04
  -8.476279792778e-02   1.850308468161e-04
  -9.644809972344e-02   1.300633473774e-04
  -1.038100649013e-01   6.907096223137e-05
  -1.067702348278e-01   4.872292461455e-06
  -1.042220444558e-01  -5.957598367820e-05
  -9.685673751429e-02  -1.212453671276e-04
  -8.548992764533e-02  -1.772773008253e-04
  -6.967348150030e-02  -2.250920813940e-04
  -5.050132597181e-02  -2.624238156519e-04
  -2.953548294192e-02  -2.875225323483e-04
  -6.828452880798e-03  -2.992443706478e-04
   1.645031697465e-02  -2.970100890161e-04
   3.838581711013e-02  -2.809121681750e-04
   5.876635053548e-02  -2.517426725237e-04
   7.678838845242e-02  -2.108484921583e-04
   9.067711358383e-02  -1.601215967875e-04
   1.004331522619e-01  -1.019653885867e-04
   1.059895725810e-01  -3.907565192136e-05
   1.061077708671e-01   2.565218225395e-05
   1.012345694072e-01   8.917638331018e-05
   9.218801846538e-02   1.485465408625e-04
   7.842071680273e-02   2.010310883807e-04
   6.082069481480e-02   2.441490936809e-04
   4.096080910496e-02   2.758762253859e-04
   1.885848832022e-02   2.947593728653e-04
  -4.412230969430e-03   2.998838331123e-04
  -2.689404161698e-02   2.909938713065e-04
  -4.834680953259e-02   2.685445193837e-04
  -6.792896222718e-02   2.335698545632e-04
  -8.377924173964e-02   1.876887202518e-04
  -9.583021271265e-02   1.330840998285e-04
  -1.038810048942e-01   7.229055689614e-05
  -1.065746108532e-01   8.111588471328e-06
  -1.042770488884e-01  -5.643307698138e-05
  -9.765068119165e-02  -1.183463940782e-04
  -8.603713115601e-02  -1.747784345943e-04
  -7.024796207287e-02  -2.230659054403e-04
  -5.175140520482e-02  -2.609454650766e-04
  -3.051817807552e-02  -2.866764016046e-04
  -7.560435179135e-03  -2.990239044215e-04
   1.517812998603e-02  -2.973912734679e-04
   3.739176276997e-02  -2.818915189570e-04
   5.827887743849e-02  -2.532359412805e-04
   7.590968045123e-02  -2.127462932911e-04
   9.003259660420e-02  -1.623553441191e-04
   1.004627005307e-01  -1.044100891655e-04
   1.057391492180e-01  -4.158225638696e-05
   1.059729386640e-01   2.317030886737e-05
   1.018240703898e-01   8.683325878402e-05
   9.254831009249e-02   1.464773830401e-04
   7.871391225004e-02   1.992931019145e-04
   6.178557870724e-02   2.428013158012e-04
   4.169992880390e-02   2.749995727020e-04
   1.931862739526e-02   2.943517128186e-04
  -3.392011062991e-03   2.999279551635e-04
  -2.610275105968e-02   2.915023675884e-04
  -4.802924111690e-02   2.694551684441e-04
  -6.717128998607e-02   2.347988975312e-04
  -8.321316935912e-02   1.891973554881e-04
  -9.587418588548e-02   1.347781752470e-04
  -1.035790198486e-01   7.405430424562e-05
  -1.063574386226e-01   9.890953927078e-06
  -1.047254939028e-01  -5.472336648850e-05
  -9.781568969925e-02  -1.168135991925e-04
  -8.611456672206e-02  -1.734565020006e-04
  -7.096707895251e-02  -2.219969899113e-04
  -5.223615444218e-02  -2.601983865372e-04
  -3.071243242346e-02  -2.862447547875e-04
  -8.314157638683e-03  -2.988913287427e-04
   1.459621205894e-02  -2.975781958287e-04
   3.728330977182e-02  -2.823531133483e-04
   5.771897983591e-02  -2.539062020204e-04
   7.542614125059e-02  -2.136097439883e-04
   9.014293063986e-02  -1.633507842969e-04
   1.002248336513e-01  -1.054493001488e-04
   1.054471999124e-01  -4.263987768521e-05
   1.063164327189e-01   2.214286091932e-05
   1.019020272604e-01   8.591608628387e-05
   9.242141214236e-02   1.456814932989e-04
   7.919764435202e-02   1.986331780489e-04
   6.207018441159e-02   2.423297257373e-04
   4.163243670118e-02   2.747014421099e-04
   1.979930604617e-02   2.942021245854e-04
  -3.041018848188e-03   2.999486504114e-04
  -2.622368651178e-02   2.916578635176e-04
  -4.767473718257e-02   2.696920249038e-04
  -6.685290362087e-02   2.351209082275e-04
  -8.344315304370e-02   1.895669835658e-04
  -9.569955424254e-02   1.351346370820e-04
  -1.033142549605e-01   7.440237657184e-05
  -1.066700911685e-01   1.021164676449e-05
  -1.047088754067e-01  -5.447909357755e-05
  -9.756127888096e-02  -1.166271277114e-04
  -8.642543550051e-02  -1.733170326344e-04
  -7.104504362255e-02  -2.219339104587e-04
  -5.193462519197e-02  -2.601795353448e-04
  -3.093413395961e-02  -2.862327712639e-04
  -8.432291621337e-03  -2.989013178400e-04
   1.496273448752e-02  -2.975775737683e-04
   3.718736764326e-02  -2.822936948848e-04
   5.756834457170e-02  -2.538030156743e-04
   7.581100181747e-02  -2.134482361206e-04
   9.013806297935e-02  -1.630911703917e-04
   9.999922173593e-02  -1.051198314993e-04
   1.057579678963e-01  -4.225647837028e-05
   1.063227181590e-01   2.260026344593e-05
   1.015425653912e-01   8.640283009396e-05
   9.257127620971e-02   1.461523568333e-04
   7.914775123546e-02   1.990913660039e-04
   6.155432429366e-02   2.427245124399e-04
   4.159524119316e-02   2.749736763864e-04
   1.969401731194e-02   2.943539461694e-04
  -3.658407439447e-03   2.999438985072e-04
  -2.638627955988e-02   2.914466822920e-04
  -4.774792555420e-02   2.692956092420e-04
  -6.743821800414e-02   2.345382262967e-04
  -8.360184750285e-02   1.887762070128e-04
  -9.560126185281e-02   1.341873555002e-04
  -1.037022400694e-01   7.334074166109e-05
  -1.066905873267e-01   9.045220079438e-06
  -1.043229575963e-01  -5.567425403387e-05
  -9.763149312756e-02  -1.177757718026e-04
  -8.624411087211e-02  -1.743924419018e-04
  -7.035687458816e-02  -2.228583528298e-04
  -5.168052038991e-02  -2.608704523816e-04
  -3.060836974356e-02  -2.866728432802e-04
  -7.567747443285e-03  -2.990431982818e-04
   1.540951224067e-02  -2.973635511916e-04
   3.748384518995e-02  -2.817426385413e-04
   5.837124944563e-02  -2.529242345239e-04
   7.622283411056e-02  -2.122312361749e-04
   9.018139955993e-02  -1.616021481904e-04
   1.004819412291e-01  -1.034296488988e-04
   1.059099812741e-01  -4.040132690356e-05
   1.059425512475e-01   2.451948408754e-05
   1.015414248469e-01   8.827415815131e-05
   9.235370394004e-02   1.479169261619e-04
   7.832297893233e-02   2.006462825654e-04
   6.108604724274e-02   2.439554786696e-04
   4.108517468569e-02   2.758379323701e-04
   1.859471930264e-02   2.947887613258e-04
  -4.383668271275e-03   2.998760608714e-04
  -2.693452152999e-02   2.908869211985e-04
  -4.880145428822e-02   2.682548115457e-04
  -6.809173317859e-02   2.330119017495e-04
  -8.385527956639e-02   1.868435362980e-04
  -9.625676621125e-02   1.319384190154e-04
  -1.039749096171e-01   7.083592854535e-05
  -1.063879080211e-01   6.414172596412e-06
  -1.043451433229e-01  -5.828907421974e-05
  -9.737613440666e-02  -1.202827733534e-04
  -8.533075915482e-02  -1.766559055188e-04
  -6.974157713834e-02  -2.247327571662e-04
  -5.099421363073e-02  -2.622834943965e-04
  -2.929264655653e-02  -2.875382970034e-04
  -6.567554930131e-03  -2.992676281772e-04
   1.620423452102e-02  -2.969417729706e-04
   3.878825183190e-02  -2.806819227733e-04
   5.933287182056e-02  -2.512197261057e-04
   7.670070378196e-02  -2.099652269865e-04
   9.101367651556e-02  -1.588835605150e-04
   1.009833463736e-01  -1.003394871967e-04
   1.057248853344e-01  -3.708900316994e-05
   1.059891483475e-01   2.787704714696e-05
   1.013506374119e-01   9.155118921947e-05
   9.140311658199e-02   1.509496995978e-04
   7.756255071816e-02   2.032515732937e-04
   6.027983391146e-02   2.460258478397e-04
   3.958495937601e-02   2.772621132322e-04
   1.732867423362e-02   2.954457915551e-04
  -5.427678149708e-03   2.997385041982e-04
  -2.850604669344e-02   2.899510899066e-04
  -5.005534177579e-02   2.665087338694e-04
  -6.883968555147e-02   2.305379710115e-04
  -8.493525678317e-02   1.837599828585e-04
  -9.697376728660e-02   1.283417414175e-04
  -1.039653981557e-01   6.689763487644e-05
  -1.065604564095e-01   2.338302268983e-06
  -1.042191631613e-01  -6.234521179540e-05
  -9.643421099186e-02  -1.241209131470e-04
  -8.451279838477e-02  -1.800573541706e-04
  -6.882912800620e-02  -2.275538408731e-04
  -4.933583414109e-02  -2.643799313904e-04
  -2.779268164155e-02  -2.887583977509e-04
  -5.286044672173e-03  -2.995557199295e-04
   1.802963395897e-02  -2.962766570066e-04
   4.037366559592e-02  -2.790387061362e-04
   6.036260046009e-02  -2.486709533112e-04
   7.801898880808e-02  -2.066354213109e-04
   9.203720571606e-02  -1.548808038799e-04
   1.011948038471e-01  -9.584676181939e-05
   1.060154037553e-01  -3.233842008510e-05
   1.060280066483e-01   3.269580008517e-05
   1.004829668672e-01   9.621265675672e-05
   9.052626174015e-02   1.551957725722e-04
   7.661211662163e-02   2.068971367220e-04
   5.851547579703e-02   2.488947271897e-04
   3.786160917073e-02   2.791659370558e-04
   1.582794190511e-02   2.962939802909e-04
  -7.503076385137e-03   2.994869029072e-04
  -3.040382465136e-02   2.885547309970e-04
  -5.138947210750e-02   2.640260526389e-04
  -7.045436351810e-02   2.270908663969e-04
  -8.625030131046e-02   1.794609763448e-04
  -9.744597463482e-02   1.233859308787e-04
  -1.044752509298e-01   6.153740074152e-05
  -1.067664325269e-01  -3.209910792850e-06
  -1.034625849998e-01  -6.782369214244e-05
  -9.560012091680e-02  -1.292355253523e-04
  -8.354448569606e-02  -1.845836998955e-04
  -6.698622054042e-02  -2.312766256865e-04
  -4.744607823230e-02  -2.670722271068e-04
  -2.609300040905e-02  -2.902913443619e-04
  -2.982581943592e-03  -2.998550678086e-04
   2.025047432066e-02  -2.952722666417e-04
   4.201811557093e-02  -2.767659457253e-04
   6.225296572134e-02  -2.452439264656e-04
   7.969329039219e-02  -2.021669990160e-04
   9.281736349563e-02  -1.495668407143e-04
   1.019069543057e-01  -8.995780624701e-05
   1.064773225637e-01  -2.611794645898e-05
   1.054597038210e-01   3.896703615584e-05
   9.968612321975e-02   1.022035654637e-04
   8.961119896973e-02   1.606378955387e-04
   7.476236693776e-02   2.115395299778e-04
   5.647034614446e-02   2.524681627434e-04
   3.599573609791e-02   2.814964706097e-04
   1.332238752628e-02   2.972738793274e-04
  -1.002514742589e-02   2.990143609024e-04
  -3.236072891818e-02   2.866367387475e-04
  -5.359588461032e-02   2.607610915175e-04
  -7.247144128471e-02   2.225838641623e-04
  -8.735819940218e-02   1.739074483649e-04
  -9.845451718825e-02   1.170669089296e-04
  -1.051978907771e-01   5.471529963583e-05
  -1.064092223010e-01  -1.022800841625e-05
  -1.028110830515e-01  -7.467369091470e-05
  -9.476581981339e-02  -1.356102150173e-04
  -8.171025178178e-02  -1.901905799131e-04
  -6.486204916124e-02  -2.358032351958e-04
  -4.544483823898e-02  -2.702992373694e-04
  -2.341063887402e-02  -2.920706465859e-04
  -1.756572267385e-04  -3.000487679611e-04
   2.251653455474e-02  -2.938519400535e-04
   4.451195294608e-02  -2.738078572571e-04
   6.465386803288e-02  -2.408408480142e-04
   8.117362697518e-02  -1.965029772424e-04
   9.409782380287e-02  -1.429284757003e-04
   1.029605727743e-01  -8.262609011984e-05
   1.064159218751e-01  -1.841601763628e-05
   1.049445061893e-01   4.664441001710e-05
   9.899772950118e-02   1.095062274059e-04
   8.788120741942e-02   1.672370294648e-04
   7.257099850457e-02   2.170785569836e-04
   5.437320621164e-02   2.566756921962e-04
   3.318482136068e-02   2.841825249374e-04
   1.025535733412e-02   2.982596199336e-04
  -1.258672812060e-02   2.982298867629e-04
  -3.516114213973e-02   2.841295951981e-04
  -5.636253720437e-02   2.566034480205e-04
  -7.432491104444e-02   2.169455302365e-04
  -8.899088099666e-02   1.670734350330e-04
  -9.984656924460e-02   1.093269662870e-04
  -1.054386017363e-01   4.640986374326e-05
  -1.061366401907e-01  -1.867750149110e-05
  -1.023042831537e-01  -8.288217159765e-05
  -9.315282349593e-02  -1.432084920849e-04
  -7.953979650261e-02  -1.967775144617e-04
  -6.271226286389e-02  -2.410582088849e-04
  -4.252916349707e-02  -2.739845864861e-04
  -2.012266496461e-02  -2.939626783199e-04
   2.665442678393e-03  -3.000316298307e-04
   2.559085038350e-02  -2.919373624805e-04
   4.765815425555e-02  -2.700430531810e-04
   6.691771546567e-02  -2.353713844200e-04
   8.312926458188e-02  -1.896051017578e-04
   9.587496092445e-02  -1.348995382212e-04
   1.035902306314e-01  -7.381333530063e-05
   1.063752957517e-01  -9.262005441749e-06
   1.046708191530e-01   5.571637316008e-05
   9.760304785426e-02   1.180928646157e-04
   8.574590933547e-02   1.748949819761e-04
   7.040687732715e-02   2.234317934201e-04
   5.142132615804e-02   2.614388328233e-04
   2.970494456557e-02   2.870845773106e-04
   7.158081996660e-03   2.991323886127e-04
  -1.593136411983e-02   2.970440777016e-04
  -3.866617347915e-02   2.808998540558e-04
  -5.902149023325e-02   2.514468918326e-04
  -7.666477499128e-02   2.101232189464e-04
  -9.116265580154e-02   1.588796582925e-04
  -1.008550252851e-01   1.001148450145e-04
  -1.057264151496e-01   3.663935491869e-05
  -1.061400019889e-01  -2.855493252251e-05
  -1.011287436238e-01  -9.242738914275e-05
  -9.114380186658e-02  -1.519355711478e-04
  -7.741820623166e-02  -2.042606469147e-04
  -5.974298967307e-02  -2.469603202592e-04
  -3.891259184867e-02  -2.779837595302e-04
  -1.680091293068e-02  -2.958367206931e-04
   6.247133450808e-03  -2.997036459334e-04
   2.944378342730e-02  -2.893848844126e-04
   5.073691946313e-02  -2.653465662187e-04
   6.961066015990e-02  -2.287681749867e-04
   8.571659494741e-02  -1.813842620290e-04
   9.734471930601e-02  -1.254101361787e-04
   1.041967497322e-01  -6.352435080163e-05
   1.066880898775e-01   1.344876887504e-06
   1.038220464810e-01   6.617275118570e-05
   9.573940615136e-02   1.278758526892e-04
   8.369713470434e-02   1.835237926438e-04
   6.750471982069e-02   2.305184945924e-04
   4.770375943285e-02   2.666110193032e-04
   2.618541405839e-02   2.900598923998e-04
   3.364755701715e-03   2.997821589694e-04
  -2.010674370765e-02   2.953027933066e-04
  -4.213809989928e-02   2.768061561086e-04
  -6.210648705461e-02   2.452086016973e-04
  -7.967765446551e-02   2.020136664979e-04
  -9.306942080008e-02   1.492408167391e-04
  -1.018599245428e-01   8.942139014190e-05
  -1.063997610932e-01   2.539192010426e-05
  -1.056070036463e-01  -3.985948671825e-05
  -9.949560145599e-02  -1.032287333648e-04
  -8.923829062329e-02  -1.617057240821e-04
  -7.459550258275e-02  -2.125593083836e-04
  -5.598727165592e-02  -2.533610730970e-04
  -3.524457093022e-02  -2.821450921703e-04
  -1.282760427960e-02  -2.975731233486e-04
   1.071458030426e-02  -2.989018034811e-04
   3.331650263861e-02  -2.860356286488e-04
   5.418325525638e-02  -2.596193138198e-04
   7.304527634390e-02  -2.209172432431e-04
   8.813167707748e-02  -1.717357688546e-04
   9.874159026306e-02  -1.144339566992e-04
   1.052412171589e-01  -5.174043822238e-05
   1.065770731388e-01   1.341745645969e-05
   1.024460271008e-01   7.794479115707e-05
   9.399456763500e-02   1.387685484497e-04
   8.104778342773e-02   1.930455621394e-04
   6.375609467172e-02   2.381923297830e-04
   4.391181063921e-02   2.720309823412e-04
   2.207588097970e-02   2.929800891571e-04
  -1.361646215514e-03   3.000377927411e-04
  -2.434723037169e-02   2.928312976497e-04
  -4.596168594345e-02   2.717334131600e-04
  -6.597048243809e-02   2.377602972147e-04
  -8.256643737650e-02   1.924952224570e-04
  -9.491605654786e-02   1.381143001338e-04
  -1.033313185281e-01   7.721451890648e-05
  -1.066901890791e-01   1.264249668414e-05
  -1.045590418550e-01  -5.253274672600e-05
  -9.799374185335e-02  -1.152052727358e-04
  -8.676887069853e-02  -1.724440579599e-04
  -7.091541502753e-02  -2.215283692515e-04
  -5.213839474673e-02  -2.600936352445e-04
  -3.102844758746e-02  -2.863321891356e-04
  -7.884775715876e-03  -2.989935664504e-04
   1.531023855356e-02  -2.974359052325e-04
   3.748804455172e-02  -2.817575787819e-04
   5.845200082592e-02  -2.527218014952e-04
   7.646148505131e-02  -2.116777598729e-04
   9.042640405468e-02  -1.605969314707e-04
   1.006291070920e-01  -1.019295839533e-04
   1.060294779047e-01  -3.842159728980e-05
   1.058932831657e-01   2.691342909094e-05
   1.011895661725e-01   9.095414008310e-05
   9.180008952314e-02   1.507007250645e-04
   7.749361526253e-02   2.033215609833e-04
   5.986909329404e-02   2.462800002801e-04
   3.964525807432e-02   2.775549445062e-04
   1.696053974163e-02   2.956615389400e-04
  -6.277398823006e-03   2.996947337810e-04
  -2.886156859131e-02   2.894813978885e-04
  -5.063686301696e-02   2.655283273423e-04
  -6.987354875627e-02   2.289435119632e-04
  -8.534267792223e-02   1.814869918532e-04
  -9.727627345074e-02   1.254435478707e-04
  -1.045911029444e-01   6.343963814818e-05
  -1.064210074673e-01  -1.579982612609e-06
  -1.036384767177e-01  -6.650529026735e-05
  -9.607769263844e-02  -1.282926844855e-04
  -8.339224780095e-02  -1.840161359593e-04
  -6.707283723157e-02  -2.309925047948e-04
  -4.785055868379e-02  -2.670083038957e-04
  -2.578705613156e-02  -2.903561363660e-04
  -2.682714488142e-03  -2.998806748867e-04
   2.013872055205e-02  -2.951409932326e-04
   4.253032414182e-02  -2.763859870425e-04
   6.287316471004e-02  -2.444773650148e-04
   7.972204235494e-02  -2.009467131946e-04
   9.323050175867e-02  -1.478994564191e-04
   1.024389685683e-01  -8.782688433186e-05
   1.062209255714e-01  -2.357709480665e-05
   1.052969513400e-01   4.176967505660e-05
   9.963900788600e-02   1.051426233257e-04
   8.867189139363e-02   1.635482372292e-04
   7.370745158065e-02   2.141737462841e-04
   5.562080139639e-02   2.546257583272e-04
   3.433503723092e-02   2.829915994106e-04
   1.150664253160e-02   2.978749038185e-04
  -1.139833287387e-02   2.985720064589e-04
  -3.426290358769e-02   2.850754628977e-04
  -5.553343527942e-02   2.579968311685e-04
  -7.362789168987e-02   2.186355724113e-04
  -8.864306965953e-02   1.689042673845e-04
  -9.960842151158e-02   1.111421245975e-04
  -1.052695226549e-01   4.808997645268e-05
  -1.062420927307e-01  -1.722420328923e-05
  -1.024577187451e-01  -8.172753192428e-05
  -9.323315797605e-02  -1.423740434629e-04
  -7.975593850651e-02  -1.962453948892e-04
  -6.289586424225e-02  -2.407924395796e-04
  -4.251412043992e-02  -2.739104627501e-04
  -2.013448455511e-02  -2.939777569697e-04
   2.700125204233e-03  -3.000376302319e-04
   2.585227034479e-02  -2.918279555600e-04
   4.790861908500e-02  -2.697101324638e-04
   6.712632313584e-02  -2.347401438083e-04
   8.347743735143e-02  -1.886253777389e-04
   9.613923140494e-02  -1.335413103607e-04
   1.036585032222e-01  -7.209677546591e-05
   1.064373352337e-01  -7.248082619301e-06
   1.045565023027e-01   5.794391126120e-05
   9.716175536002e-02   1.204068562494e-04
   8.519231504316e-02   1.771360143341e-04
   6.965881645098e-02   2.254381461488e-04
   5.032955977516e-02   2.630352732721e-04
   2.851728030925e-02   2.880929567122e-04
   5.893715097542e-03   2.994078340347e-04
  -1.740332043370e-02   2.964686709392e-04
  -4.008047084586e-02   2.793864406231e-04
  -6.027410016228e-02   2.489724050027e-04
  -7.788133673132e-02   2.067203947178e-04
  -9.210283182699e-02   1.546276742141e-04
  -1.013708964678e-01   9.516265478282e-05
  -1.059703168012e-01   3.119233480800e-05
  -1.059512119610e-01  -3.425883204477e-05
  -1.003628912683e-01  -9.810598547045e-05
  -9.000773787840e-02  -1.572790977367e-04
  -7.587393696664e-02  -2.089668836844e-04
  -5.768257760490e-02  -2.507324931725e-04
  -3.659894670855e-02  -2.805453685930e-04
  -1.432768664696e-02  -2.969704199263e-04
   8.949077973556e-03  -2.992521316745e-04
   3.209120579418e-02  -2.872549294134e-04
   5.313998437187e-02  -2.615401747162e-04
   7.183061377151e-02  -2.233778771175e-04
   8.751456457040e-02  -1.745790164892e-04
   9.850272191157e-02  -1.174511476325e-04
   1.048167115342e-01  -5.475199421197e-05
   1.066431945312e-01   1.054242907649e-05
   1.029370060834e-01   7.535860745091e-05
   9.419628639178e-02   1.365825730947e-04
   8.152231216848e-02   1.912958831293e-04
