   0.000000000000e+00  -5.000000000000e-04
   1.688481543066e-01  -1.602311601527e-04
   1.052249686562e-01   3.998924260020e-04
  -1.038782352818e-01   4.089287113361e-04
  -1.691465970525e-01  -1.457256077455e-04
  -2.054692449044e-03  -4.999060710228e-04
   1.687108409526e-01  -1.647448486542e-04
   1.060570997906e-01   3.971153865328e-04
  -1.020003764566e-01   4.114950116831e-04
  -1.701968823645e-01  -1.414967967046e-04
  -3.004040900289e-03  -4.998173324310e-04
   1.676797748129e-01  -1.686611646692e-04
   1.076917697076e-01   3.946354046081e-04
  -1.012053981299e-01   4.137183516303e-04
  -1.703722056378e-01  -1.378272749636e-04
  -4.450924418303e-03  -4.997096324041e-04
   1.672997471881e-01  -1.720160953083e-04
   1.087811452474e-01   3.924797451735e-04
  -1.005118619236e-01   4.156143154458e-04
  -1.702868766742e-01  -1.347405076744e-04
  -6.030550626962e-03  -4.995665790598e-04
   1.674591463132e-01  -1.748513972407e-04
   1.090207187326e-01   3.907067650831e-04
  -9.911370870679e-02   4.171337945087e-04
  -1.710972105839e-01  -1.321770131570e-04
  -6.422220641868e-03  -4.994620354222e-04
   1.667050353305e-01  -1.771101891868e-04
   1.100188423088e-01   3.892683636403e-04
  -9.865411514095e-02   4.183286409550e-04
  -1.712634605338e-01  -1.301687471897e-04
  -7.060348498257e-03  -4.993835916461e-04
   1.663362064867e-01  -1.788078038544e-04
   1.107815472038e-01   3.881664655819e-04
  -9.861112476130e-02   4.192294636384e-04
  -1.708864428254e-01  -1.287552166560e-04
  -8.103627203716e-03  -4.992921054948e-04
   1.667591557282e-01  -1.799984903150e-04
   1.105124062673e-01   3.874647596156e-04
  -9.776534284828e-02   4.197777547460e-04
  -1.714389294688e-01  -1.278757552693e-04
  -7.979109993507e-03  -4.992516344098e-04
   1.663375544107e-01  -1.806297344852e-04
   1.108751001338e-01   3.871208750738e-04
  -9.765680649904e-02   4.200054215725e-04
  -1.716001144801e-01  -1.275434652512e-04
  -7.838010753197e-03  -4.992617478235e-04
   1.660324773653e-01  -1.806966231905e-04
   1.112813170137e-01   3.871140606815e-04
  -9.822212348124e-02   4.199538815208e-04
  -1.710012773565e-01  -1.278092033953e-04
  -8.294494332068e-03  -4.992661832285e-04
   1.666812975823e-01  -1.802599057300e-04
   1.105570030415e-01   3.875077944139e-04
  -9.796704866640e-02   4.195605270737e-04
  -1.712842995117e-01  -1.286160518264e-04
  -7.669822452289e-03  -4.993151874254e-04
   1.666052323737e-01  -1.792745750852e-04
   1.102948956825e-01   3.882677039359e-04
  -9.823084087342e-02   4.188368814276e-04
  -1.714140340691e-01  -1.299594820004e-04
  -6.786563070653e-03  -4.994184804218e-04
   1.664027353649e-01  -1.777179161372e-04
   1.103038751269e-01   3.893539523695e-04
  -9.935929154040e-02   4.178307819783e-04
  -1.706313752662e-01  -1.318970254390e-04
  -6.620825187664e-03  -4.995075685159e-04
   1.672388506400e-01  -1.756525224437e-04
   1.091468312656e-01   3.908255613940e-04
  -9.970257670489e-02   4.164790479700e-04
  -1.706339007855e-01  -1.343779454512e-04
  -5.493218180728e-03  -4.996171414658e-04
   1.674870299367e-01  -1.730421307419e-04
   1.082711205271e-01   3.926561950071e-04
  -1.003565099182e-01   4.147742402273e-04
  -1.706847617596e-01  -1.373822808243e-04
  -3.903545135545e-03  -4.997642461884e-04
   1.674045495112e-01  -1.698496132491e-04
   1.078374802083e-01   3.947904831601e-04
  -1.020037858759e-01   4.127668765627e-04
  -1.697231240200e-01  -1.409702420866e-04
  -3.095443897413e-03  -4.998717796774e-04
   1.683873539688e-01  -1.661364615464e-04
   1.062424696923e-01   3.972801778192e-04
  -1.029272529921e-01   4.103951131458e-04
  -1.694285188123e-01  -1.450976076808e-04
  -1.450908211482e-03  -4.999588624907e-04
   1.689112959550e-01  -1.618750945084e-04
   1.047585169256e-01   4.001055025623e-04
  -1.039786851455e-01   4.076350525442e-04
  -1.693379893091e-01  -1.497313536211e-04
   8.145802812459e-04  -5.000468386522e-04
   1.689409217958e-01  -1.570176140658e-04
   1.038354298154e-01   4.031984891212e-04
  -1.061007776727e-01   4.045372196781e-04
  -1.681710958631e-01  -1.549312783493e-04
   2.271220340295e-03  -5.000522827692e-04
   1.700242824264e-01  -1.516231414573e-04
   1.017749078587e-01   4.066020897033e-04
  -1.075644562350e-01   4.010417791241e-04
  -1.675522325956e-01  -1.606584365586e-04
   4.450843341895e-03  -4.999799302071e-04
   1.707532240009e-01  -1.456720044414e-04
   9.967904667184e-02   4.103007196367e-04
  -1.090053902675e-01   3.971114107411e-04
  -1.672458559346e-01  -1.668687907290e-04
   7.366411404835e-03  -4.998526705696e-04
   1.708604282052e-01  -1.391090615469e-04
   9.821969965970e-02   4.142159071721e-04
  -1.115553242562e-01   3.927951581256e-04
  -1.658200131970e-01  -1.736194780658e-04
   9.464995047073e-03  -4.995819120772e-04
   1.719885254920e-01  -1.319912690003e-04
   9.564981520959e-02   4.183812795436e-04
  -1.134997438804e-01   3.880350705041e-04
  -1.648364174177e-01  -1.808744929365e-04
   1.219594350138e-02  -4.991599674270e-04
   1.728320691120e-01  -1.243058278095e-04
   9.292924808095e-02   4.227826534801e-04
  -1.153035112161e-01   3.827836616869e-04
  -1.642292034812e-01  -1.885803023271e-04
   1.573741967028e-02  -4.986090336148e-04
   1.729561130823e-01  -1.159936481948e-04
   9.088781825750e-02   4.273323476438e-04
  -1.182266505146e-01   3.770881230766e-04
  -1.624677271384e-01  -1.967897954087e-04
   1.845870314357e-02  -4.978357146476e-04
   1.740596266789e-01  -1.071109161463e-04
   8.775451347277e-02   4.320548699441e-04
  -1.205732454912e-01   3.708918765193e-04
  -1.610648836481e-01  -2.054668293542e-04
   2.174997999521e-02  -4.968223877222e-04
   1.749086690002e-01  -9.765073108166e-05
   8.438984962092e-02   4.369345190339e-04
  -1.226921875888e-01   3.641406605339e-04
  -1.600620050170e-01  -2.145493472683e-04
   2.588938666421e-02  -4.955888978002e-04
   1.749640121546e-01  -8.755317025889e-05
   8.172290649529e-02   4.418751049205e-04
  -1.259209442337e-01   3.568803940526e-04
  -1.578700576866e-01  -2.240848609247e-04
   2.920017839748e-02  -4.940369947772e-04
   1.759571534144e-01  -7.687592064196e-05
   7.796812507706e-02   4.468927579381e-04
  -1.285709050201e-01   3.490552831655e-04
  -1.559807264941e-01  -2.340335664532e-04
   3.304860257039e-02  -4.921420256550e-04
   1.766838854307e-01  -6.561720553358e-05
   7.393805680584e-02   4.519674060291e-04
  -1.309346487220e-01   3.406078577151e-04
  -1.544783588207e-01  -2.443254447925e-04
   3.774743054083e-02  -4.899203699041e-04
   1.765623186815e-01  -5.371938418623e-05
   7.060691552543e-02   4.569947381367e-04
  -1.343831242921e-01   3.315841303894e-04
  -1.517483234979e-01  -2.550017145923e-04
   4.159798093503e-02  -4.872688527089e-04
   1.773409387064e-01  -4.124453526156e-05
   6.617519976882e-02   4.619836516664e-04
  -1.372152992143e-01   3.219286745714e-04
  -1.492956513075e-01  -2.660151451996e-04
   4.598317483955e-02  -4.841591166614e-04
   1.777987607694e-01  -2.819549513990e-05
   6.146292593592e-02   4.669070336128e-04
  -1.397294164146e-01   3.115846940639e-04
  -1.471826486034e-01  -2.772881483929e-04
   5.118477510601e-02  -4.806034290451e-04
   1.773723000267e-01  -1.452017231052e-05
   5.743723575832e-02   4.716529070296e-04
  -1.432882988512e-01   3.006002093701e-04
  -1.438004353788e-01  -2.888548043102e-04
   5.550520280499e-02  -4.764939817874e-04
   1.778131954288e-01  -2.882707128099e-07
   5.228309735609e-02   4.762244199221e-04
  -1.461568953369e-01   2.889201188694e-04
  -1.407026613904e-01  -3.006566264405e-04
   6.038423397178e-02  -4.718025131790e-04
   1.778374011608e-01   1.449302215684e-05
   4.688411161196e-02   4.805850376313e-04
  -1.487020126014e-01   2.764926493940e-04
  -1.378635988460e-01  -3.126089875676e-04
   6.600579830216e-02  -4.665369095372e-04
   1.769622009698e-01   2.986664605846e-05
   4.214673083465e-02   4.846160246192e-04
  -1.522340370514e-01   2.633700874988e-04
  -1.337163742582e-01  -3.247378925671e-04
   7.070208283521e-02  -4.605857661796e-04
   1.769237567992e-01   4.575198978753e-05
   3.624312988483e-02   4.883165881274e-04
  -1.549669705387e-01   2.494981239576e-04
  -1.298929493816e-01  -3.369699659965e-04
   7.600361249170e-02  -4.539252300960e-04
   1.763338222803e-01   6.213758441753e-05
   3.017401477422e-02   4.916388093735e-04
  -1.573985220022e-01   2.348349632234e-04
  -1.262130167487e-01  -3.492145337302e-04
   8.192826602040e-02  -4.465588408172e-04
   1.748554538281e-01   7.905317233432e-05
   2.472709117278e-02   4.944589725573e-04
  -1.607348868956e-01   2.194394912767e-04
  -1.211987899756e-01  -3.614884034196e-04
   8.687842725158e-02  -4.383737536659e-04
   1.741798412749e-01   9.640423834869e-05
   1.807521368880e-02   4.967744559141e-04
  -1.631336980687e-01   2.032593371456e-04
  -1.165777095141e-01  -3.737001841327e-04
   9.249641063202e-02  -4.293553250429e-04
   1.727841465198e-01   1.141749511726e-04
   1.138296077243e-02   4.985246025272e-04
  -1.652826177893e-01   1.862682917581e-04
  -1.119499172756e-01  -3.857549411362e-04
   9.856614502937e-02  -4.195030495171e-04
   1.705445605749e-01   1.323773439776e-04
   5.255059716586e-03   4.995837690628e-04
  -1.682208996212e-01   1.685339651866e-04
  -1.059892436518e-01  -3.976589036257e-04
   1.036172280035e-01  -4.087062750094e-04
   1.690618256835e-01   1.509006952740e-04
  -2.104631652621e-03   4.999498788360e-04
  -1.700631982347e-01   1.500079021826e-04
  -1.005153511810e-01  -4.093005270664e-04
   1.094044117425e-01  -3.969646958131e-04
   1.666655979074e-01   1.697246206991e-04
  -9.333430467307e-03   4.995490717726e-04
  -1.717378574045e-01   1.306856506280e-04
  -9.485051756154e-02  -4.205834760104e-04
   1.154148728651e-01  -3.842743552018e-04
   1.635119696005e-01   1.888385949930e-04
  -1.607939732138e-02   4.982584524674e-04
  -1.740422326549e-01   1.106451256385e-04
  -8.790020554658e-02  -4.315017625124e-04
   1.203813396575e-01  -3.705321837078e-04
   1.610464839141e-01   2.081145760091e-04
  -2.405523133305e-02   4.960790266124e-04
  -1.750876097500e-01   8.984478109852e-05
  -8.154415086571e-02  -4.419231650269e-04
   1.261431104099e-01  -3.557573502823e-04
   1.574636256811e-01   2.275273068157e-04
  -3.168623917981e-02   4.929245324093e-04
  -1.760772780441e-01   6.830836349816e-05
  -7.478406983849e-02  -4.517540329153e-04
   1.318415552918e-01  -3.399434551669e-04
   1.532590657288e-01   2.470388378253e-04
  -3.894459513665e-02   4.886813374501e-04
  -1.774821464601e-01   4.612480333265e-05
  -6.685225986293e-02  -4.609743615881e-04
   1.365055353294e-01  -3.230023038331e-04
   1.496389432981e-01   2.665044214623e-04
  -4.738170813339e-02   4.833560639378e-04
  -1.774823143391e-01   2.326364286433e-05
  -5.961979643543e-02  -4.694331307192e-04
   1.419950437276e-01  -3.049771737104e-04
   1.447081340070e-01   2.858934483266e-04
  -5.522687844461e-02   4.768525895874e-04
  -1.775623733304e-01  -2.170245882333e-07
  -5.175378877508e-02  -4.770446348758e-04
   1.470829742254e-01  -2.858608888254e-04
   1.393439922528e-01   3.051362441912e-04
  -6.284066387839e-02   4.690748890070e-04
  -1.777807805525e-01  -2.421769011224e-05
  -4.291508434556e-02  -4.837731650136e-04
   1.511966459409e-01  -2.655892254722e-04
   1.344141659777e-01   3.240742349420e-04
  -7.151038250233e-02   4.600375157488e-04
  -1.764943131443e-01  -4.875222818821e-05
  -3.485648129750e-02  -4.894540169897e-04
   1.561126485826e-01  -2.442330585757e-04
   1.280191315738e-01   3.426707612841e-04
  -7.932544859905e-02   4.496392979440e-04
  -1.754334762759e-01  -7.372322703297e-05
  -2.594105686220e-02  -4.940155293228e-04
   1.602546027709e-01  -2.217871363551e-04
   1.214283673970e-01   3.608215783488e-04
  -8.707831090034e-02   4.378116424174e-04
  -1.741719429306e-01  -9.902232767081e-05
  -1.634967391048e-02  -4.974052574318e-04
   1.635447728298e-01  -1.982216245740e-04
   1.150680034464e-01   3.783598824152e-04
  -9.567098508222e-02   4.245789097405e-04
  -1.713833203070e-01  -1.246400822129e-04
  -7.569237393450e-03  -4.994538822160e-04
   1.675342355929e-01  -1.736366401212e-04
   1.071610849463e-01   3.952420453719e-04
  -1.031576208011e-01   4.098424599381e-04
  -1.689533057603e-01  -1.504371748821e-04
   2.250316900280e-03  -5.001100626341e-04
   1.703738505226e-01  -1.480330413017e-04
   9.933196923886e-02   4.113290636419e-04
  -1.107668915549e-01   3.935716470565e-04
  -1.659346104721e-01  -1.762993315514e-04
   1.235201703414e-02  -4.993051138376e-04
   1.725487373522e-01  -1.214261663974e-04
   9.147663728652e-02   4.264544032198e-04
  -1.188909457114e-01   3.758019550455e-04
  -1.614763300045e-01  -2.021862000778e-04
   2.168605878982e-02  -4.968784245750e-04
   1.752167958736e-01  -9.394459595884e-05
   8.210375833760e-02   4.405664563920e-04
  -1.257044393225e-01   3.564479666466e-04
  -1.574648594493e-01  -2.279178138321e-04
   3.215470861735e-02  -4.928045003401e-04
   1.764004034823e-01  -6.560138871946e-05
   7.309310936681e-02   4.534953453067e-04
  -1.328165975349e-01   3.355269126917e-04
  -1.524597107506e-01  -2.533777286801e-04
   4.243501695228e-02  -4.870016371395e-04
   1.771588018786e-01  -3.646670081901e-05
   6.376152589061e-02   4.650859762146e-04
  -1.400070204765e-01   3.130862758786e-04
  -1.462351748902e-01  -2.784872569592e-04
   5.207987642159e-02  -4.793350536251e-04
   1.780889157941e-01  -6.694067108411e-06
   5.308548317317e-02   4.752780620126e-04
  -1.457695667853e-01   2.890676008335e-04
  -1.404638391130e-01  -3.030323791909e-04
   6.281675779128e-02  -4.698088879217e-04
   1.772956777354e-01   2.368309992422e-05
   4.303073723583e-02   4.838802021717e-04
  -1.519600550156e-01   2.635436676700e-04
  -1.333309024582e-01  -3.268983186517e-04
   7.286278347506e-02  -4.583357380377e-04
   1.763392666000e-01   5.453334310919e-05
   3.235475981218e-02   4.907617846514e-04
  -1.576995502940e-01   2.365748478170e-04
  -1.253349747158e-01  -3.499625856350e-04
   8.248977080361e-02  -4.448260476515e-04
   1.751260031873e-01   8.568425177271e-05
   2.067264859830e-02   4.958542005254e-04
  -1.620182587632e-01   2.081457522951e-04
  -1.176841669143e-01  -3.719901468774e-04
   9.298293005346e-02  -4.293149421514e-04
   1.721021187003e-01   1.170722814407e-04
   9.802314920102e-03   4.989603544954e-04
  -1.667987509676e-01   1.783882211339e-04
  -1.084153493579e-01  -3.928709968126e-04
   1.023185232121e-01  -4.117219141135e-04
   1.691525829229e-01   1.485037134236e-04
  -1.942842470574e-03   4.999875660602e-04
  -1.705538333388e-01   1.473772846564e-04
  -9.874942787388e-02  -4.124380114750e-04
   1.115024062616e-01  -3.920216090916e-04
   1.654480181390e-01   1.797952482857e-04
  -1.419294948960e-02   4.988614959673e-04
  -1.730415989109e-01   1.151574426609e-04
  -8.919258487787e-02  -4.304547762212e-04
   1.211211131889e-01  -3.702791095963e-04
   1.600412460871e-01   2.108431533385e-04
  -2.555059988195e-02   4.954017066145e-04
  -1.758791815770e-01   8.191726899665e-05
  -7.795699037650e-02  -4.468177867135e-04
   1.292325940460e-01  -3.464390578318e-04
   1.548648333866e-01   2.413983380318e-04
  -3.792119496105e-02   4.895653207967e-04
  -1.771512710484e-01   4.775017642469e-05
  -6.683673322881e-02  -4.613223651847e-04
   1.374455693949e-01  -3.205552888487e-04
   1.484368415085e-01   2.712754386584e-04
  -5.016892760726e-02   4.812785960103e-04
  -1.774482960511e-01   1.277526689749e-05
  -5.548463339119e-02  -4.737555053985e-04
   1.454759023003e-01  -2.927205156430e-04
   1.406269634874e-01   3.003227803725e-04
  -6.157900183386e-02   4.704051926394e-04
  -1.778021165624e-01  -2.277130781291e-05
  -4.266104376793e-02  -4.840207231333e-04
   1.518415021570e-01  -2.629273824571e-04
   1.330694532907e-01   3.282523283376e-04
  -7.395031446462e-02   4.569602023610e-04
  -1.761899493557e-01  -5.877119843457e-05
  -3.041761929190e-02  -4.918937676628e-04
   1.584589284733e-01  -2.313162335270e-04
   1.238662908819e-01   3.548851323766e-04
  -8.552001863669e-02   4.408820865960e-04
  -1.739847711774e-01  -9.502215169532e-05
  -1.756948076511e-02  -4.972116046895e-04
   1.641646766001e-01  -1.980058568571e-04
   1.137876299651e-01   3.800198578526e-04
  -9.643653270062e-02   4.221078273250e-04
  -1.713654037142e-01  -1.312561631190e-04
  -3.755392335349e-03  -4.998856056916e-04
   1.682829683195e-01  -1.630612704361e-04
   1.038216379130e-01   4.033558549651e-04
  -1.080126987471e-01   4.007133730864e-04
  -1.666303064919e-01  -1.673207646244e-04
   9.165502559821e-03  -4.997021122940e-04
   1.726106559171e-01  -1.267062600754e-04
   9.203284902050e-02   4.247279069500e-04
  -1.181684502234e-01   3.766673045723e-04
  -1.616821604412e-01  -2.029330446850e-04
   2.297409074956e-02  -4.965714215355e-04
   1.753154784826e-01  -8.908727810639e-05
   7.998662090324e-02   4.438936698942e-04
  -1.279345254845e-01   3.500058706909e-04
  -1.557356395557e-01  -2.378135551861e-04
   3.698673577484e-02  -4.904169713063e-04
   1.767302374654e-01  -5.036245701284e-05
   6.776995733645e-02   4.605743324852e-04
  -1.377904557549e-01   3.208632808157e-04
  -1.478569345165e-01  -2.717661795081e-04
   5.002201971570e-02  -4.810759435327e-04
   1.780630702845e-01  -1.082482531708e-05
   5.386995335509e-02   4.746246741092e-04
  -1.457941158492e-01   2.892621670479e-04
  -1.400257030283e-01  -3.044454645654e-04
   6.399204313257e-02  -4.685469403500e-04
   1.772427672908e-01   2.934535519193e-05
   4.032672232681e-02   4.857840412858e-04
  -1.536524086752e-01   2.553546560584e-04
  -1.306363441763e-01  -3.355822685867e-04
   7.727674513820e-02  -4.527769627547e-04
   1.755667246787e-01   6.988639496805e-05
   2.626495964036e-02   4.938336887687e-04
  -1.608146710959e-01   2.193268725881e-04
  -1.198430741387e-01  -3.649320669928e-04
   8.973582765616e-02  -4.336978492267e-04
   1.732836669800e-01   1.104596222241e-04
   1.102427079238e-02   4.986549744472e-04
  -1.659874968346e-01   1.812828545965e-04
  -1.091365488437e-01  -3.921229612660e-04
   1.028212108679e-01  -4.113999214373e-04
   1.686521631058e-01   1.508413853908e-04
  -3.380782913200e-03   5.000068586539e-04
  -1.711111692836e-01   1.414922903897e-04
  -9.653045146581e-02  -4.169152843964e-04
   1.144030165014e-01  -3.858754656379e-04
   1.635981505842e-01   1.906730850638e-04
  -1.858160834651e-02   4.977660214983e-04
  -1.746771867910e-01   1.001865851494e-04
  -8.330070344208e-02  -4.390237470006e-04
   1.254558999773e-01  -3.571881431624e-04
   1.572885112554e-01   2.295995666552e-04
  -3.412973880544e-02   4.918499086428e-04
  -1.764536132671e-01   5.757632062904e-05
  -6.994696790476e-02  -4.581016824366e-04
   1.364423496199e-01  -3.255127670007e-04
   1.488605827334e-01   2.673455163815e-04
  -4.860483244954e-02   4.820870363223e-04
  -1.780124642005e-01   1.403215973649e-05
  -5.476525291634e-02  -4.739528926282e-04
   1.453899038999e-01  -2.909183167613e-04
   1.402919304240e-01   3.034841017295e-04
  -6.391640119279e-02   4.684745511738e-04
  -1.772948441734e-01  -3.017235976926e-05
  -3.979656944487e-02  -4.862791483277e-04
   1.540721784175e-01  -2.536197562496e-04
   1.298939004457e-01   3.376737699751e-04
  -7.855857490708e-02   4.509816033767e-04
  -1.752611121010e-01  -7.470617562765e-05
  -2.433728209965e-02  -4.948175705870e-04
   1.617225583049e-01  -2.138638553758e-04
   1.180131738095e-01   3.695888754256e-04
  -9.216434330963e-02   4.295596707966e-04
  -1.725371953676e-01  -1.191319281103e-04
  -7.642687672255e-03  -4.994250800960e-04
   1.672235593677e-01  -1.718313440594e-04
   1.060218191378e-01   3.987857090830e-04
  -1.062699640740e-01   4.043354590948e-04
  -1.672050218041e-01  -1.631321822756e-04
   8.188120229470e-03  -4.998418865159e-04
   1.724873456763e-01  -1.278826485795e-04
   9.194110736701e-02   4.249635508529e-04
  -1.187362047144e-01   3.753537874459e-04
  -1.611270125207e-01  -2.062636624705e-04
   2.481026783045e-02  -4.959403006477e-04
   1.757336580059e-01  -8.232605724517e-05
   7.727195301226e-02   4.477669814377e-04
  -1.303993346278e-01   3.427330855830e-04
  -1.536829635615e-01  -2.480689905475e-04
   4.161825404379e-02  -4.876409531754e-04
   1.771425071713e-01  -3.548110428360e-05
   6.228050491539e-02   4.668037370111e-04
  -1.418050580639e-01   3.067218438465e-04
  -1.438612148347e-01  -2.881842221617e-04
   5.728067359181e-02  -4.747913858811e-04
   1.779799064761e-01   1.217836603552e-05
   4.545024694645e-02   4.818369870308e-04
  -1.509107303741e-01   2.674720176494e-04
  -1.337218081008e-01  -3.260939164895e-04
   7.369092637769e-02  -4.574290857793e-04
   1.761191805253e-01   6.028617026747e-05
   2.894289248402e-02   4.925280056409e-04
  -1.594566384557e-01   2.252896375447e-04
  -1.215990903527e-01  -3.613706466511e-04
   8.904578749775e-02  -4.355576101455e-04
   1.729877662142e-01   1.083796494509e-04
   1.180782329844e-02   4.986084797734e-04
  -1.666867108134e-01   1.805255145782e-04
  -1.078915741361e-01  -3.936115301398e-04
   1.033544214059e-01  -4.092009439478e-04
   1.686318200300e-01   1.559233973590e-04
  -6.343995636595e-03   4.999261157258e-04
  -1.714602886447e-01   1.334714732849e-04
  -9.396650931107e-02  -4.223029957012e-04
   1.178286187997e-01  -3.785633398146e-04
   1.614748712409e-01   2.024928652858e-04
  -2.349938733709e-02   4.962297045900e-04
  -1.756922570565e-01   8.460820779323e-05
  -7.785496675734e-02  -4.470911302907e-04
   1.302053315707e-01  -3.437637356820e-04
   1.535973701433e-01   2.475137031712e-04
  -4.142577085504e-02   4.874341359176e-04
  -1.775487073228e-01   3.436699771936e-05
  -6.128296671313e-02  -4.675670716253e-04
   1.418143439667e-01  -3.050481316850e-04
   1.437687155630e-01   2.904498730258e-04
  -5.911587472392e-02   4.734940500216e-04
  -1.773170826850e-01  -1.679955977010e-05
  -4.426870684121e-02  -4.833159228015e-04
   1.525045830735e-01  -2.627660910143e-04
   1.317045531392e-01   3.308257680905e-04
  -7.553238029597e-02   4.543276731323e-04
  -1.761754135968e-01  -6.828484575541e-05
  -2.556365688363e-02  -4.940893027765e-04
   1.605998773556e-01  -2.171927835450e-04
   1.192083852753e-01   3.680279076725e-04
  -9.243444289649e-02   4.300630987821e-04
  -1.720059110666e-01  -1.195937685665e-04
  -7.455199546474e-03  -4.995411571819e-04
   1.680528076214e-01  -1.687986204861e-04
   1.043389038711e-01   4.015791549438e-04
  -1.077540161947e-01   4.007902037423e-04
  -1.664341063207e-01  -1.701225900992e-04
   1.138591850054e-02  -4.994491812493e-04
   1.733247358993e-01  -1.180489309115e-04
   8.830859425445e-02   4.309851454372e-04
  -1.218874150700e-01   3.666662217724e-04
  -1.592523176415e-01  -2.192154251125e-04
   3.070718257768e-02  -4.936946612348e-04
   1.761627996776e-01  -6.540744422170e-05
   7.179735895159e-02   4.556992590494e-04
  -1.356591071965e-01   3.280265497648e-04
  -1.491425577877e-01  -2.663266286237e-04
   4.881257060603e-02  -4.820926262124e-04
   1.780644610100e-01  -1.152274076262e-05
   5.314478052306e-02   4.753551443011e-04
  -1.468422792274e-01   2.851307817281e-04
  -1.382648798403e-01  -3.107596557975e-04
   6.758624915803e-02  -4.646736100025e-04
   1.768517988081e-01   4.304808054534e-05
   3.455084659028e-02   4.895099185643e-04
  -1.570495917892e-01   2.384063276742e-04
  -1.250876187696e-01  -3.518974619292e-04
   8.526529577641e-02  -4.414756422008e-04
   1.738273655705e-01   9.765359196017e-05
   1.525863881790e-02   4.978002518318e-04
  -1.656206213109e-01   1.883615224864e-04
  -1.099012248883e-01  -3.891692277021e-04
   1.016517815786e-01  -4.125736494861e-04
   1.691582886503e-01   1.515509814120e-04
  -5.157820171334e-03   5.000142517800e-04
  -1.712786757955e-01   1.354581899164e-04
  -9.420744614135e-02  -4.218982893329e-04
   1.179645522097e-01  -3.782593291765e-04
   1.612181324662e-01   2.041099273164e-04
  -2.456401816004e-02   4.958655972180e-04
  -1.759463153274e-01   8.036871232934e-05
  -7.605742574438e-02  -4.495870708572e-04
   1.318403077617e-01  -3.387656119997e-04
   1.521445003276e-01   2.545476426998e-04
  -4.469202432759e-02   4.852678605197e-04
  -1.777145577279e-01   2.372910502667e-05
  -5.730761370531e-02  -4.717008453205e-04
   1.446249976314e-01  -2.944849586174e-04
   1.406520746135e-01   3.021284709270e-04
  -6.435436693281e-02   4.682026825823e-04
  -1.769762004152e-01  -3.378567975675e-05
  -3.791714583034e-02  -4.877299840934e-04
   1.559720731525e-01  -2.459339927200e-04
   1.266450368431e-01   3.461801873494e-04
  -8.257368438305e-02   4.446546642928e-04
  -1.747788114694e-01  -9.134141834899e-05
  -1.684828531567e-02  -4.973578068556e-04
   1.642903359644e-01  -1.935825211923e-04
   1.118776272849e-01   3.859077297026e-04
  -1.009759488117e-01   4.148552919594e-04
  -1.690302473989e-01  -1.482159956644e-04
   3.518911644329e-03  -5.001961382949e-04
   1.715244022040e-01  -1.381256419284e-04
   9.440007704293e-02   4.206823975737e-04
  -1.172761194498e-01   3.790179573697e-04
  -1.615886241775e-01  -2.035607221879e-04
   2.466714109104e-02  -4.960372866902e-04
   1.758499505259e-01  -8.025099069249e-05
   7.579932778586e-02   4.498607706278e-04
  -1.321511787314e-01   3.374800944907e-04
  -1.518974443516e-01  -2.565039290436e-04
   4.584288892134e-02  -4.847906938171e-04
   1.774177874296e-01  -2.068395772827e-05
   5.643864304856e-02   4.727993006556e-04
  -1.459901863614e-01   2.907701986713e-04
  -1.390528901399e-01  -3.062793152724e-04
   6.562096134318e-02  -4.663549198783e-04
   1.773978554154e-01   3.966739720135e-05
   3.500049137083e-02   4.890633753036e-04
  -1.566669763968e-01   2.393684429969e-04
  -1.252033282817e-01  -3.519787787737e-04
   8.575387963209e-02  -4.408951315351e-04
   1.736233861367e-01   9.999408682702e-05
   1.390141312391e-02   4.981618751992e-04
  -1.660111225393e-01   1.839750993872e-04
  -1.085475203330e-01  -3.928296300788e-04
   1.040105593962e-01  -4.085891010243e-04
   1.678581682854e-01   1.593564957699e-04
  -8.022044616517e-03   4.997662744599e-04
  -1.727446283792e-01   1.253506561622e-04
  -9.012103780259e-02  -4.280904775821e-04
   1.207988289249e-01  -3.697361977879e-04
   1.596447004834e-01   2.167728409490e-04
  -3.044036113834e-02   4.937074599591e-04
  -1.762113961599e-01   6.425841860815e-05
  -7.090259700186e-02  -4.569798310210e-04
   1.366629184180e-01  -3.248603681815e-04
   1.479596669576e-01   2.713642579381e-04
  -5.152339255985e-02   4.798024967535e-04
  -1.780721650576e-01   1.682167081512e-06
  -4.924762641659e-02  -4.789432060160e-04
   1.493423983679e-01  -2.744515542800e-04
   1.349748051756e-01   3.221043339435e-04
  -7.304984153215e-02   4.581443790821e-04
  -1.761159202574e-01  -6.146400640156e-05
  -2.755361529430e-02  -4.933907804620e-04
   1.606176426392e-01  -2.192356154280e-04
   1.189388386923e-01   3.680924629584e-04
  -9.304085258193e-02   4.288860462409e-04
  -1.716064829641e-01  -1.241681258350e-04
  -4.997568514750e-03  -4.998750062263e-04
   1.692045584522e-01  -1.600216638020e-04
   1.007770795831e-01   4.084663862748e-04
  -1.113473260896e-01   3.922854148909e-04
  -1.647428539021e-01  -1.853185107720e-04
   1.842054121333e-02  -4.981477823337e-04
   1.743916337833e-01  -9.763555131807e-05
   8.159580160744e-02   4.423197499204e-04
  -1.289266317785e-01   3.488690007799e-04
  -1.539763070419e-01  -2.439247564676e-04
   4.061058503938e-02  -4.879500058527e-04
   1.778055001164e-01  -3.314110739723e-05
   5.971635271291e-02   4.689781238456e-04
  -1.433219945861e-01   2.991521478087e-04
  -1.415783817256e-01  -2.988503419997e-04
   6.334381206631e-02  -4.693134153169e-04
   1.771838819689e-01   3.245620975470e-05
   3.750182965349e-02   4.877474525370e-04
  -1.560259167040e-01   2.438783250102e-04
  -1.260933403207e-01  -3.490499919930e-04
   8.468246454385e-02  -4.423602020519e-04
   1.738343226284e-01   9.803615906928e-05
   1.431952608318e-02   4.980758679718e-04
  -1.662296835954e-01   1.839325506135e-04
  -1.079666319752e-01  -3.935552643409e-04
   1.043404387658e-01  -4.073286860252e-04
   1.678409457752e-01   1.623746367755e-04
  -9.985594916764e-03   4.996363118632e-04
  -1.726698517691e-01   1.202045586351e-04
  -8.872607476305e-02  -4.313327849548e-04
   1.232748212219e-01  -3.647530724859e-04
   1.577187179308e-01   2.243591342372e-04
  -3.316750306626e-02   4.921060781789e-04
  -1.771905300248e-01   5.384316208413e-05
  -6.656133228676e-02  -4.615907168063e-04
   1.389600730160e-01  -3.151750684558e-04
   1.457329840234e-01   2.827242663176e-04
  -5.691113878929e-02   4.754650151104e-04
  -1.776363878408e-01  -1.402621091703e-05
  -4.376205267131e-02  -4.835438451451e-04
   1.529140259847e-01  -2.593906308588e-04
   1.303574666580e-01   3.363024522522e-04
  -7.944104743329e-02   4.498228797967e-04
  -1.748716393995e-01  -8.218800329448e-05
  -1.995350649047e-02  -4.965424363135e-04
   1.641526930970e-01  -1.983497799499e-04
   1.121641730583e-01   3.839971936753e-04
  -1.001395271931e-01   4.154111905885e-04
  -1.694505970955e-01  -1.492830380501e-04
   5.175139807947e-03  -5.001945693817e-04
   1.715326513780e-01  -1.330315376000e-04
   9.260841734094e-02   4.246590842998e-04
  -1.201347321261e-01   3.727897435664e-04
  -1.595840638606e-01  -2.140712329341e-04
   2.924082698131e-02  -4.941273543158e-04
   1.768012115237e-01  -6.469132976718e-05
   6.994141969170e-02   4.573904239248e-04
  -1.368332842792e-01   3.225555489772e-04
  -1.475450697502e-01  -2.751682495352e-04
   5.390851836673e-02  -4.782932636598e-04
   1.776843882296e-01   5.437702827127e-06
   4.651014020990e-02   4.813109988102e-04
  -1.515144078053e-01   2.655624812347e-04
  -1.320607546923e-01  -3.312655690516e-04
   7.731975776073e-02  -4.527994617227e-04
   1.752864577331e-01   7.600301282009e-05
   2.193638843623e-02   4.956992545787e-04
  -1.634908015289e-01   2.028623289075e-04
  -1.134052068707e-01  -3.811569609083e-04
   9.889490111271e-02  -4.179019904285e-04
   1.698566886357e-01   1.455194760869e-04
  -4.012671481676e-03   5.001097884781e-04
  -1.712886126615e-01   1.355376527902e-04
  -9.329548325328e-02  -4.235799006346e-04
   1.196298315171e-01  -3.742099357551e-04
   1.598028481559e-01   2.126123872380e-04
  -2.892111310765e-02   4.941428858310e-04
  -1.767570292081e-01   6.496236750065e-05
  -6.994229633338e-02  -4.575395135898e-04
   1.368767269419e-01  -3.223871010608e-04
   1.474313064808e-01   2.757548909817e-04
  -5.438268906517e-02   4.777492680254e-04
  -1.777162951323e-01  -7.485745833834e-06
  -4.569805260163e-02  -4.820849951013e-04
   1.520643735290e-01  -2.633928676149e-04
   1.312624434741e-01   3.335236456905e-04
  -7.853807891554e-02   4.510650941495e-04
  -1.749987399184e-01  -8.032489262717e-05
  -2.028739999317e-02  -4.964394531056e-04
   1.641462185556e-01  -1.983831547181e-04
   1.119262270890e-01   3.845857743715e-04
  -1.006849788889e-01   4.144001555065e-04
  -1.691462245459e-01  -1.519191224742e-04
   6.484929649546e-03  -5.001332534413e-04
   1.719541263605e-01  -1.285764002679e-04
   9.091708115464e-02   4.275818803402e-04
  -1.218367772562e-01   3.684455188380e-04
  -1.584098215328e-01  -2.207522706146e-04
   3.215451545331e-02  -4.927679976197e-04
   1.771810700422e-01  -5.549630030981e-05
   6.657714204675e-02   4.614426420942e-04
  -1.393060040187e-01   3.139751334185e-04
  -1.451340503190e-01  -2.851680515528e-04
   5.832348898819e-02  -4.743331984314e-04
   1.774873185183e-01   1.934223972564e-05
   4.142107572391e-02   4.851541208453e-04
  -1.544073270113e-01   2.520725353813e-04
  -1.279760682924e-01  -3.436143705047e-04
   8.289071018665e-02  -4.450209898900e-04
   1.741328647474e-01   9.428339520046e-05
   1.500631897007e-02   4.979250985278e-04
  -1.662125675716e-01   1.840456821726e-04
  -1.074914307885e-01  -3.946587565825e-04
   1.053972642499e-01  -4.052423448820e-04
   1.671763962747e-01   1.675495652813e-04
  -1.258358334062e-02   4.992893071740e-04
  -1.734073837558e-01   1.112717621857e-04
  -8.529848004968e-02  -4.368590197551e-04
   1.265623749491e-01  -3.558087069686e-04
   1.552437213871e-01   2.374776268311e-04
  -3.894737825463e-02   4.888914692999e-04
  -1.777488463141e-01   3.544263639463e-05
  -5.976689256214e-02  -4.690946812821e-04
   1.437096795574e-01  -2.976301308891e-04
   1.407006323806e-01   3.022655474385e-04
  -6.562932762190e-02   4.668033263597e-04
  -1.769369632658e-01  -4.174988103392e-05
  -3.353078092667e-02  -4.903296643156e-04
   1.583950368866e-01  -2.319732034110e-04
   1.219394758262e-01   3.602672697864e-04
  -9.039347074936e-02   4.333237963139e-04
  -1.721658316362e-01  -1.184845021216e-04
  -6.074091649518e-03  -4.997946429509e-04
   1.691656167308e-01  -1.603073146875e-04
   1.000746638749e-01   4.099453752748e-04
  -1.128383239983e-01   3.890108133325e-04
  -1.636246674773e-01  -1.928198072510e-04
   2.225147854573e-02  -4.970752336052e-04
   1.752579115635e-01  -8.421012640500e-05
   7.634191825443e-02   4.498102386864e-04
  -1.335749612783e-01   3.348447989239e-04
  -1.499328278324e-01  -2.629486711361e-04
   4.914054866259e-02  -4.819092710982e-04
   1.781242887763e-01  -5.570818448538e-06
   4.939086220547e-02   4.787284221424e-04
  -1.499305581303e-01   2.719280598918e-04
  -1.335397591475e-01  -3.269465809045e-04
   7.611212263303e-02  -4.545111967715e-04
   1.753996839257e-01   7.374773789194e-05
   2.203114214445e-02   4.956741991751e-04
  -1.634586396741e-01   2.017373181799e-04
  -1.128692436646e-01  -3.830767918208e-04
   1.005806417902e-01  -4.153306003955e-04
   1.688187199707e-01   1.517187862756e-04
  -6.505707608451e-03   4.999633331035e-04
  -1.726851177838e-01   1.259590622912e-04
  -8.920773865214e-02  -4.297438440088e-04
   1.226160840209e-01  -3.651398062751e-04
   1.579313857546e-01   2.262605799304e-04
  -3.541131024480e-02   4.912844155075e-04
  -1.768962023524e-01   4.639256919700e-05
  -6.373744357414e-02  -4.654474919911e-04
   1.422941982474e-01  -3.051336086211e-04
   1.420111964974e-01   2.954228770883e-04
  -6.258942352369e-02   4.695363316880e-04
  -1.775595927613e-01  -3.485740928371e-05
  -3.528694060814e-02  -4.890922171422e-04
   1.571840270825e-01  -2.366462655187e-04
   1.233726861537e-01   3.571686250343e-04
  -8.943210660944e-02   4.351379477078e-04
  -1.723571149687e-01  -1.157271653154e-04
  -6.814090808133e-03  -4.997293141441e-04
   1.690309586870e-01  -1.614259360565e-04
   1.002887302175e-01   4.097239373622e-04
  -1.131901327186e-01   3.887625923751e-04
  -1.631450703974e-01  -1.940066650442e-04
   2.265542177816e-02  -4.968267713421e-04
   1.757814146689e-01  -8.138153579434e-05
   7.471578912101e-02   4.514566889196e-04
  -1.341347506665e-01   3.314535451342e-04
  -1.494479941457e-01  -2.674676161343e-04
   5.178706348368e-02  -4.802474229284e-04
   1.775596298406e-01   1.421103418515e-06
   4.728978419930e-02   4.809274773618e-04
  -1.521085297158e-01   2.646805332520e-04
  -1.307633974489e-01  -3.340478854914e-04
   7.886439190498e-02  -4.501289031529e-04
   1.752506658682e-01   8.465459209004e-05
   1.738036607746e-02   4.971415873051e-04
  -1.648240227570e-01   1.900679724989e-04
  -1.094347927203e-01  -3.916461155834e-04
   1.050429685551e-01  -4.071716320461e-04
   1.668098946282e-01   1.660671004941e-04
  -1.204145086524e-02   4.993011915040e-04
  -1.740576100466e-01   1.096589963984e-04
  -8.377751795729e-02  -4.384916369780e-04
   1.273200361548e-01  -3.523292611340e-04
   1.545453955337e-01   2.432508740542e-04
  -4.213946540744e-02   4.871157598888e-04
  -1.776860633968e-01   2.563522772025e-05
  -5.611944524715e-02  -4.729982223051e-04
   1.465899766524e-01  -2.869968173010e-04
   1.373237091405e-01   3.138872208834e-04
  -7.103700326185e-02   4.607040939118e-04
  -1.761037236304e-01  -5.967130597177e-05
  -2.680973678817e-02  -4.938637654274e-04
   1.618926546594e-01  -2.129544255584e-04
   1.156142981852e-01   3.758257357319e-04
  -9.742281185984e-02   4.205342948145e-04
  -1.700967661756e-01  -1.437080596755e-04
   4.294867757854e-03  -5.002843548125e-04
   1.716383468379e-01  -1.321619391451e-04
   9.130534442985e-02   4.269641339103e-04
  -1.221551498412e-01   3.676621518227e-04
  -1.578338795648e-01  -2.240397036814e-04
   3.428933533075e-02  -4.917144476003e-04
   1.774782906757e-01  -4.699673407224e-05
   6.293037368331e-02   4.656202708915e-04
  -1.422236658963e-01   3.034080852089e-04
  -1.418138371127e-01  -2.981174957696e-04
   6.448009968027e-02  -4.682059745029e-04
   1.769616089927e-01   4.010070740726e-05
   3.335756921783e-02   4.903271778241e-04
  -1.587754024024e-01   2.295671507299e-04
  -1.207927683695e-01  -3.635672495057e-04
   9.233365830315e-02  -4.302221595351e-04
   1.714705845046e-01   1.265062918025e-04
   2.347277155441e-03   5.000386906304e-04
  -1.705477118976e-01   1.482878647538e-04
  -9.576436718296e-02  -4.182350450776e-04
   1.173004258300e-01  -3.786619143072e-04
   1.609204191112e-01   2.094859202567e-04
  -2.943470458753e-02   4.942399280894e-04
  -1.763492071050e-01   6.189859973895e-05
  -6.840378225196e-02  -4.601138530562e-04
   1.395730941955e-01  -3.150079846503e-04
   1.443349842423e-01   2.864575735518e-04
  -5.941993910024e-02   4.727586104987e-04
  -1.777626931462e-01  -2.689034477625e-05
  -3.755193145884e-02  -4.877097107143e-04
   1.563789566277e-01  -2.410036730401e-04
   1.242416328318e-01   3.547809188662e-04
  -8.883556406005e-02   4.360942034416e-04
  -1.724135826640e-01  -1.153638883521e-04
  -6.393527204125e-03  -4.998075284689e-04
   1.693208466609e-01  -1.589090635262e-04
   9.907231413908e-02   4.121339056826e-04
  -1.147645823110e-01   3.851614034578e-04
  -1.621063153026e-01  -2.006581631764e-04
   2.573636750816e-02  -4.957444005348e-04
   1.763138222627e-01  -7.124008578431e-05
   7.088949709366e-02   4.564383666259e-04
  -1.371975280347e-01   3.213778683637e-04
  -1.465189607984e-01  -2.798997835072e-04
   5.732627947023e-02  -4.754191922470e-04
   1.773759420800e-01   1.927897426159e-05
   4.059544347245e-02   4.859237327439e-04
  -1.558517875477e-01   2.467193956544e-04
  -1.252518294432e-01  -3.504361888524e-04
   8.641019176479e-02  -4.391646261217e-04
   1.734026051593e-01   1.096298919160e-04
   7.798745243713e-03   4.994132814571e-04
  -1.683175507141e-01   1.634176539879e-04
  -1.008204367057e-01  -4.096562234742e-04
   1.139128143614e-01  -3.880367174020e-04
   1.624214455898e-01   1.968752921089e-04
  -2.426970100422e-02   4.960890366597e-04
  -1.763223987307e-01   7.420361809513e-05
  -7.172496418324e-02  -4.554005804194e-04
   1.366039551465e-01  -3.234835199825e-04
   1.469117522841e-01   2.779525381852e-04
  -5.659564137199e-02   4.758228984393e-04
  -1.776147339517e-01  -1.801667115831e-05
  -4.069009075654e-02  -4.858286420728e-04
   1.553875444298e-01  -2.475303185779e-04
   1.257491660416e-01   3.499731781353e-04
  -8.686672837250e-02   4.390584886601e-04
  -1.728684650907e-01  -1.101601903978e-04
  -8.075222841400e-03  -4.995704980350e-04
   1.689381848436e-01  -1.626671263760e-04
   9.989338038100e-02   4.103108625965e-04
  -1.138218287234e-01   3.867680327568e-04
  -1.627007143194e-01  -1.989597819108e-04
   2.568070668311e-02  -4.959280708966e-04
   1.759310071407e-01  -7.164151861181e-05
   7.123435236759e-02   4.565417666823e-04
  -1.379238029519e-01   3.206510542843e-04
  -1.456507117555e-01  -2.813241739563e-04
   5.759785238345e-02  -4.746573598576e-04
   1.778691446505e-01   2.235333275217e-05
   3.871562282644e-02   4.868408337104e-04
  -1.560712023268e-01   2.427813616429e-04
  -1.244767309115e-01  -3.541352545367e-04
   8.878041576019e-02  -4.363169096000e-04
   1.723301560342e-01   1.160868755094e-04
   5.662465149673e-03   4.997767349681e-04
  -1.696008941788e-01   1.558185797495e-04
  -9.788796478439e-02  -4.146213321395e-04
   1.161318142603e-01  -3.820150419697e-04
   1.612350054681e-01   2.061606622325e-04
  -2.827864034538e-02   4.945868958319e-04
  -1.767605588281e-01   6.278676597089e-05
  -6.776323839106e-02  -4.603689309270e-04
   1.395329980430e-01  -3.134825924767e-04
   1.441579038859e-01   2.891961601827e-04
  -6.158002603119e-02   4.712194724745e-04
  -1.770358581521e-01  -3.307038899821e-05
  -3.549413402638e-02  -4.893539471535e-04
   1.584556189370e-01  -2.331111942887e-04
   1.209907146201e-01   3.620735157924e-04
  -9.191369531474e-02   4.301886582749e-04
  -1.717338149362e-01  -1.281763202731e-04
  -7.002998451359e-04  -5.002874720195e-04
   1.705238755731e-01  -1.436325020678e-04
   9.428131566633e-02   4.217953585928e-04
  -1.201277442047e-01   3.728651476010e-04
  -1.587766566546e-01  -2.190475812651e-04
   3.311510443504e-02  -4.923793566474e-04
   1.774134301515e-01  -4.834323911241e-05
   6.272323710418e-02   4.659283070661e-04
  -1.428906124949e-01   3.011390704836e-04
  -1.406963064222e-01  -3.021331062345e-04
   6.678896464659e-02  -4.656800953446e-04
   1.766911977410e-01   4.927593702640e-05
   2.934563642110e-02   4.924790352505e-04
  -1.608400175840e-01   2.175580136363e-04
  -1.167176304595e-01  -3.741099198632e-04
   9.768880856385e-02  -4.209511764773e-04
   1.694659445099e-01   1.455417359230e-04
  -5.418525162650e-03   5.000901567271e-04
  -1.728317854352e-01   1.252200637398e-04
  -8.780507716255e-02  -4.320419890958e-04
   1.246394978380e-01  -3.596252368226e-04
   1.560247559601e-01   2.366479966974e-04
  -4.076988645331e-02   4.882293000273e-04
  -1.773339229947e-01   2.750719350155e-05
  -5.617964191846e-02  -4.733223478412e-04
   1.477344098570e-01  -2.839657240652e-04
   1.354116328095e-01   3.190222731847e-04
  -7.360570443984e-02   4.569854306954e-04
  -1.760249579836e-01  -7.174532153205e-05
  -2.098794051787e-02  -4.961080932502e-04
   1.639127940634e-01  -1.966866069783e-04
   1.104943889425e-01   3.891634613097e-04
  -1.048288255857e-01   4.074025335747e-04
  -1.665919046875e-01  -1.686908821835e-04
   1.413754304191e-02  -4.991198728611e-04
   1.746796668285e-01  -1.011624758892e-04
   8.003670499742e-02   4.440826760648e-04
  -1.311817699617e-01   3.412002808338e-04
  -1.510793973287e-01  -2.593905287982e-04
   4.950864125661e-02  -4.819405741739e-04
   1.778526811223e-01  -1.106680690899e-06
   4.658687910789e-02   4.812839091320e-04
  -1.525045386527e-01   2.608250409457e-04
  -1.293212983022e-01  -3.400248904556e-04
   8.304913606815e-02  -4.450166140152e-04
   1.736947859333e-01   9.952833171134e-05
   1.134858461497e-02   4.988840405791e-04
  -1.682003801100e-01   1.694438808847e-04
  -1.014954229954e-01  -4.071796525106e-04
   1.126681540657e-01  -3.895280676990e-04
   1.630856360057e-01   1.965476484771e-04
  -2.543110223310e-02   4.959199032858e-04
  -1.759746669641e-01   7.058998350580e-05
  -7.039621732543e-02  -4.577390429166e-04
   1.388379015638e-01  -3.176298113894e-04
   1.444959609495e-01   2.859521062027e-04
  -6.015217106260e-02   4.721245014296e-04
  -1.776117194199e-01  -3.165461793668e-05
  -3.500385710018e-02  -4.893656595273e-04
   1.581263684124e-01  -2.320545140141e-04
   1.208628244215e-01   3.637899642210e-04
  -9.354027591520e-02   4.282687019761e-04
  -1.708199721036e-01  -1.330880893155e-04
   1.151278805945e-03  -5.003666358692e-04
   1.716723247575e-01  -1.362762622448e-04
