   0.000000000000e+00  -2.000000000000e-04
   2.039074761845e-02  -1.922872270113e-04
   3.881248821648e-02  -1.686038519234e-04
   5.402756961449e-02  -1.309363054264e-04
   6.503466185015e-02  -8.241582278701e-05
   7.061269718900e-02  -2.705472366410e-05
   7.005534233847e-02   3.055560239682e-05
   6.373525083790e-02   8.562442187219e-05
   5.239781972308e-02   1.335865895853e-04
   3.663672724716e-02   1.704747920629e-04
   1.756550216721e-02   1.932179723653e-04
  -2.867433680571e-03   1.999069265817e-04
  -2.280289241742e-02   1.899886157686e-04
  -4.096527233283e-02   1.643040303111e-04
  -5.597429153145e-02   1.249854792685e-04
  -6.619454475038e-02   7.528764552026e-05
  -7.068488251559e-02   1.934324255986e-05
  -6.946820031792e-02  -3.819510318506e-05
  -6.270839285656e-02  -9.256555448314e-05
  -5.056970480122e-02  -1.392711289780e-04
  -3.402258224620e-02  -1.744242981884e-04
  -1.483632970363e-02  -1.950892267842e-04
   5.382435120840e-03  -1.995544471063e-04
   2.535058544165e-02  -1.874592905123e-04
   4.340294901135e-02  -1.598010577648e-04
   5.764497905213e-02  -1.188704746953e-04
   6.692415136102e-02  -6.807999891752e-05
   7.086718023169e-02  -1.165544742973e-05
   6.909223186586e-02   4.573593264541e-05
   6.135034665782e-02   9.934552567249e-05
   4.836763784658e-02   1.447129461925e-04
   3.161297840319e-02   1.780599878898e-04
   1.235946140200e-02   1.966248224079e-04
  -8.177179892684e-03   1.988683463402e-04
  -2.813857947425e-02   1.845894736354e-04
  -4.549727392614e-02   1.549713937817e-04
  -5.899737834982e-02   1.124938654810e-04
  -6.787045370569e-02   6.069268840175e-05
  -7.116675703276e-02   3.852597323792e-06
  -6.828084255368e-02  -5.331686260206e-05
  -5.968917340183e-02  -1.060602717283e-04
  -4.641784451759e-02  -1.499979281805e-04
  -2.931274078465e-02  -1.814939567121e-04
  -9.497380587142e-03  -1.979293810051e-04
   1.111203674927e-02  -1.979197300970e-04
   3.052264274237e-02  -1.814643878601e-04
   4.740819600861e-02  -1.499491780090e-04
   6.063344215754e-02  -1.059968426056e-04
   6.879901676312e-02  -5.324418426355e-05
   7.097735338528e-02   3.930643367803e-06
   6.730764993425e-02   6.077108321231e-05
   5.832350775721e-02   1.125646007431e-04
   4.443009850917e-02   1.550269541240e-04
   2.657654329726e-02   1.846252608109e-04
   6.604359988035e-03   1.988799429138e-04
  -1.365433377459e-02   1.966068815863e-04
  -3.289159953971e-02   1.780102084507e-04
  -4.964843874520e-02   1.446338616046e-04
  -6.214689889649e-02   9.924119829777e-05
  -6.924500034070e-02   4.561096622570e-05
  -7.074710683985e-02  -1.179246969384e-05
  -6.660224425212e-02  -6.821623922888e-05
  -5.675903235776e-02  -1.189932367861e-04
  -4.198792602818e-02  -1.598992474063e-04
  -2.391041676821e-02  -1.875209080853e-04
  -4.050598724062e-03  -1.995675747701e-04
   1.633723726678e-02  -1.950469242618e-04
   3.556164101149e-02  -1.743257226619e-04
   5.163038098276e-02  -1.391186015567e-04
   6.322873942631e-02  -9.236503423326e-05
   6.979053355275e-02  -3.795975800989e-05
   7.072760690079e-02   1.959401969570e-05
   6.556541507013e-02   7.553309856151e-05
   5.480398812325e-02   1.252044851298e-04
   3.972997882209e-02   1.644733249491e-04
   2.149007772416e-02   1.900858559210e-04
   1.212400819848e-03   1.999165719318e-04
  -1.927881322054e-02   1.931320336641e-04
  -3.790599841711e-02   1.702907648143e-04
  -5.329464673998e-02   1.333099341824e-04
  -6.452540854968e-02   8.527218291339e-05
  -7.046362176043e-02   3.015385686984e-05
  -7.027726861978e-02  -2.747566843980e-05
  -6.420915701788e-02  -8.282156498263e-05
  -5.308362306452e-02  -1.312880942479e-04
  -3.757743032348e-02  -1.688642050230e-04
  -1.867428766937e-02  -1.924263597737e-04
   1.793205029626e-03  -1.999966335950e-04
   2.183609809512e-02  -1.909421028676e-04
   4.006675097787e-02  -1.660324826316e-04
   5.524523134485e-02  -1.273431888758e-04
   6.581791429638e-02  -7.807702027140e-05
   7.064838593361e-02  -2.232599181859e-05
   6.964699022934e-02   3.526872196068e-05
   6.313637791069e-02   8.993059727721e-05
   5.132530701154e-02   1.371380091606e-04
   3.497806731520e-02   1.729655130038e-04
   1.580320491589e-02   1.944157438612e-04
  -4.419473160758e-03   1.997043888780e-04
  -2.437777317184e-02   1.884051549887e-04
  -4.256654397842e-02   1.614551183935e-04
  -5.709301839614e-02   1.210847440393e-04
  -6.663149956674e-02   7.065840175671e-05
  -7.078017698672e-02   1.437857750303e-05
  -6.928259447424e-02  -4.309190300797e-05
  -6.186986649823e-02  -9.699854606582e-05
  -4.909758871835e-02  -1.428584226903e-04
  -3.242033110440e-02  -1.768472362826e-04
  -1.325893158666e-02  -1.961445763733e-04
   7.189127697083e-03  -1.991541710552e-04
   2.723946048055e-02  -1.856154049436e-04
   4.483102946522e-02  -1.566451117629e-04
   5.850873379940e-02  -1.146658184214e-04
   6.753312984091e-02  -6.317947310643e-05
   7.112567787324e-02  -6.450984490890e-06
   6.859075400772e-02   5.082303062801e-05
   6.019507968231e-02   1.038788134572e-04
   4.703123620500e-02   1.483009292941e-04
   3.010372936803e-02   1.804078497389e-04
   1.042777805760e-02   1.975342939472e-04
  -1.023855409219e-02   1.982388463911e-04
  -2.979646690335e-02   1.824549530469e-04
  -4.677734404921e-02   1.515124983437e-04
  -6.013647981913e-02   1.079948860076e-04
  -6.857658958732e-02   5.550681965359e-05
  -7.104895663774e-02  -1.597641805108e-06
  -6.756259660139e-02  -5.856518022618e-05
  -5.873700414539e-02  -1.106645537106e-04
  -4.507011411212e-02  -1.535837560912e-04
  -2.738378845100e-02  -1.837564689948e-04
  -7.398784005547e-03  -1.986547217211e-04
   1.292613541064e-02  -1.970340399261e-04
   3.216845316217e-02  -1.790444340383e-04
   4.901334045805e-02  -1.461867086249e-04
   6.177901774114e-02  -1.011813690458e-04
   6.913562993068e-02  -4.776955054346e-05
   7.077255721847e-02   9.598440309584e-06
   6.680604821180e-02   6.616248630142e-05
   5.724486903803e-02   1.172431266549e-04
   4.265222212556e-02   1.585948789871e-04
   2.458071918417e-02   1.867616790920e-04
   4.734907488422e-03   1.993991685803e-04
  -1.559501842166e-02   1.954681809843e-04
  -3.488977187844e-02   1.752922539641e-04
  -5.117078082407e-02   1.405387108371e-04
  -6.294792973203e-02   9.410697040223e-05
  -6.962806727747e-02   3.987177835553e-05
  -7.076204020758e-02  -1.766982791162e-05
  -6.586591134562e-02  -7.375609541420e-05
  -5.526966230419e-02  -1.237237876494e-04
  -4.024525410147e-02  -1.634079270258e-04
  -2.209274192087e-02  -1.895145330927e-04
  -1.927582379062e-03  -1.998805179709e-04
   1.860489733747e-02  -1.936321871314e-04
   3.740392854440e-02  -1.712785391069e-04
   5.289687073757e-02  -1.346922026903e-04
   6.419238474176e-02  -8.693011178783e-05
   7.034040698594e-02  -3.195202858665e-05
   7.043266088548e-02   2.568821620970e-05
   6.449926517904e-02   8.119573362811e-05
   5.343046123627e-02   1.299513950769e-04
   3.807650683739e-02   1.679140735113e-04
   1.931801415509e-02   1.919324241841e-04
  -1.182958812640e-03   1.999910635787e-04
  -2.133455034675e-02   1.914091223572e-04
  -3.959847117847e-02   1.669160037328e-04
  -5.483089889256e-02   1.285605297069e-04
  -6.559655753571e-02   7.952166772747e-05
  -7.064335530386e-02   2.387003661214e-05
  -6.974975370413e-02  -3.375893597963e-05
  -6.333081600038e-02  -8.857723436372e-05
  -5.170009126823e-02  -1.360473107890e-04
  -3.549951467935e-02  -1.722262161895e-04
  -1.631249010430e-02  -1.940867267124e-04
   3.956889753216e-03  -1.998033280203e-04
   2.387649327410e-02  -1.889138405951e-04
   4.208624230476e-02  -1.623284919616e-04
   5.680383896209e-02  -1.222476675703e-04
   6.652394027524e-02  -7.200567629401e-05
   7.072563320758e-02  -1.579310738267e-05
   6.932660221740e-02   4.172253712860e-05
   6.213620366878e-02   9.578205389839e-05
   4.950447523891e-02   1.418940275919e-04
   3.280831772512e-02   1.762075219627e-04
   1.365659820155e-02   1.958659230560e-04
  -6.706412436643e-03   1.992446134660e-04
  -2.677814313520e-02   1.860580192952e-04
  -4.452397748626e-02   1.573912375979e-04
  -5.831035712282e-02   1.156383141440e-04
  -6.736949730766e-02   6.428880827883e-05
  -7.107522676546e-02   7.604498807205e-06
  -6.873510533093e-02  -4.972191929342e-05
  -6.044672268895e-02  -1.029242791434e-04
  -4.728704185756e-02  -1.475691627965e-04
  -3.042112106681e-02  -1.799502702022e-04
  -1.086034246934e-02  -1.973826938156e-04
   9.819186425511e-03  -1.984039504250e-04
   2.950577927602e-02  -1.829162051288e-04
   4.653257603354e-02  -1.522201518667e-04
   5.987878844630e-02  -1.088853165620e-04
   6.844407925133e-02  -5.650756364389e-05
   7.111952161757e-02   5.723422992688e-07
   6.769897643989e-02   5.760459575297e-05
   5.886541169348e-02   1.098426049169e-04
   4.530646457367e-02   1.529561374569e-04
   2.775024716357e-02   1.833668718105e-04
   7.735553129854e-03   1.985275941273e-04
  -1.267979113652e-02   1.971639735074e-04
  -3.191164829191e-02   1.794026791332e-04
  -4.874333164571e-02   1.467333088332e-04
  -6.162798014006e-02   1.018645556601e-04
  -6.912651519337e-02   4.852321263799e-05
  -7.079304773054e-02  -8.844055505080e-06
  -6.684171573258e-02  -6.546815570726e-05
  -5.740014844715e-02  -1.166611166706e-04
  -4.291635045604e-02  -1.581722159039e-04
  -2.481375171400e-02  -1.865314931309e-04
  -4.919320101753e-03  -1.993712245021e-04
   1.534869089238e-02  -1.956346567099e-04
   3.461383705515e-02  -1.756363147487e-04
   5.102194277622e-02  -1.410291278681e-04
   6.291221759595e-02  -9.469385367325e-05
   6.956639342734e-02  -4.049987628663e-05
   7.071425660890e-02   1.704895303248e-05
   6.597025725223e-02   7.318907776228e-05
   5.546331287307e-02   1.232573389853e-04
   4.037802453625e-02   1.630748436713e-04
   2.220981497713e-02   1.893265254032e-04
   2.135833786355e-03   1.998382320607e-04
  -1.838718800589e-02   1.937298777927e-04
  -3.729860455330e-02   1.714960128442e-04
  -5.284359781316e-02   1.349951222157e-04
  -6.409774388720e-02   8.728300758592e-05
  -7.027588359119e-02   3.232374421149e-05
  -7.048742708326e-02  -2.533052656216e-05
  -6.459459620304e-02  -8.088579365512e-05
  -5.347007205300e-02  -1.297129329959e-04
  -3.813300680496e-02  -1.677579925262e-04
  -1.947213796690e-02  -1.918655173113e-04
   1.033552086391e-03  -2.000172095535e-04
   2.128962046061e-02  -1.915195935731e-04
   3.955828965456e-02  -1.670899696781e-04
   5.471222342392e-02  -1.287780188237e-04
   6.552390276011e-02  -7.976554394792e-05
   7.069895970058e-02  -2.411665783328e-05
   6.979866602259e-02   3.353568991938e-05
   6.329681187173e-02   8.839174527759e-05
   5.171360428695e-02   1.359034828150e-04
   3.561072785930e-02   1.721284407473e-04
   1.637930595849e-02   1.940362999679e-04
  -3.982592224736e-03   1.997889767027e-04
  -2.386775140397e-02   1.889183205183e-04
  -4.201225463322e-02   1.623404932368e-04
  -5.678526769441e-02   1.222591124363e-04
  -6.657978883792e-02   7.200502443646e-05
  -7.073433959303e-02   1.577155485320e-05
  -6.926828951792e-02  -4.176275461331e-05
  -6.212562288600e-02  -9.583303878676e-05
  -4.955053304314e-02  -1.419508565696e-04
  -3.278682909154e-02  -1.762641559114e-04
  -1.356407926580e-02  -1.959086659915e-04
   6.734658749179e-03  -1.992596065840e-04
   2.674411244662e-02  -1.860408114003e-04
   4.456736598983e-02  -1.573407047114e-04
   5.840987432177e-02  -1.155492117201e-04
   6.737071715260e-02  -6.416092797339e-05
   7.100477934210e-02  -7.450995091984e-06
   6.873973029968e-02   4.988430641252e-05
   6.047942478227e-02   1.030830415915e-04
   4.720270048042e-02   1.477068574924e-04
   3.027645171269e-02   1.800404740035e-04
   1.079252352247e-02   1.974031677870e-04
  -9.865092177946e-03   1.983440112701e-04
  -2.963952842216e-02   1.827688275193e-04
  -4.667767763647e-02   1.519804469902e-04
  -5.991720057835e-02   1.085614777894e-04
  -6.843375842907e-02   5.612344471468e-05
  -7.115243554633e-02  -9.879081608881e-07
  -6.770071442478e-02  -5.802244881405e-05
  -5.874057033674e-02  -1.102272640475e-04
  -4.513753316523e-02  -1.532673311872e-04
  -2.764281636226e-02  -1.835726438484e-04
  -7.612984194391e-03  -1.986093612978e-04
   1.290194689878e-02  -1.971087280477e-04
   3.211614582538e-02  -1.792032137613e-04
   4.881849190919e-02  -1.464000823079e-04
   6.167865659586e-02  -1.014257974609e-04
   6.923486324550e-02  -4.801152583469e-05
   7.082246507010e-02   9.393129610103e-06
   6.670685052845e-02   6.600654141565e-05
   5.723933420845e-02   1.171336944833e-04
   4.280527378318e-02   1.585330674913e-04
   2.462678392073e-02   1.867450263933e-04
   4.618049597045e-03   1.994049683695e-04
  -1.561200326934e-02   1.954670473397e-04
  -3.477666412215e-02   1.752697171434e-04
  -5.118937098427e-02   1.404864249681e-04
  -6.309655327185e-02   9.400855620483e-05
  -6.963207166277e-02   3.971843484492e-05
  -7.062885577987e-02  -1.786265402912e-05
  -6.585303660236e-02  -7.396378806960e-05
  -5.533922591567e-02  -1.239287207247e-04
  -4.013496905555e-02  -1.635865922554e-04
  -2.185438871682e-02  -1.896275976724e-04
  -1.826506777133e-03  -1.998931325255e-04
   1.862024106802e-02  -1.935305987707e-04
   3.757534942077e-02  -1.710567361970e-04
   5.313346441268e-02  -1.343428200919e-04
   6.422700254738e-02  -8.646334186526e-05
   7.025075185055e-02  -3.140628444400e-05
   7.045699752667e-02   2.626633926587e-05
   6.452445338245e-02   8.176444321323e-05
   5.321574532337e-02   1.304589496798e-04
   3.775676515950e-02   1.682955580559e-04
   1.913906276374e-02   1.921355302615e-04
  -1.350350038295e-03   1.999886194436e-04
  -2.168756424327e-02   1.911830682153e-04
  -3.994457811230e-02   1.664557015282e-04
  -5.494007787874e-02   1.278856971683e-04
  -6.563153848657e-02   7.868517727752e-05
  -7.077664032632e-02   2.293396030213e-05
  -6.977215288458e-02  -3.472916535501e-05
  -6.306550291499e-02  -8.949746902449e-05
  -5.136386686748e-02  -1.368220050669e-04
  -3.526986195403e-02  -1.727774634087e-04
  -1.599525318946e-02  -1.943606194389e-04
   4.480313677693e-03  -1.997558200659e-04
   2.434504319942e-02  -1.885185442634e-04
   4.232611125753e-02  -1.616006332139e-04
   5.701546474993e-02  -1.212409279712e-04
   6.680438256493e-02  -7.078907430327e-05
   7.081165563324e-02  -1.445079534282e-05
   6.909735238483e-02   4.307777935632e-05
   6.184548740198e-02   9.702379212474e-05
   4.925920254847e-02   1.429126268505e-04
   3.237349180474e-02   1.769127350778e-04
   1.299627076434e-02   1.961763884936e-04
  -7.281541545760e-03   1.991052895340e-04
  -2.717316573022e-02   1.854651702552e-04
  -4.496462194464e-02   1.563836855595e-04
  -5.877904091167e-02   1.142780118035e-04
  -6.755835922772e-02   6.266917628267e-05
  -7.095906926213e-02   5.860116446820e-06
  -6.857839467181e-02  -5.143940377125e-05
  -6.023964210762e-02  -1.044739379802e-04
  -4.678044598871e-02  -1.488183886628e-04
  -2.968362910937e-02  -1.807723546329e-04
  -1.020800815884e-02  -1.976839429168e-04
   1.037814351536e-02  -1.981466023663e-04
   3.017943662649e-02  -1.821074706553e-04
   4.720355017303e-02  -1.509006446244e-04
   6.023307206563e-02  -1.071436515537e-04
   6.851876983250e-02  -5.448594767968e-05
   7.115181634350e-02   2.706362029107e-06
   6.758939402252e-02   5.968237605517e-05
   5.837034311206e-02   1.116900923752e-04
   4.456953757889e-02   1.543989842749e-04
   2.706650527925e-02   1.842650360121e-04
   7.030060801192e-03   1.987967756490e-04
  -1.357700924555e-02   1.967643795346e-04
  -3.277533149826e-02   1.783375202951e-04
  -4.928332249227e-02   1.450707821959e-04
  -6.196184743125e-02   9.973825224711e-05
  -6.942079469011e-02   4.610111574609e-05
  -7.083343991208e-02  -1.137565312515e-05
  -6.643110735176e-02  -6.789857677939e-05
  -5.676058301961e-02  -1.187713184397e-04
  -4.226864730042e-02  -1.597744085074e-04
  -2.400304523794e-02  -1.874859022471e-04
  -3.848548584867e-03  -1.995784344757e-04
   1.637815162046e-02  -1.950467170503e-04
   3.536344147455e-02  -1.742832448942e-04
   5.164677466543e-02  -1.390158707256e-04
   6.349498619064e-02  -9.217212835483e-05
   6.982204867458e-02  -3.765980678164e-05
   7.048771232047e-02   1.997317382258e-05
   6.551298039056e-02   7.594263054362e-05
   5.491681119425e-02   1.256065005762e-04
   3.953230571617e-02   1.648209813252e-04
   2.104055045069e-02   1.903034223696e-04
   9.965330517726e-04   1.999352681811e-04
  -1.933347165354e-02   1.929229359334e-04
  -3.823588054140e-02   1.698417197659e-04
  -5.373534850144e-02   1.326085865014e-04
  -6.459611748387e-02   8.434063373282e-05
  -7.030941944073e-02   2.906751104384e-05
  -7.031524427609e-02  -2.862500479169e-05
  -6.422780902397e-02  -8.394856820966e-05
  -5.266415583734e-02  -1.322884968657e-04
  -3.696203317503e-02  -1.696113245472e-04
  -1.829663589607e-02  -1.928174190738e-04
   2.144509534303e-03  -1.999758524651e-04
   2.250895810388e-02  -1.904747378436e-04
   4.074184875111e-02  -1.651013994833e-04
   5.549323226205e-02  -1.259880120305e-04
   6.588666520400e-02  -7.640153243102e-05
   7.086891979978e-02  -2.045642924043e-05
   6.968274755342e-02   3.719884133738e-05
   6.263834855675e-02   9.175521295119e-05
   5.065180411942e-02   1.386691200331e-04
   3.448212434406e-02   1.740468562238e-04
   1.516203146197e-02   1.949390983700e-04
  -5.433609398101e-03   1.995847762898e-04
  -2.529747066809e-02   1.875937683366e-04
  -4.306578806201e-02   1.599836717865e-04
  -5.752437696041e-02   1.190601817724e-04
  -6.715719402525e-02   6.822031642987e-05
  -7.092423651414e-02   1.169834534611e-05
  -6.884117251082e-02  -4.578888177413e-05
  -6.129469229919e-02  -9.946253576328e-05
  -4.857226505495e-02  -1.448708071842e-04
  -3.154176038860e-02  -1.782268835195e-04
  -1.197016709425e-02  -1.967324347318e-04
   8.340824233050e-03  -1.988450113677e-04
   2.805614370278e-02  -1.844022739870e-04
   4.568757022572e-02  -1.546063870552e-04
   5.940163379105e-02  -1.119302668366e-04
   6.792134880663e-02  -5.993656722697e-05
   7.091268813172e-02  -2.967540419482e-06
   6.824021439581e-02   5.424438057668e-05
   5.974049951610e-02   1.069539767143e-04
   4.603339677107e-02   1.507658862655e-04
   2.865446278791e-02   1.820142558330e-04
   9.106664321939e-03   1.980982097289e-04
  -1.138229623266e-02   1.976857236362e-04
  -3.112600576675e-02   1.808016317859e-04
  -4.807666688818e-02   1.488452497615e-04
  -6.083628597310e-02   1.044949148263e-04
  -6.874269944785e-02   5.145859127035e-05
  -7.109258009024e-02  -5.859757602891e-06
  -6.729706071259e-02  -6.270204300467e-05
  -5.774483962626e-02  -1.143276842449e-04
  -4.361672681793e-02  -1.564290611205e-04
  -2.599360345534e-02  -1.855080900393e-04
  -5.964737523723e-03  -1.991449714406e-04
   1.468691123711e-02  -1.961869779120e-04
   3.386869113742e-02  -1.768734862237e-04
   5.011553865809e-02  -1.428312537394e-04
   6.244081374645e-02  -9.690832354176e-05
   6.966556771964e-02  -4.291812936417e-05
   7.082850042306e-02   1.465186511769e-05
   6.600888261894e-02   7.099860007047e-05
   5.595819970364e-02   1.214279951719e-04
   4.130954765395e-02   1.617538695804e-04
   2.294521367615e-02   1.886164411566e-04
   2.627029936693e-03   1.997563989887e-04
  -1.763286472055e-02   1.942388653873e-04
  -3.640570353756e-02   1.725403632613e-04
  -5.242321122911e-02   1.364760086304e-04
  -6.406704566918e-02   8.904049746582e-05
  -7.009695279839e-02   3.418653324445e-05
  -7.031512569607e-02  -2.350469229398e-05
  -6.495036648509e-02  -7.923426383951e-05
  -5.413097169224e-02  -1.283794522361e-04
  -3.853261277839e-02  -1.668443989195e-04
  -1.978329884658e-02  -1.914048965120e-04
   3.489428544140e-04  -2.000112567865e-04
   2.052501228650e-02  -1.919584768021e-04
   3.925287358719e-02  -1.679165870288e-04
   5.462412782341e-02  -1.298794128571e-04
   6.518656962406e-02  -8.102435967167e-05
   7.042011414971e-02  -2.543626037527e-05
   7.004127683126e-02   3.226317154918e-05
   6.370958596455e-02   8.728760786524e-05
   5.182376207618e-02   1.350507705438e-04
   3.575698922176e-02   1.715576323684e-04
   1.694590383430e-02   1.937674849773e-04
  -3.435666378782e-03   1.998371733749e-04
  -2.375368358978e-02   1.892507220915e-04
  -4.191477811282e-02   1.628805672869e-04
  -5.637520689898e-02   1.229392479994e-04
  -6.633150924104e-02   7.277144112505e-05
  -7.095266426116e-02   1.654695032116e-05
  -6.945632490799e-02  -4.106570975232e-05
  -6.199799569166e-02  -9.526188069195e-05
  -4.959138613499e-02  -1.415189982907e-04
  -3.321496125967e-02  -1.759923577691e-04
  -1.384554890110e-02  -1.958135499902e-04
   6.828239865136e-03  -1.993138245938e-04
   2.670081551085e-02  -1.861912051749e-04
   4.420930369059e-02  -1.575549910223e-04
   5.827358193015e-02  -1.158054703914e-04
   6.760912313948e-02  -6.441225510091e-05
   7.106400774638e-02  -7.648486292352e-06
   6.848671409667e-02   4.974836050017e-05
   6.045999735392e-02   1.029946453160e-04
   4.748851711752e-02   1.476694631838e-04
   3.029349740467e-02   1.800527878578e-04
   1.050061467275e-02   1.974251244372e-04
  -9.895936536203e-03   1.983286435216e-04
  -2.941845571060e-02   1.827024127178e-04
  -4.676438086154e-02   1.518566934011e-04
  -6.023796656173e-02   1.083531455780e-04
  -6.841437309305e-02   5.581839173486e-05
  -7.088600873982e-02  -1.356204299064e-06
  -6.772744804481e-02  -5.841084223273e-05
  -5.891132554669e-02  -1.106119648236e-04
  -4.491245909715e-02  -1.536113539169e-04
  -2.720049248060e-02  -1.838071851147e-04
  -7.492333831528e-03  -1.986776829348e-04
   1.288417178508e-02  -1.969941394633e-04
   3.245555112812e-02  -1.788957088731e-04
   4.926468255610e-02  -1.458804846164e-04
   6.170155784054e-02  -1.007076958293e-04
   6.906860831478e-02  -4.715903790326e-05
   7.094402530549e-02   1.030883212516e-05
   6.681890100516e-02   6.692754035462e-05
   5.686644078412e-02   1.179795370400e-04
   4.228245315146e-02   1.591958632356e-04
   2.442457324324e-02   1.871418656181e-04
   4.400375536872e-03   1.994959439603e-04
  -1.623161285394e-02   1.952178891290e-04
  -3.535984396497e-02   1.746517591083e-04
  -5.131219960519e-02   1.395248992621e-04
  -6.315584949018e-02   9.278401154973e-05
  -6.994882981936e-02   3.831822161813e-05
  -7.072828042236e-02  -1.934844847099e-05
  -6.541455389965e-02  -7.540645930222e-05
  -5.484557382406e-02  -1.251768682697e-04
  -3.989163904219e-02  -1.645216272417e-04
  -2.140646211095e-02  -1.901675963803e-04
  -9.614954941514e-04  -1.999604352450e-04
   1.934950736773e-02  -1.930704225525e-04
   3.788287726011e-02  -1.700849480038e-04
   5.348095711419e-02  -1.329351540963e-04
   6.477471108640e-02  -8.471080576513e-05
   7.043784469138e-02  -2.942298767751e-05
   7.009049426243e-02   2.831192312902e-05
   6.414390178508e-02   8.367935081088e-05
   5.297433007410e-02   1.320809905511e-04
   3.713511802163e-02   1.694885042882e-04
   1.809493964848e-02   1.927642064882e-04
  -2.192255387613e-03   1.999549204274e-04
  -2.221469563582e-02   1.904728754437e-04
  -4.065367297868e-02   1.651167187567e-04
  -5.576165185930e-02   1.259917267392e-04
  -6.594734492026e-02   7.636046604768e-05
  -7.059840402686e-02   2.037555517718e-05
  -6.963980745966e-02  -3.729773878193e-05
  -6.289508221992e-02  -9.187300587945e-05
  -5.063330645567e-02  -1.388062393306e-04
  -3.414828039543e-02  -1.741683439138e-04
  -1.508944277511e-02  -1.950047625072e-04
   5.239632710599e-03  -1.995878970863e-04
   2.540443574148e-02  -1.875343219810e-04
   4.342574080767e-02  -1.598372553896e-04
   5.755467033342e-02  -1.188119773034e-04
   6.692532664145e-02  -6.789756428775e-05
   7.098811532419e-02  -1.133631523210e-05
   6.907722208462e-02   4.617682400758e-05
   6.113947496720e-02   9.985086895818e-05
   4.818012649230e-02   1.451984065043e-04
   3.146656185539e-02   1.784390513943e-04
   1.203069685852e-02   1.968097574723e-04
  -8.665047170267e-03   1.987686902886e-04
  -2.851850302208e-02   1.841371602998e-04
  -4.574736386970e-02   1.541452862393e-04
  -5.930085131664e-02   1.113140151339e-04
  -6.814332393041e-02   5.921132944427e-05
  -7.114744864496e-02   2.166676910864e-06
  -6.799937543817e-02  -5.506146701240e-05
  -5.935381340709e-02  -1.076948945198e-04
  -4.596916715484e-02  -1.513559609607e-04
  -2.856895438718e-02  -1.824132137887e-04
  -8.587077925697e-03  -1.982617422393e-04
   1.191908291961e-02  -1.975638737171e-04
   3.124171280967e-02  -1.803876774042e-04
   4.816039026558e-02  -1.481809560441e-04
   6.124300509819e-02  -1.036243900544e-04
   6.900768407230e-02  -5.042513047248e-05
   7.085090825415e-02   6.972543765401e-06
   6.701066205146e-02   6.377878400758e-05
   5.773702130651e-02   1.152739578760e-04
   4.341244191158e-02   1.571740664936e-04
   2.533030583090e-02   1.859680999500e-04
   5.382509687671e-03   1.992399551253e-04
  -1.489877103674e-02   1.958918515965e-04
  -3.419471461739e-02   1.762110658604e-04
  -5.073174772636e-02   1.418303048970e-04
  -6.277257803559e-02   9.561671846198e-05
  -6.950636465115e-02   4.144079387535e-05
  -7.071360763093e-02  -1.617791582226e-05
  -6.607790871425e-02  -7.245535293013e-05
  -5.566155618867e-02  -1.227073249149e-04
  -4.056704693387e-02  -1.627289078730e-04
  -2.236094349621e-02  -1.891751919241e-04
  -2.311815094132e-03  -1.998494039135e-04
   1.820276013495e-02  -1.938601217937e-04
   3.720805049592e-02  -1.716935892350e-04
   5.283663205997e-02  -1.352023662035e-04
   6.406380636171e-02  -8.744975376376e-05
   7.022302533429e-02  -3.241971213619e-05
   7.050561378718e-02   2.531764182783e-05
   6.463468255000e-02   8.095323813817e-05
   5.341357099911e-02   1.298360685936e-04
   3.800931425096e-02   1.678895717430e-04
   1.937167219327e-02   1.919495418565e-04
  -1.150663753061e-03   2.000002284364e-04
  -2.149226603348e-02   1.913522627030e-04
  -3.977961981164e-02   1.667334702879e-04
  -5.485466580028e-02   1.282180435340e-04
  -6.560523200652e-02   7.901851835667e-05
  -7.075827576859e-02   2.322484711574e-05
  -6.976964293728e-02  -3.450774207915e-05
  -6.310446656883e-02  -8.935675708355e-05
  -5.140713898327e-02  -1.367583154134e-04
  -3.526749189728e-02  -1.727706135044e-04
  -1.596426335005e-02  -1.943767684064e-04
   4.505696579036e-03  -1.997562627170e-04
   2.438671694430e-02  -1.884668349458e-04
   4.240886511415e-02  -1.614655824672e-04
   5.709817209534e-02  -1.210015567931e-04
   6.683824531197e-02  -7.044210516602e-05
   7.080879721603e-02  -1.401326429104e-05
   6.907356110090e-02   4.357203802128e-05
   6.176034464257e-02   9.752696584772e-05
   4.908148501677e-02   1.433643452161e-04
   3.213961957008e-02   1.772465886554e-04
   1.274330255066e-02   1.963309338298e-04
  -7.567472897592e-03   1.990317965688e-04
  -2.748733403368e-02   1.851317189356e-04
  -4.524195118604e-02   1.557814930204e-04
  -5.897059207062e-02   1.134280654760e-04
  -6.767139578243e-02   6.162211155021e-05
  -7.098552689157e-02   4.690869696367e-06
  -6.846796993125e-02  -5.263585776453e-05
  -5.997703240950e-02  -1.055875973242e-04
  -4.641060827825e-02  -1.497352511281e-04
  -2.923771894088e-02  -1.813881449047e-04
  -9.683375631014e-03  -1.979139956755e-04
   1.094691284508e-02  -1.979334465599e-04
   3.070902855378e-02  -1.814301595462e-04
   4.763861336434e-02  -1.497819426835e-04
   6.056194119963e-02  -1.056494694183e-04
   6.870612473820e-02  -5.271988060935e-05
   7.113571864080e-02   4.608493418057e-06
   6.735628151057e-02   6.156079739191e-05
   5.795974172868e-02   1.133759360772e-04
   4.400352136886e-02   1.557311930627e-04
   2.635145342009e-02   1.851038088188e-04
   6.224226288037e-03   1.990359901571e-04
  -1.437623897556e-02   1.963454394646e-04
  -3.350502273423e-02   1.772590976368e-04
  -4.990655479168e-02   1.433899477132e-04
  -6.240852656319e-02   9.756693607459e-05
  -6.961325083283e-02   4.360097701873e-05
  -7.075318186516e-02  -1.400396879662e-05
  -6.609844628979e-02  -7.043341196820e-05
  -5.617843866861e-02  -1.209894681691e-04
  -4.144928929392e-02  -1.614685906692e-04
  -2.302008032699e-02  -1.884831382795e-04
  -2.803516418924e-03  -1.997592830148e-04
   1.741290278314e-02  -1.943591203660e-04
   3.632122148030e-02  -1.727480379812e-04
   5.242601151174e-02  -1.367274030857e-04
   6.399935776154e-02  -8.929494084356e-05
   7.001329693283e-02  -3.441739726830e-05
   7.035682750511e-02   2.331754661171e-05
   6.504059777312e-02   7.910745315757e-05
   5.411120384734e-02   1.283135273746e-04
   3.846820416108e-02   1.668193272927e-04
   1.981607613372e-02   1.913946135927e-04
  -3.090899993863e-04   1.999927296924e-04
  -2.062620325279e-02   1.919038316846e-04
  -3.938435288196e-02   1.677938666468e-04
  -5.462384163485e-02   1.296712214108e-04
  -6.516052591017e-02   8.073485692828e-05
  -7.050098800063e-02   2.507791671195e-05
  -7.008444444089e-02  -3.267223510902e-05
  -6.357185785884e-02  -8.771043853644e-05
  -5.164556472488e-02  -1.354345148643e-04
  -3.566290531508e-02  -1.718538930259e-04
  -1.679873449616e-02  -1.939374790515e-04
   3.725480816843e-03  -1.998426827075e-04
   2.402139397296e-02  -1.890608393770e-04
   4.205052806017e-02  -1.624893504547e-04
   5.650010846990e-02  -1.223655930708e-04
   6.650082349717e-02  -7.204698488683e-05
   7.100805666884e-02  -1.571782231752e-05
   6.931943822649e-02   4.193005333056e-05
   6.180793125432e-02   9.607699849080e-05
   4.941259386964e-02   1.422038601852e-04
   3.290998730971e-02   1.764733602386e-04
   1.338219067071e-02   1.960207833903e-04
  -7.258128137172e-03   1.991935418623e-04
  -2.701532921151e-02   1.857250059482e-04
  -4.454517994651e-02   1.567587079025e-04
  -5.863026044618e-02   1.147179169114e-04
  -6.777110367179e-02   6.310046217394e-05
  -7.098677531068e-02   6.215484679928e-06
  -6.834783704303e-02  -5.117966842135e-05
  -6.026831084690e-02  -1.043036071883e-04
  -4.707385753652e-02  -1.487395023116e-04
  -2.969286969335e-02  -1.807718856115e-04
  -9.931014081532e-03  -1.977067068007e-04
   1.040831347445e-02  -1.981300616680e-04
   2.998871671275e-02  -1.820204390317e-04
   4.731229373136e-02  -1.507216509928e-04
   6.056416548787e-02  -1.068379795431e-04
   6.852003633447e-02  -5.404107426812e-05
   7.089402254221e-02   3.250789487468e-06
   6.758535076556e-02   6.026819030527e-05
   5.848262244804e-02   1.122706823502e-04
   4.427338056202e-02   1.549108592182e-04
   2.653791554050e-02   1.846122284473e-04
   6.797258771086e-03   1.988974738954e-04
  -1.369974542737e-02   1.965816992596e-04
  -3.324802417546e-02   1.778489809975e-04
  -4.981503835384e-02   1.442569764027e-04
  -6.204449810481e-02   9.862679050112e-05
  -6.931242937972e-02   4.478065734779e-05
  -7.095601253364e-02  -1.280064497738e-05
  -6.644922255434e-02  -6.932605009127e-05
  -5.625046381953e-02  -1.200701628178e-04
  -4.159157815441e-02  -1.607888737962e-04
  -2.359227847089e-02  -1.880911483186e-04
  -3.381427433132e-03  -1.996996627151e-04
   1.723207848554e-02  -1.946288583436e-04
   3.615957243559e-02  -1.732960086257e-04
   5.195947365795e-02  -1.375004965975e-04
   6.367483220057e-02  -9.024267321729e-05
   7.017036662433e-02  -3.545543437445e-05
   7.054877347237e-02   2.229733751437e-05
   6.495858249036e-02   7.818650763249e-05
   5.421193730230e-02   1.275452429476e-04
   3.899879337280e-02   1.662664109570e-04
   2.025591560358e-02   1.911158676847e-04
  -2.175359903212e-04   1.999974549277e-04
  -2.039683294286e-02   1.921635682016e-04
  -3.885711214566e-02   1.682858481481e-04
  -5.434892974656e-02   1.303656550383e-04
  -6.529511355458e-02   8.155920402155e-05
  -7.051450494155e-02   2.594194664792e-05
  -6.987445117302e-02  -3.183154668915e-05
  -6.367329765279e-02  -8.694463000201e-05
  -5.211236196581e-02  -1.348148184059e-04
  -3.593207839371e-02  -1.714426438532e-04
  -1.680914181229e-02  -1.937496358963e-04
   3.453221190713e-03  -1.998697335164e-04
   2.349783679984e-02  -1.893045490074e-04
   4.184131664251e-02  -1.629362621563e-04
   5.660750063754e-02  -1.229577407191e-04
   6.638942793029e-02  -7.271503488157e-05
   7.072643569349e-02  -1.641723319611e-05
   6.941211215251e-02   4.124453356477e-05
   6.218782959606e-02   9.547601195520e-05
   4.952384731119e-02   1.417461770979e-04
   3.285690851592e-02   1.761747472712e-04
   1.368202568303e-02   1.958870283304e-04
  -6.789302736778e-03   1.992446423644e-04
  -2.691785445015e-02   1.859580961919e-04
  -4.462568838565e-02   1.571280061804e-04
  -5.839610868241e-02   1.151771375603e-04
  -6.747765101507e-02   6.362502627870e-05
  -7.111935555553e-02   6.765971853495e-06
  -6.862208988816e-02  -5.066861501324e-05
  -6.021481772186e-02  -1.038781921653e-04
  -4.699023188186e-02  -1.484112697262e-04
  -3.000907914456e-02  -1.805571222112e-04
  -1.030260353584e-02  -1.976351704578e-04
   1.042140188785e-02  -1.982028547001e-04
   3.004900718124e-02  -1.822030226711e-04
   4.702048603797e-02  -1.509880448906e-04
   6.029855670424e-02  -1.071793190640e-04
   6.867602554821e-02  -5.442593630143e-05
   7.107687363929e-02   2.877007757857e-06
   6.742202097909e-02   5.993704600018e-05
   5.838807793922e-02   1.119869049297e-04
   4.458054884223e-02   1.546941871694e-04
   2.678821442430e-02   1.844943721807e-04
   6.674481763702e-03   1.988777336689e-04
  -1.372945641679e-02   1.966329115341e-04
  -3.292555925340e-02   1.779625383113e-04
  -4.964301635331e-02   1.444354062577e-04
  -6.225155480097e-02   9.884303929062e-05
  -6.938615808496e-02   4.499314373779e-05
  -7.070836687582e-02  -1.260434471479e-05
  -6.640009172506e-02  -6.914312150231e-05
  -5.654684371572e-02  -1.199212587544e-04
  -4.169785843201e-02  -1.606992757205e-04
  -2.338018655457e-02  -1.880520067236e-04
  -3.380426503284e-03  -1.996885283456e-04
   1.692933816727e-02  -1.946481700032e-04
   3.609467444277e-02  -1.733527325628e-04
   5.220443706125e-02  -1.375713169031e-04
   6.368507634023e-02  -9.029915371896e-05
   6.990152371358e-02  -3.550087066340e-05
   7.054697671153e-02   2.225235630983e-05
   6.522890034141e-02   7.815774164301e-05
   5.419891637232e-02   1.275468302628e-04
   3.873181345446e-02   1.662785324090e-04
   2.028541116779e-02   1.911161615608e-04
   3.147089894724e-05   1.999929197331e-04
  -2.047361524161e-02   1.921587460725e-04
  -3.913484019748e-02   1.682563602683e-04
  -5.428870257569e-02   1.302951815344e-04
  -6.505825463491e-02   8.146526572627e-05
  -7.061770023573e-02   2.583892977530e-05
  -7.011188912883e-02  -3.195410394085e-05
  -6.353802981785e-02  -8.708394879958e-05
  -5.183610632181e-02  -1.349370948811e-04
  -3.600469234727e-02  -1.715240443058e-04
  -1.697595367056e-02  -1.937946363781e-04
   3.662476323168e-03  -1.998729337955e-04
   2.379716255710e-02  -1.892379258436e-04
   4.176155839468e-02  -1.627912717890e-04
   5.644363153070e-02  -1.227588052585e-04
   6.658256660712e-02  -7.247836794026e-05
   7.094284317689e-02  -1.613973730171e-05
   6.921715152324e-02   4.154421822239e-05
   6.193768760416e-02   9.575104903711e-05
   4.962853217726e-02   1.419670012613e-04
   3.293185674455e-02   1.763370453825e-04
   1.335564047724e-02   1.959703997763e-04
  -7.086069484298e-03   1.992131176321e-04
  -2.682929331303e-02   1.858065077922e-04
  -4.458970144348e-02   1.568813518702e-04
  -5.870828738634e-02   1.148467072361e-04
  -6.765572538270e-02   6.321334705312e-05
  -7.088648058860e-02   6.308685269814e-06
  -6.846434316734e-02  -5.111394565644e-05
  -6.036934878459e-02  -1.042774922652e-04
  -4.696051645640e-02  -1.487459594906e-04
  -2.959622799183e-02  -1.807864029748e-04
  -1.002933940794e-02  -1.977130600039e-04
   1.035750148658e-02  -1.981214861306e-04
   3.015022924254e-02  -1.819791688133e-04
   4.742902887317e-02  -1.506244007115e-04
   6.047232181762e-02  -1.066815617264e-04
   6.847141582145e-02  -5.384010831246e-05
   7.102328156007e-02   3.486609271406e-06
   6.761677386788e-02   6.052963408988e-05
   5.828763811870e-02   1.125275906289e-04
   4.413155112045e-02   1.551214390486e-04
   2.655733459977e-02   1.847492862902e-04
   6.697005573285e-03   1.989437416097e-04
  -1.398924510746e-02   1.965112258295e-04
  -3.341804919760e-02   1.776406982320e-04
  -4.979484078497e-02   1.439184560799e-04
  -6.211819522957e-02   9.818320962882e-05
  -6.949942782673e-02   4.425423047028e-05
  -7.094721919510e-02  -1.337872297120e-05
  -6.622825389983e-02  -6.989956864186e-05
  -5.611637498333e-02  -1.205768324889e-04
  -4.154478213301e-02  -1.611832053199e-04
  -2.334851154918e-02  -1.883340879984e-04
  -2.979158569174e-03  -1.997467972306e-04
   1.747667954443e-02  -1.944513055950e-04
   3.625794901606e-02  -1.728997693433e-04
   5.218161086370e-02  -1.369108733995e-04
   6.395031610086e-02  -8.948864588795e-05
   7.019092226736e-02  -3.458541432787e-05
   7.037013996167e-02   2.320500118469e-05
   6.486651915712e-02   7.904789348393e-05
   5.412593081759e-02   1.282908689270e-04
   3.864922038401e-02   1.668284088329e-04
   1.977242586493e-02   1.914229685817e-04
  -5.320524604153e-04   2.000024630910e-04
  -2.064179892552e-02   1.918588117857e-04
  -3.926377029864e-02   1.676841463920e-04
  -5.473351563234e-02   1.294923592315e-04
  -6.538001570938e-02   8.047295232181e-05
  -7.045109642660e-02   2.473702804031e-05
  -6.988943685442e-02  -3.305448433597e-05
  -6.358098116230e-02  -8.809144253634e-05
  -5.169983044038e-02  -1.357837872633e-04
  -3.541879639007e-02  -1.721302400637e-04
  -1.643899822149e-02  -1.940822689610e-04
   3.849597911712e-03  -1.998134281152e-04
   2.408128869171e-02  -1.888472124634e-04
   4.235324557047e-02  -1.620890045761e-04
   5.681693862826e-02  -1.217773293105e-04
   6.649150704028e-02  -7.130031652583e-05
   7.088029384600e-02  -1.487952168638e-05
   6.937011680602e-02   4.278911284128e-05
   6.178784815409e-02   9.689368912949e-05
   4.903454771428e-02   1.428993927767e-04
   3.245721898633e-02   1.769566752623e-04
   1.315001723490e-02   1.962274599949e-04
  -7.532342004207e-03   1.990950839880e-04
  -2.754655814741e-02   1.853033648440e-04
  -4.498515050552e-02   1.560106262954e-04
  -5.872245853828e-02   1.136871322057e-04
  -6.781676869632e-02   6.187246847080e-05
  -7.116259666695e-02   4.882059323183e-06
  -6.830122672083e-02  -5.252200416684e-05
  -5.982723512140e-02  -1.055326125571e-04
  -4.660460889738e-02  -1.497251111751e-04
  -2.937629076645e-02  -1.814164130729e-04
  -9.445705255738e-03  -1.979460285409e-04
   1.115396436007e-02  -1.979134239918e-04
   3.058083442630e-02  -1.813269159748e-04
   4.758281320634e-02  -1.495911755657e-04
   6.084115881017e-02  -1.053585838389e-04
   6.886919740864e-02  -5.231631738584e-05
   7.091312146598e-02   5.096636757863e-06
   6.718830057492e-02   6.207359452303e-05
   5.806506760683e-02   1.138646286362e-04
   4.391182784255e-02   1.561533229923e-04
   2.587992771681e-02   1.853907626626e-04
   5.874942673123e-03   1.991137990151e-04
  -1.443060807969e-02   1.961805830363e-04
  -3.373668323464e-02   1.768483045040e-04
  -5.039470747992e-02   1.427277774082e-04
  -6.261740379124e-02   9.666765853692e-05
  -6.944858260584e-02   4.253311085429e-05
  -7.070527740927e-02  -1.514340958852e-05
  -6.619092740176e-02  -7.155812967013e-05
  -5.590428846500e-02  -1.220078532266e-04
  -4.081838669191e-02  -1.622623463541e-04
  -2.256358653485e-02  -1.889437926722e-04
  -2.534461858106e-03  -1.998281496469e-04
   1.795596750556e-02  -1.940089186669e-04
   3.704609682120e-02  -1.719609853897e-04
   5.278399770644e-02  -1.355268210490e-04
   6.401915743756e-02  -8.777156152182e-05
   7.016195281733e-02  -3.269494209787e-05
   7.051420438848e-02   2.511593887033e-05
   6.470517669964e-02   8.083859577311e-05
   5.342796764110e-02   1.298034514784e-04
   3.795362079139e-02   1.679110562768e-04
   1.934154451832e-02   1.919839999698e-04
  -1.163838083010e-03   2.000057016411e-04
  -2.158668197921e-02   1.912873969771e-04
  -3.992736019329e-02   1.665591565526e-04
  -5.493587195757e-02   1.279102566168e-04
  -6.562459543012e-02   7.857829375114e-05
  -7.079727363669e-02   2.267396986630e-05
  -6.977910691672e-02  -3.513159992913e-05
  -6.297292770937e-02  -8.999592399272e-05
  -5.116840475146e-02  -1.373365187945e-04
  -3.502400053674e-02  -1.732079800873e-04
  -1.568710182116e-02  -1.946025957799e-04
   4.888850711600e-03  -1.997108987128e-04
   2.479657739938e-02  -1.881070076922e-04
   4.271532630166e-02  -1.607790833554e-04
   5.731744195869e-02  -1.200145448726e-04
   6.702842393561e-02  -6.921211219572e-05
   7.088295767599e-02  -1.262394146283e-05
   6.892360364398e-02   4.500872591179e-05
   6.144655737052e-02   9.887758993281e-05
   4.869978007420e-02   1.444940053967e-04
   3.164151721442e-02   1.780335604249e-04
   1.208503090600e-02   1.966711199214e-04
  -8.256829665651e-03   1.988498150507e-04
  -2.807581880722e-02   1.843994656595e-04
  -4.575768329340e-02   1.545243310912e-04
  -5.942672839242e-02   1.117172647742e-04
  -6.792811416900e-02   5.957203504139e-05
  -7.094709571827e-02   2.460014645382e-06
  -6.821546803312e-02  -5.485805350345e-05
  -5.957027166614e-02  -1.076048492945e-04
  -4.577384950137e-02  -1.513599723564e-04
  -2.836575418748e-02  -1.824506464580e-04
  -8.742307147655e-03  -1.982816729517e-04
   1.183672042942e-02  -1.975336556659e-04
   3.157294164877e-02  -1.802574469208e-04
   4.843690063617e-02  -1.478937975973e-04
   6.111251005193e-02  -1.031675523194e-04
   6.891568064807e-02  -4.983052728068e-05
   7.107984166792e-02   7.671386794822e-06
   6.705205288438e-02   6.454231164406e-05
   5.730686823080e-02   1.160173464580e-04
   4.302373001296e-02   1.577846077982e-04
   2.523084445128e-02   1.863595764036e-04
   5.062167970314e-03   1.993510212398e-04
  -1.559938210161e-02   1.956535371973e-04
  -3.468551970388e-02   1.755728441078e-04
  -5.082205387112e-02   1.408090008387e-04
  -6.297932114897e-02   9.427950624723e-05
  -6.989414355298e-02   3.986394245067e-05
  -7.068935069116e-02  -1.789116011186e-05
  -6.556471910756e-02  -7.414582351330e-05
  -5.522866652261e-02  -1.241979291676e-04
  -4.026466005996e-02  -1.638756349358e-04
  -2.166087629401e-02  -1.898556179218e-04
  -1.265557225564e-03  -1.999435161217e-04
   1.896617487072e-02  -1.932923826794e-04
   3.764416195958e-02  -1.704753568191e-04
   5.344101433515e-02  -1.334058341446e-04
   6.472097282841e-02  -8.517507050677e-05
   7.032006958768e-02  -2.982024540351e-05
   7.009871869297e-02   2.801723689393e-05
   6.427842787541e-02   8.350766163808e-05
   5.300113042756e-02   1.320274864896e-04
   3.702841418375e-02   1.695126009084e-04
   1.805596885624e-02   1.928063760642e-04
  -2.174848307106e-03   1.999582570796e-04
  -2.234386614744e-02   1.903816357899e-04
  -4.088585824439e-02   1.648747845184e-04
  -5.586634373370e-02   1.255642054821e-04
  -6.594051896058e-02   7.575095061256e-05
  -7.065429771481e-02   1.961620487888e-05
  -6.967700405752e-02  -3.815603738188e-05
  -6.270122278813e-02  -9.275111727742e-05
  -5.027170352946e-02  -1.395962118720e-04
  -3.381624858549e-02  -1.747582332031e-04
  -1.472914690585e-02  -1.952987515686e-04
   5.780015835528e-03  -1.995050957924e-04
   2.599496024358e-02  -1.870141058301e-04
   4.383657970955e-02  -1.588633584224e-04
