   0.000000000000e+00   5.000000000000e-04
  -1.698282581947e-01   1.514976261610e-04
  -1.000142427982e-01  -4.107579888378e-04
   1.115336531516e-01  -3.930255677912e-04
   1.649316745735e-01   1.796907043415e-04
  -1.399656284779e-02   4.987686629475e-04
  -1.739421833510e-01   1.125958566974e-04
  -8.725453802920e-02  -4.325504134834e-04
   1.218686689206e-01  -3.665816408024e-04
   1.596180025348e-01   2.170467388587e-04
  -2.900103957762e-02   4.942352152395e-04
  -1.759830986071e-01   7.235632524072e-05
  -7.470000199792e-02  -4.517292261111e-04
   1.324804042002e-01  -3.373121761413e-04
   1.522711578283e-01   2.534883697466e-04
  -4.332973059726e-02   4.862501983725e-04
  -1.773047718618e-01   3.104313335257e-05
  -6.115968262807e-02  -4.680448650465e-04
   1.421648169882e-01  -3.053152596091e-04
   1.436951394775e-01   2.887102972599e-04
  -5.718777335688e-02   4.746968916171e-04
  -1.780105234641e-01  -1.103015280304e-05
  -4.624883070332e-02  -4.812995826908e-04
   1.501406964258e-01  -2.706661665668e-04
   1.348923648395e-01   3.223242997272e-04
  -7.180356288136e-02   4.595792108185e-04
  -1.764863722595e-01  -5.362634958107e-05
  -3.168852468642e-02  -4.912029604484e-04
   1.579488505201e-01  -2.335771830588e-04
   1.243036379301e-01   3.540311395317e-04
  -8.567992170138e-02   4.408523267514e-04
  -1.737708367438e-01  -9.642625394086e-05
  -1.671090715574e-02  -4.975241966158e-04
   1.648333517699e-01  -1.942662562396e-04
   1.122371019505e-01   3.835239520521e-04
  -9.842910336646e-02   4.184754616138e-04
  -1.705240315800e-01  -1.390311700131e-04
  -4.922564309999e-04  -5.001254120723e-04
   1.695765988885e-01  -1.529045206919e-04
   1.001219219176e-01   4.104006374631e-04
  -1.115133704002e-01   3.925487272177e-04
  -1.650637190786e-01  -1.811256592533e-04
   1.520294108300e-02  -4.987914969640e-04
   1.736663574755e-01  -1.097929564641e-04
   8.663616238504e-02   4.343428147586e-04
  -1.237690117872e-01   3.631566045565e-04
  -1.580534964698e-01  -2.223468127980e-04
   3.068836832420e-02  -4.933501836422e-04
   1.768278093260e-01  -6.526962080054e-05
   7.161216788171e-02   4.550703952600e-04
  -1.343058518707e-01   3.303633717230e-04
  -1.506012238476e-01  -2.622346046719e-04
   4.710568919071e-02  -4.837550924385e-04
   1.775551417626e-01  -1.960785224072e-05
   5.674406308671e-02   4.722105120341e-04
  -1.446555099533e-01   2.943804026259e-04
  -1.411104538238e-01  -3.004145540896e-04
   6.276961714971e-02  -4.699055275939e-04
   1.771801704606e-01   2.680684394520e-05
   4.105668087808e-02   4.854659729656e-04
  -1.540531911847e-01   2.554361076947e-04
  -1.298834452071e-01  -3.365028092855e-04
   7.756977110470e-02  -4.517286295014e-04
   1.758913091906e-01   7.352749828777e-05
   2.397676031492e-02   4.946216436467e-04
  -1.612347738413e-01   2.137193425015e-04
  -1.183612500567e-01  -3.700138410119e-04
   9.285814478773e-02  -4.293010605843e-04
   1.720337322876e-01   1.201858508313e-04
   7.320882966494e-03   4.993839979233e-04
  -1.676913295961e-01   1.695607117681e-04
  -1.051250749116e-01  -4.005500541622e-04
   1.071036319282e-01  -4.026698288895e-04
   1.667335868981e-01   1.663272153194e-04
  -9.499046838613e-03   4.995270833589e-04
  -1.730610663705e-01   1.233347693648e-04
  -9.017169577471e-02  -4.277439471755e-04
   1.198374541813e-01  -3.718962315279e-04
   1.605962898760e-01   2.114206737274e-04
  -2.737296551819e-02   4.949453956175e-04
  -1.758380859009e-01   7.536047413208e-05
  -7.517692248164e-02  -4.511334508447e-04
   1.325427411018e-01  -3.372050252618e-04
   1.519327077293e-01   2.550271644784e-04
  -4.447150734075e-02   4.854764171348e-04
  -1.774215242008e-01   2.608444303801e-05
  -5.893546041165e-02  -4.703500470316e-04
   1.438812434102e-01  -2.988128412602e-04
   1.416551650169e-01   2.966534499381e-04
  -6.101174396112e-02   4.710176156553e-04
  -1.778186213264e-01  -2.398500308448e-05
  -4.120975846803e-02  -4.850943531944e-04
   1.531073842561e-01  -2.569370543721e-04
   1.307275772100e-01   3.357263334149e-04
  -7.811651470702e-02   4.516171367959e-04
  -1.753961489540e-01  -7.441071455489e-05
  -2.383463019614e-02  -4.949880067265e-04
   1.617879117166e-01  -2.119629791588e-04
   1.175095704711e-01   3.717797897345e-04
  -9.401769880072e-02   4.272884749261e-04
  -1.714597891109e-01  -1.246486072439e-04
  -5.809857742034e-03  -4.997556144520e-04
   1.687918685567e-01  -1.642826903604e-04
   1.027193017068e-01   4.043312443038e-04
  -1.086183306063e-01   3.980969083168e-04
  -1.663327386170e-01  -1.740864113843e-04
   1.326886721614e-02  -4.992269810161e-04
   1.731815267474e-01  -1.142736628669e-04
   8.761742027322e-02   4.328254999370e-04
  -1.232100696364e-01   3.642783394720e-04
  -1.583413605401e-01  -2.222015448162e-04
   3.146392488587e-02  -4.931721166974e-04
   1.765876507345e-01  -6.247689551240e-05
   7.066125518661e-02   4.568337507482e-04
  -1.361277636863e-01   3.260516338354e-04
  -1.487316055186e-01  -2.683908059562e-04
   4.961101455833e-02  -4.814750751283e-04
   1.780859208965e-01  -9.446072376858e-06
   5.240935798045e-02   4.759516731940e-04
  -1.470438727010e-01   2.836768840609e-04
  -1.380817307172e-01  -3.119889242205e-04
   6.822761318152e-02  -4.641545020758e-04
   1.766265823741e-01   4.429874231686e-05
   3.435726952809e-02   4.897185801545e-04
  -1.573799413326e-01   2.375934984687e-04
  -1.247353841921e-01  -3.524448394553e-04
   8.531717770042e-02  -4.411861959893e-04
   1.739056078458e-01   9.808699449842e-05
   1.507466626488e-02   4.978225554785e-04
  -1.655890252014e-01   1.882323445273e-04
  -1.099315685335e-01  -3.891582067740e-04
   1.016130300144e-01  -4.126688838006e-04
   1.691945441469e-01   1.512402942399e-04
  -5.000399052566e-03   5.000165382032e-04
  -1.712112556920e-01   1.360511600735e-04
  -9.443841891265e-02  -4.214855423073e-04
   1.177094908564e-01  -3.788546532689e-04
   1.614029434460e-01   2.031387101482e-04
  -2.420007174965e-02   4.960174194937e-04
  -1.757821013485e-01   8.168451599273e-05
  -7.664807588658e-02  -4.489292723552e-04
   1.315898222858e-01  -3.399621115027e-04
   1.523055758848e-01   2.530338535423e-04
  -4.386051124892e-02   4.857127046451e-04
  -1.778676029900e-01   2.575493596037e-05
  -5.784904726595e-02  -4.709771186161e-04
   1.439597919483e-01  -2.963357612658e-04
   1.413496863133e-01   3.001868662308e-04
  -6.362719241947e-02   4.690882178137e-04
  -1.769801688569e-01  -3.110747208110e-05
  -3.892776233163e-02  -4.871031776554e-04
   1.554695901641e-01  -2.484787940616e-04
   1.274638753339e-01   3.439499374516e-04
  -8.172563122153e-02   4.461112271988e-04
  -1.747681168643e-01  -8.810922124969e-05
  -1.833426204408e-02  -4.969637211234e-04
   1.641206104740e-01  -1.968592765239e-04
   1.125188144595e-01   3.835781827162e-04
  -9.944511081385e-02   4.169355804567e-04
  -1.698899815979e-01  -1.444866355371e-04
   2.546663355913e-03  -5.002334489710e-04
   1.706708470194e-01  -1.420659320950e-04
   9.610488766989e-02   4.183668437498e-04
  -1.164820253180e-01   3.818332522437e-04
  -1.619355088239e-01  -1.994939998296e-04
   2.279254144381e-02  -4.966077112287e-04
   1.758155293454e-01  -8.483693181766e-05
   7.721553176179e-02   4.477424697738e-04
  -1.310266118016e-01   3.410658208269e-04
  -1.526672246448e-01  -2.522474131662e-04
   4.390216655576e-02  -4.859978652045e-04
   1.776138373981e-01  -2.586113347976e-05
   5.782881173954e-02   4.710734094970e-04
  -1.443906964746e-01   2.950870999351e-04
  -1.408045549730e-01  -3.019268803359e-04
   6.436753585547e-02  -4.683577598364e-04
   1.769537912151e-01   3.406653638272e-05
   3.762791192908e-02   4.878092591145e-04
  -1.562912920519e-01   2.444704260623e-04
  -1.261148251169e-01  -3.477633327840e-04
   8.332557164904e-02  -4.436924237992e-04
   1.745678380768e-01   9.402605987875e-05
   1.570133655783e-02   4.975741505149e-04
  -1.649626076746e-01   1.897738511573e-04
  -1.104631700965e-01  -3.888875728279e-04
   1.022400873942e-01  -4.122450397102e-04
   1.686128806440e-01   1.531745366319e-04
  -5.868350132640e-03   4.999739067484e-04
  -1.718196683744e-01   1.317411675831e-04
  -9.259069541663e-02  -4.245449749720e-04
   1.194785725136e-01  -3.743085283335e-04
   1.601760993463e-01   2.105883006827e-04
  -2.737853362957e-02   4.947393984630e-04
  -1.765673070309e-01   7.121675566745e-05
  -7.253075936383e-02  -4.540707593056e-04
   1.343439064275e-01  -3.302459700578e-04
   1.500137056704e-01   2.652594418907e-04
  -4.963003307224e-02   4.818121024284e-04
  -1.775729354454e-01   9.011036106614e-06
  -5.221053142846e-02  -4.767493534542e-04
   1.482828245283e-01  -2.806617277555e-04
   1.364171611446e-01   3.162998483212e-04
  -7.046026669223e-02   4.611453609597e-04
  -1.764315679249e-01  -5.389878677126e-05
  -3.034986850370e-02  -4.920416071750e-04
   1.595633993456e-01  -2.261961547554e-04
   1.207258989835e-01   3.627780968450e-04
  -9.024509702184e-02   4.328528648755e-04
  -1.727955890437e-01  -1.164751278243e-04
  -7.314937438629e-03  -4.995356849760e-04
   1.677649781327e-01  -1.675632820050e-04
   1.036904607024e-01   4.037368731770e-04
  -1.096679991884e-01   3.972756560547e-04
  -1.652661389186e-01  -1.777466313704e-04
   1.498696068977e-02  -4.988219593408e-04
   1.743287920916e-01  -1.056996384556e-04
   8.376566210416e-02   4.383951064881e-04
  -1.265371674184e-01   3.547767693812e-04
  -1.556715970338e-01  -2.366080075139e-04
   3.789804220077e-02  -4.897269762950e-04
   1.774711589705e-01  -4.154313330413e-05
   6.257137059026e-02   4.659758829611e-04
  -1.414237160732e-01   3.058972919338e-04
  -1.435617700368e-01  -2.919568278202e-04
   6.068572642790e-02  -4.722272039153e-04
   1.771517208742e-01   2.390711061871e-05
   4.079570561227e-02   4.857482067161e-04
  -1.548852733839e-01   2.513947052454e-04
  -1.278811494426e-01  -3.428023903081e-04
   8.158871367016e-02  -4.463452358225e-04
   1.748037463685e-01   8.947054506817e-05
   1.707332005564e-02   4.972188467426e-04
  -1.647807297725e-01   1.920341364315e-04
  -1.106978563745e-01  -3.880692019478e-04
   1.020413291071e-01  -4.123800196840e-04
   1.686547166743e-01   1.540195215174e-04
  -6.701985599721e-03   4.999458593527e-04
  -1.719973309019e-01   1.287559051786e-04
  -9.140157726297e-02  -4.267707354733e-04
   1.209535638748e-01  -3.707748848394e-04
   1.591294959902e-01   2.163941957844e-04
  -2.999743316220e-02   4.936053985204e-04
  -1.769438646355e-01   6.267583175884e-05
  -6.938884378403e-02  -4.580864159619e-04
   1.368698241956e-01  -3.220428106495e-04
   1.476288654469e-01   2.753181090769e-04
  -5.399374605981e-02   4.781599060026e-04
  -1.776413253703e-01  -5.119572046349e-06
  -4.690297387018e-02  -4.811742584507e-04
   1.513255440523e-01  -2.669807269162e-04
   1.324596855145e-01   3.296415341361e-04
  -7.657278957529e-02   4.536522680646e-04
  -1.753937293618e-01  -7.339118908638e-05
  -2.311755646986e-02  -4.953804699185e-04
   1.629283765717e-01  -2.064910557198e-04
   1.145645597918e-01   3.782291796273e-04
  -9.748634216475e-02   4.202975274442e-04
  -1.704150771148e-01  -1.407953000836e-04
   2.031404109146e-03  -5.002655414724e-04
   1.706986953289e-01  -1.415452355522e-04
   9.525518495868e-02   4.199183856677e-04
  -1.177279083953e-01   3.786121576243e-04
  -1.610320669519e-01  -2.060736738635e-04
   2.627561313668e-02  -4.954337115548e-04
   1.762525969471e-01  -7.337006009995e-05
   7.298010313719e-02   4.537626851826e-04
  -1.350530083589e-01   3.291891475848e-04
  -1.490122437000e-01  -2.678590229464e-04
   5.069606381601e-02  -4.807663619314e-04
   1.779924010699e-01  -3.229127967288e-06
   4.920446347469e-02   4.788890185863e-04
  -1.496488624123e-01   2.728165253816e-04
  -1.343078069014e-01  -3.247819752668e-04
   7.477827787489e-02  -4.563783019408e-04
   1.755663091346e-01   6.756802639690e-05
   2.505114952713e-02   4.945017428319e-04
  -1.623042365893e-01   2.105542083383e-04
  -1.157190781466e-01  -3.756307117237e-04
   9.645768981654e-02  -4.224752463410e-04
   1.706167682560e-01   1.375202655728e-04
  -8.414634002473e-04   5.001092229154e-04
  -1.707978123846e-01   1.434988404458e-04
  -9.543025319098e-02  -4.191515511650e-04
   1.170711606381e-01  -3.795904616865e-04
   1.614678790358e-01   2.051833805674e-04
  -2.654414250383e-02   4.953453229436e-04
  -1.758928091828e-01   7.293241561184e-05
  -7.305948614166e-02  -4.542195843038e-04
   1.355595564423e-01  -3.284621385842e-04
   1.485005214830e-01   2.691126183606e-04
  -5.127058969688e-02   4.800176670252e-04
  -1.781254379436e-01   3.346817215194e-07
  -4.804645302072e-02  -4.799441195411e-04
   1.503334900767e-01  -2.699344663958e-04
   1.332925333433e-01   3.277713197136e-04
  -7.615670811232e-02   4.542930056444e-04
  -1.755004098039e-01  -7.284611546172e-05
  -2.281780594114e-02  -4.954767594579e-04
   1.629344707675e-01  -2.051744723994e-04
   1.142287180295e-01   3.797956579155e-04
  -9.894264172934e-02   4.184813185800e-04
  -1.694389326451e-01  -1.450157121036e-04
   3.390680354352e-03  -5.002350830489e-04
   1.718762767321e-01  -1.354771708817e-04
   9.245397147439e-02   4.238889614760e-04
  -1.193612068417e-01   3.731258626254e-04
  -1.601465253007e-01  -2.144986213405e-04
   3.038476467279e-02  -4.939243928239e-04
   1.763025395787e-01  -6.222600712517e-05
   6.934875238508e-02   4.587948255519e-04
  -1.382834796130e-01   3.191235108803e-04
  -1.461034403004e-01  -2.797400181335e-04
   5.580110761491e-02  -4.763696667130e-04
   1.778534422291e-01   1.293272795443e-05
   4.348841546163e-02   4.835551600980e-04
  -1.533327460838e-01   2.574818697136e-04
  -1.293529672978e-01  -3.391105820069e-04
   8.077568576497e-02  -4.477633644317e-04
   1.748084709227e-01   8.833828756819e-05
   1.671496498664e-02   4.973549854067e-04
  -1.649377247935e-01   1.894511558813e-04
  -1.096861513057e-01  -3.910575466108e-04
   1.043519526153e-01  -4.085819174156e-04
   1.672297142674e-01   1.622876899754e-04
  -9.967150330312e-03   4.995606543842e-04
  -1.736430479622e-01   1.165617764329e-04
  -8.632148283211e-02  -4.342502207837e-04
   1.246204683651e-01  -3.594633303109e-04
   1.567058565590e-01   2.329265359706e-04
  -3.768523001258e-02   4.899360565792e-04
  -1.772482929927e-01   4.037883784328e-05
  -6.171623488574e-02  -4.673877820819e-04
   1.429944545921e-01  -3.014405207641e-04
   1.415220807495e-01   2.985267336894e-04
  -6.408458725132e-02   4.684373807879e-04
  -1.769822464456e-01  -3.732702688830e-05
  -3.520464454823e-02  -4.894275752329e-04
   1.578939018111e-01  -2.357555669689e-04
   1.227241084394e-01   3.573941441694e-04
  -8.874808480531e-02   4.353085074215e-04
  -1.729784281129e-01  -1.146384116201e-04
  -6.944559895667e-03  -4.996366672542e-04
   1.682446500250e-01  -1.638068846391e-04
   1.016672704692e-01   4.078437274904e-04
  -1.124192999962e-01   3.912168823363e-04
  -1.635711314752e-01  -1.897070562885e-04
   2.058739539177e-02  -4.974276013480e-04
   1.755622585623e-01  -8.733091052240e-05
   7.688755179070e-02   4.484746110481e-04
  -1.325392218260e-01   3.370107732057e-04
  -1.507392333273e-01  -2.605607155017e-04
   4.846251216725e-02  -4.826251981120e-04
   1.779269159319e-01  -8.143087404428e-06
   5.032396631382e-02   4.780201109735e-04
  -1.494727924329e-01   2.738630174550e-04
  -1.341343749783e-01  -3.252670564819e-04
   7.554542709371e-02  -4.553921353495e-04
   1.753658015470e-01   7.183179043255e-05
   2.289255727633e-02   4.954115167537e-04
  -1.635008991643e-01   2.032994836684e-04
  -1.129972270124e-01  -3.820837140318e-04
   9.985597510222e-02  -4.161197828639e-04
   1.692764849606e-01   1.504622254822e-04
  -6.412591023723e-03   5.000036678080e-04
  -1.722806807826e-01   1.269525872257e-04
  -8.978317301956e-02  -4.292755500974e-04
   1.226993152370e-01  -3.656739372199e-04
   1.577797242859e-01   2.257013574847e-04
  -3.502729554920e-02   4.913738727413e-04
  -1.770501344631e-01   4.674300279396e-05
  -6.367362484175e-02  -4.653712863562e-04
   1.421641282273e-01  -3.051952051190e-04
   1.420752947601e-01   2.954805099033e-04
  -6.268741726135e-02   4.694581776004e-04
  -1.775621908662e-01  -3.521127881689e-05
  -3.508483678020e-02  -4.892062426739e-04
   1.572567459259e-01  -2.360715068603e-04
   1.232218591073e-01   3.577216103260e-04
  -8.979758907801e-02   4.346735500117e-04
  -1.721832905520e-01  -1.167992711319e-04
  -6.443923733546e-03  -4.997874454507e-04
   1.692517039699e-01  -1.601062031240e-04
   9.977546529764e-02   4.106151515940e-04
  -1.136133281543e-01   3.876831031049e-04
  -1.629105045571e-01  -1.957235643107e-04
   2.338189373208e-02  -4.965887402108e-04
   1.759000001355e-01  -7.923707638662e-05
   7.394405652459e-02   4.524588842620e-04
  -1.346855314777e-01   3.295786728546e-04
  -1.489711172616e-01  -2.697106320117e-04
   5.279237288245e-02  -4.794522324411e-04
   1.774915156854e-01   4.397431089779e-06
   4.625498427374e-02   4.817834586943e-04
  -1.527469657779e-01   2.618638485139e-04
  -1.299111124510e-01  -3.366293702580e-04
   8.001566142354e-02  -4.485310405168e-04
   1.749938200981e-01   8.840791071442e-05
   1.601631200958e-02   4.975592094868e-04
  -1.654549333286e-01   1.862284841101e-04
  -1.081012194704e-01  -3.943343399031e-04
   1.061974672391e-01  -4.045358126146e-04
   1.663981020939e-01   1.704521062735e-04
  -1.396469064667e-02   4.990008971225e-04
  -1.741874817167e-01   1.047501078595e-04
  -8.239786708466e-02  -4.409687861973e-04
   1.289149780622e-01  -3.485026805346e-04
   1.532743384286e-01   2.480940856433e-04
  -4.383565289860e-02   4.857742206225e-04
  -1.780298355258e-01   1.973445358031e-05
  -5.379449576632e-02  -4.749603028011e-04
   1.475807768854e-01  -2.818309394789e-04
   1.360843365814e-01   3.188939490224e-04
  -7.337045914726e-02   4.580669515469e-04
  -1.756667884074e-01  -6.644301584198e-05
  -2.441514193175e-02  -4.949507369553e-04
   1.629994950502e-01  -2.064038493025e-04
   1.136191224561e-01   3.806614208007e-04
  -9.978502901397e-02   4.163846745625e-04
  -1.690614518037e-01  -1.511583791090e-04
   6.906055016908e-03  -5.001125451449e-04
   1.726147541243e-01  -1.242898193731e-04
   8.840411614584e-02   4.312840362935e-04
  -1.239466463171e-01   3.617828344719e-04
  -1.568374593529e-01  -2.318186787113e-04
   3.787871685378e-02  -4.900009684600e-04
   1.772320431883e-01  -3.786949581550e-05
   6.031805833605e-02   4.689463254854e-04
  -1.447360695710e-01   2.957667367623e-04
  -1.392038997601e-01  -3.059098786868e-04
   6.728907660515e-02  -4.645926251803e-04
   1.770621248777e-01   5.020630351813e-05
   2.932791931099e-02   4.922763430365e-04
  -1.601325881027e-01   2.201259935070e-04
  -1.181895321908e-01  -3.709043985344e-04
   9.586781915473e-02  -4.244972467989e-04
   1.702268848356e-01   1.372917583843e-04
  -1.689965824952e-03   5.001826018094e-04
  -1.715776256417e-01   1.371378652403e-04
  -9.237278664305e-02  -4.246051791109e-04
   1.206923018322e-01  -3.706962929012e-04
   1.587188911623e-01   2.205738998628e-04
  -3.339817645963e-02   4.921396396332e-04
  -1.773078190433e-01   4.931618344678e-05
  -6.359906114384e-02  -4.650666318071e-04
   1.418692636537e-01  -3.046763851922e-04
   1.421251478692e-01   2.972768784017e-04
  -6.458449625932e-02   4.681662094773e-04
  -1.767417103090e-01  -4.065750503927e-05
  -3.330099095856e-02  -4.906398571799e-04
   1.593406372229e-01  -2.284497998237e-04
   1.199046866019e-01   3.648439329675e-04
  -9.281057837807e-02   4.286986045771e-04
  -1.714974119614e-01  -1.298165829486e-04
  -6.055155324562e-04  -5.002696583107e-04
   1.705606184697e-01  -1.442745203674e-04
   9.467766873496e-02   4.207911004108e-04
  -1.191134503308e-01   3.748465578551e-04
  -1.596837312530e-01  -2.152498717318e-04
   3.150637662582e-02  -4.933013034965e-04
   1.768955858080e-01  -5.483756302370e-05
   6.560743251787e-02   4.630282240363e-04
  -1.413276675794e-01   3.081870749846e-04
  -1.425021257957e-01  -2.940500056248e-04
   6.270649139820e-02  -4.696518011502e-04
   1.774710078401e-01   3.692385659751e-05
   3.375842944440e-02   4.898987320912e-04
  -1.582439290810e-01   2.307108159748e-04
  -1.211789846980e-01  -3.633477367339e-04
   9.280520692466e-02  -4.299218587494e-04
   1.710833078038e-01   1.280161557264e-04
   1.605293554917e-03   5.001093506371e-04
  -1.709507593352e-01   1.449674190330e-04
  -9.444656032471e-02  -4.206489555287e-04
   1.187637036014e-01  -3.751507380575e-04
   1.598497376697e-01   2.152342812790e-04
  -3.177534506002e-02   4.930589755674e-04
  -1.769783796847e-01   5.373798816176e-05
  -6.501146902081e-02  -4.636902055474e-04
   1.414102335181e-01  -3.070383652981e-04
   1.424464482762e-01   2.954882774326e-04
  -6.396673156161e-02   4.687016920654e-04
  -1.768582460263e-01  -3.991220943267e-05
  -3.323596597352e-02  -4.906465017376e-04
   1.594055176687e-01  -2.278100523557e-04
   1.195402956311e-01   3.658609256073e-04
  -9.344544896465e-02   4.275598180855e-04
  -1.712920352674e-01  -1.326548530462e-04
   7.997173952442e-04  -5.003309125108e-04
   1.708864235687e-01  -1.400291744400e-04
   9.326238749710e-02   4.235668172692e-04
  -1.208484327968e-01   3.709252215160e-04
  -1.584357526962e-01  -2.212387552515e-04
   3.388322398604e-02  -4.920153747413e-04
   1.773751254668e-01  -4.677341777752e-05
   6.245130005625e-02   4.663289935960e-04
  -1.431730206624e-01   3.005716527440e-04
  -1.404803502278e-01  -3.023555684893e-04
   6.656866669872e-02  -4.657259229790e-04
   1.768939620687e-01   4.868698852382e-05
   2.950792099496e-02   4.922953366239e-04
  -1.604273695340e-01   2.188455045948e-04
  -1.174067408304e-01  -3.728597749285e-04
   9.720004242705e-02  -4.221856206453e-04
   1.695621549325e-01   1.429385488341e-04
  -4.143960809806e-03   5.001380187477e-04
  -1.726327749539e-01   1.286580845557e-04
  -8.894269333668e-02  -4.300062821467e-04
   1.234365789278e-01  -3.626776828459e-04
   1.568879807467e-01   2.323880634731e-04
  -3.892174260899e-02   4.893280936704e-04
  -1.773264505494e-01   3.316125212866e-05
  -5.809842315098e-02  -4.713203373363e-04
   1.462787097572e-01  -2.892731353491e-04
   1.371857389759e-01   3.136502061617e-04
  -7.150542097568e-02   4.599238001947e-04
  -1.760918923251e-01  -6.410651060013e-05
  -2.421763326820e-02  -4.949599469258e-04
   1.630952047619e-01  -2.045337519275e-04
   1.125665179357e-01   3.834722038608e-04
  -1.016753882206e-01   4.127532041874e-04
  -1.682089330672e-01  -1.594466022104e-04
   1.097339203432e-02  -4.997385436317e-04
   1.734610269087e-01  -1.114922112956e-04
   8.394097878577e-02   4.388924630901e-04
  -1.287917782260e-01   3.494460699092e-04
  -1.529095870474e-01  -2.492297420268e-04
   4.499864968383e-02  -4.850763198764e-04
   1.781291652806e-01  -1.369329047399e-05
   5.081962567153e-02   4.775564157729e-04
  -1.499025369267e-01   2.721651036359e-04
  -1.326755664411e-01  -3.297826527614e-04
   7.855889317448e-02  -4.513153622407e-04
   1.747467499602e-01   8.518863684533e-05
   1.650233009281e-02   4.975762417535e-04
  -1.660408609679e-01   1.837921438410e-04
  -1.063755130183e-01  -3.977818031603e-04
   1.085293904754e-01  -3.994895804278e-04
   1.649501637036e-01   1.812548651161e-04
  -1.895098131311e-02   4.978269320947e-04
  -1.756209430579e-01   8.769605629461e-05
  -7.555561826891e-02  -4.503071397552e-04
   1.341148759432e-01  -3.313815845667e-04
   1.488226248665e-01   2.705735443646e-04
  -5.441232837994e-02   4.780376371668e-04
  -1.773888628551e-01  -1.245986826444e-05
  -4.239852931940e-02  -4.848725397855e-04
   1.553318210652e-01  -2.495951414504e-04
   1.255631726529e-01   3.494882947239e-04
  -8.674459463736e-02   4.386326680345e-04
  -1.730798184522e-01  -1.126108386127e-04
  -6.197567331367e-03  -4.998194680545e-04
   1.691872553928e-01  -1.572020324335e-04
   9.809219620644e-02   4.145105417662e-04
  -1.166119920195e-01   3.810044788216e-04
  -1.608257882631e-01  -2.086947995561e-04
   2.971168376697e-02  -4.941713121067e-04
   1.767906742614e-01  -5.787367357129e-05
   6.592938370828e-02   4.626972333300e-04
  -1.415820497680e-01   3.073067281425e-04
  -1.418263256357e-01  -2.966867586599e-04
   6.449152392466e-02  -4.678122516631e-04
   1.772319031755e-01   4.433458300371e-05
   3.043123668504e-02   4.917726535264e-04
  -1.600883688696e-01   2.203451875775e-04
  -1.175570203023e-01  -3.726802678857e-04
   9.757370917064e-02  -4.216289347115e-04
   1.692851035635e-01   1.452578354819e-04
  -5.507999548687e-03   5.000951300713e-04
  -1.730200822720e-01   1.236889082372e-04
  -8.702413314873e-02  -4.333080515998e-04
   1.255260503396e-01  -3.572404619543e-04
   1.552000064565e-01   2.405225151834e-04
  -4.244050584964e-02   4.870358578744e-04
  -1.776871194947e-01   2.126885113627e-05
  -5.344165868804e-02  -4.756477038785e-04
   1.490193091690e-01  -2.772071609155e-04
   1.336811567902e-01   3.259652443961e-04
  -7.729240965076e-02   4.528355282728e-04
  -1.748943638864e-01  -8.260983573862e-05
  -1.727793910019e-02  -4.975190937109e-04
   1.661425190274e-01  -1.848137896168e-04
   1.060582565089e-01   3.977320849575e-04
  -1.085021304449e-01   3.986437081960e-04
  -1.650875578938e-01  -1.833941920456e-04
   2.054764989254e-02  -4.976931506429e-04
   1.752841671743e-01  -8.385672532509e-05
   7.453091777428e-02   4.523423685120e-04
  -1.361262941508e-01   3.266668555341e-04
  -1.468278683294e-01  -2.766849284231e-04
   5.651765873800e-02  -4.757487680664e-04
   1.778431795698e-01   2.125990758166e-05
   3.840561916367e-02   4.871333723273e-04
  -1.567760325773e-01   2.398150757937e-04
  -1.228976311499e-01  -3.581522202564e-04
   9.107139437526e-02  -4.324031279541e-04
   1.715953080465e-01   1.259629595731e-04
   1.047378697442e-03   5.001784967913e-04
  -1.709196421076e-01   1.417930950742e-04
  -9.300749264512e-02  -4.239138185495e-04
   1.214437171121e-01  -3.693417664045e-04
   1.576580078407e-01   2.255557988327e-04
  -3.638639855858e-02   4.905056907679e-04
  -1.777837107295e-01   3.692927717494e-05
  -5.819276185259e-02  -4.707570327382e-04
   1.458305702727e-01  -2.891245690398e-04
   1.371598635553e-01   3.153530346421e-04
  -7.323354915088e-02   4.583048813536e-04
  -1.754990843911e-01  -7.017505889611e-05
  -2.160755401510e-02  -4.961178991077e-04
   1.647195380429e-01  -1.953006107325e-04
   1.090971608567e-01   3.911275855026e-04
  -1.057405869018e-01   4.046924997166e-04
  -1.661617251754e-01  -1.745599522141e-04
   1.721915012820e-02  -4.985296117102e-04
   1.750221825086e-01  -9.198018583498e-05
   7.670846801108e-02   4.490551634874e-04
  -1.341687479676e-01   3.319307450653e-04
  -1.484602490011e-01  -2.713373013634e-04
   5.494705429840e-02  -4.775283651392e-04
   1.775506873594e-01   1.614210607170e-05
   4.036728945449e-02   4.860822298473e-04
  -1.565031167505e-01   2.432427791027e-04
  -1.233759046789e-01  -3.558671460995e-04
   8.990314490398e-02  -4.337390589445e-04
   1.721222143715e-01   1.239878304814e-04
   1.271785606586e-03   5.001646136474e-04
  -1.706330777208e-01   1.425638940850e-04
  -9.323652442774e-02  -4.238302275355e-04
   1.217140639640e-01  -3.690473571496e-04
   1.573827930713e-01   2.264993429988e-04
  -3.695793727432e-02   4.901919659183e-04
  -1.777694022573e-01   3.462803630240e-05
  -5.731626060646e-02  -4.717371088357e-04
   1.466710574023e-01  -2.862481071794e-04
   1.360349443678e-01   3.185897074353e-04
  -7.452732848178e-02   4.563613447264e-04
  -1.755074997580e-01  -7.549517388726e-05
  -1.916209513514e-02  -4.968903484247e-04
   1.652750761228e-01  -1.891690082455e-04
   1.074113748925e-01   3.956064098788e-04
  -1.083539265108e-01   4.000307516623e-04
  -1.646851865698e-01  -1.824999892303e-04
   2.007374623666e-02  -4.976637898331e-04
   1.759557314433e-01  -8.241962299077e-05
   7.303454726181e-02   4.535396879352e-04
  -1.364098243818e-01   3.236501910798e-04
  -1.464004556109e-01  -2.810006810548e-04
   5.929131825200e-02  -4.737424215545e-04
   1.770991873678e-01   2.893507104022e-05
   3.582822642218e-02   4.891000682547e-04
  -1.588791134065e-01   2.308663786726e-04
  -1.195756156524e-01  -3.660332574052e-04
   9.456971936584e-02  -4.259209532247e-04
   1.705183446837e-01   1.393381158429e-04
  -4.470119848594e-03   5.002083026804e-04
  -1.724254851369e-01   1.260770953136e-04
  -8.755162451261e-02  -4.330370289418e-04
   1.261567479994e-01  -3.563725780187e-04
   1.544359619420e-01   2.432581802220e-04
  -4.408441073258e-02   4.859173715688e-04
  -1.777007371874e-01   1.442750278128e-05
  -5.060525751251e-02  -4.782886599106e-04
   1.511989615548e-01  -2.683974373248e-04
   1.304823362467e-01   3.353232057045e-04
  -8.144816160654e-02   4.465828729537e-04
  -1.742921546802e-01  -9.843596761963e-05
  -1.038472008152e-02  -4.991667118829e-04
   1.680190704482e-01  -1.662320800496e-04
   1.003761143153e-01   4.105270495183e-04
  -1.156553262897e-01   3.840108439644e-04
  -1.608350203033e-01  -2.068081273033e-04
   2.950292441036e-02  -4.941362418337e-04
   1.772710951887e-01  -5.506559940095e-05
   6.377024840289e-02   4.647507623315e-04
  -1.428368438568e-01   3.011214847701e-04
  -1.400345301547e-01  -3.049175560043e-04
   6.913069563838e-02  -4.631736512577e-04
   1.762054883441e-01   5.949060692663e-05
   2.459837155417e-02   4.947473207007e-04
  -1.634088453486e-01   2.020708536927e-04
  -1.110803861585e-01  -3.874607769048e-04
   1.046552323592e-01  -4.075776197153e-04
   1.663376258584e-01   1.714527638899e-04
  -1.635355435920e-02   4.985451779111e-04
  -1.753572395855e-01   9.193229666158e-05
  -7.597291315191e-02  -4.498255788054e-04
   1.345946209450e-01  -3.299892757656e-04
   1.478294528800e-01   2.747895572521e-04
  -5.713889333486e-02   4.756353888098e-04
  -1.772292852818e-01  -2.363629022943e-05
  -3.744396889501e-02  -4.882534394362e-04
   1.582851545402e-01  -2.344068179699e-04
   1.203121819541e-01   3.638926385184e-04
  -9.394054141924e-02   4.268401980485e-04
  -1.706663636547e-01  -1.384200667432e-04
   4.446652941248e-03  -5.003679813144e-04
   1.723350160333e-01  -1.257149562510e-04
   8.725136151518e-02   4.336144122388e-04
  -1.268387785054e-01   3.545848269818e-04
  -1.537836171939e-01  -2.462326490893e-04
   4.533749913054e-02  -4.850857313536e-04
   1.779027675046e-01  -9.715367621049e-06
   4.850455335854e-02   4.798367066232e-04
  -1.523876191868e-01   2.625711119414e-04
  -1.287063339960e-01  -3.410586555730e-04
   8.419435658827e-02  -4.428930352190e-04
   1.734716375082e-01   1.073059057437e-04
   6.859716013817e-03   4.996570158480e-04
  -1.692966111086e-01   1.556223978048e-04
  -9.680179263062e-02  -4.173730992570e-04
   1.190182013365e-01  -3.758896564970e-04
   1.587589091937e-01   2.189446660830e-04
  -3.456738112940e-02   4.915116555863e-04
  -1.777606024643e-01   3.959822575788e-05
  -5.829510353654e-02  -4.706795842690e-04
   1.462539956583e-01  -2.874827003655e-04
   1.361393183435e-01   3.187865410064e-04
  -7.536137606418e-02   4.555789903844e-04
  -1.750866566622e-01  -7.918223601312e-05
  -1.745094824605e-02  -4.975267756167e-04
   1.664389280950e-01  -1.825039417551e-04
   1.046272557379e-01   4.010503511946e-04
  -1.111134058784e-01   3.935371018032e-04
  -1.632208128298e-01  -1.940060701856e-04
   2.529898826473e-02  -4.960203564466e-04
   1.765277479885e-01  -6.671513876368e-05
   6.747646630442e-02   4.607330086550e-04
  -1.408798929465e-01   3.086535245913e-04
  -1.418658807062e-01  -2.982286044953e-04
   6.677759776015e-02  -4.659065281978e-04
   1.763997189680e-01   5.341831386358e-05
   2.655629119471e-02   4.939778250630e-04
  -1.631636998137e-01   2.056513589441e-04
  -1.115008434364e-01  -3.857335876375e-04
   1.038132897290e-01  -4.085281522854e-04
   1.668238020856e-01   1.709406135405e-04
  -1.704611708073e-02   4.985345414251e-04
  -1.749423132751e-01   9.023631469042e-05
  -7.560270092467e-02  -4.510588046247e-04
   1.360543624952e-01  -3.270366020331e-04
   1.462721894684e-01   2.790388982312e-04
  -5.869157237541e-02   4.736813221947e-04
  -1.775650582326e-01  -3.092206547410e-05
  -3.402739809138e-02  -4.900580041332e-04
   1.593578490697e-01  -2.259311214102e-04
   1.179129835598e-01   3.711470718350e-04
  -9.778928546239e-02   4.205791715383e-04
  -1.690683842001e-01  -1.507684910278e-04
   9.233134745330e-03  -5.000103150166e-04
   1.737293219761e-01  -1.110055063644e-04
   8.209275441092e-02   4.415107068615e-04
  -1.311679365472e-01   3.421316279537e-04
  -1.502411199122e-01  -2.621929231568e-04
   5.188047570204e-02  -4.798829879802e-04
   1.780377430975e-01   1.098511765846e-05
   4.066492420438e-02   4.856075252715e-04
  -1.560387842607e-01   2.427348509018e-04
  -1.231141087860e-01  -3.582889905535e-04
   9.245530200794e-02  -4.306203538897e-04
   1.706330709190e-01   1.328687094324e-04
  -2.361481090734e-03   5.002812991104e-04
  -1.726528821736e-01   1.282767635531e-04
  -8.720520776107e-02  -4.330532380957e-04
   1.263839783853e-01  -3.548408155616e-04
   1.539213215130e-01   2.471667659736e-04
  -4.652248547788e-02   4.843019701134e-04
  -1.777391995434e-01   5.515861505171e-06
  -4.673718705716e-02  -4.815107816260e-04
   1.535977984817e-01  -2.569794982505e-04
   1.268187260468e-01   3.467876089802e-04
  -8.735914456195e-02   4.382765761744e-04
  -1.722898654106e-01  -1.181088184338e-04
  -2.851784731220e-03  -5.002576159809e-04
   1.710975642868e-01  -1.428732090379e-04
   9.183213559426e-02   4.253430905649e-04
  -1.227677049014e-01   3.647181406007e-04
  -1.564192110934e-01  -2.348989371380e-04
   4.180260416489e-02  -4.877768274229e-04
   1.774972012344e-01  -1.938529185639e-05
   5.156998777645e-02   4.775110477799e-04
  -1.514437035890e-01   2.680469581998e-04
  -1.296865967082e-01  -3.375283804774e-04
   8.300760564862e-02  -4.444007900306e-04
   1.737590320328e-01   1.057765971335e-04
   6.769056903098e-03   4.996785788908e-04
  -1.694907722431e-01   1.540566165566e-04
  -9.577556536750e-02  -4.192122875095e-04
   1.202572865960e-01  -3.726364161950e-04
   1.578200893915e-01   2.247957875530e-04
  -3.759086391394e-02   4.899642020497e-04
  -1.777342917826e-01   2.984685353637e-05
  -5.471835568844e-02  -4.744432988815e-04
   1.491046448346e-01  -2.767629970617e-04
   1.324256749819e-01   3.299609969875e-04
  -8.022772276236e-02   4.486237192064e-04
  -1.742673677521e-01  -9.675476466407e-05
  -1.018273772911e-02  -4.992806403743e-04
   1.686117211920e-01  -1.626974342351e-04
   9.834323865515e-02   4.142469808139e-04
  -1.180774771035e-01   3.780543498360e-04
  -1.590360840221e-01  -2.176798716806e-04
   3.467998716867e-02  -4.916333425231e-04
   1.777938106228e-01  -3.770093240042e-05
   5.697399097351e-02   4.719082488385e-04
  -1.474446375606e-01   2.825031753250e-04
  -1.343550595592e-01  -3.248971130640e-04
   7.848797276422e-02  -4.517036288355e-04
   1.742800706733e-01   9.028952479572e-05
   1.281005692646e-02   4.986718063489e-04
  -1.683696047410e-01   1.680838592423e-04
  -9.955386932522e-02  -4.112234613059e-04
   1.161262453052e-01  -3.817245145926e-04
   1.603433611235e-01   2.128363739011e-04
  -3.340608933154e-02   4.923997812769e-04
  -1.773093878003e-01   4.211994248496e-05
  -5.880502645704e-02  -4.705714125094e-04
   1.469607005980e-01  -2.860968629170e-04
   1.349722720466e-01   3.217544106487e-04
  -7.710514275795e-02   4.531195059968e-04
  -1.746743992368e-01  -8.716127220166e-05
  -1.378704964912e-02  -4.985415834328e-04
   1.679382077215e-01  -1.710038768653e-04
   1.003655624891e-01   4.095708842345e-04
  -1.154622948399e-01   3.830918343967e-04
  -1.607548300604e-01  -2.110817242486e-04
   3.290785498720e-02  -4.928885169079e-04
   1.770242101963e-01  -4.392864163886e-05
   5.956488432080e-02   4.699405671304e-04
  -1.470549553965e-01   2.868631130505e-04
  -1.348150565477e-01  -3.212731553552e-04
   7.647456216526e-02  -4.535198392734e-04
   1.751673888266e-01   8.657161907848e-05
   1.338651689951e-02   4.984142137965e-04
  -1.675446757074e-01   1.706827705030e-04
  -1.006792652083e-01  -4.099330743584e-04
   1.160956371760e-01  -3.828690454362e-04
   1.601554240408e-01   2.116969571296e-04
  -3.288195753736e-02   4.925495286648e-04
  -1.774411831246e-01   4.236487782089e-05
  -5.863876155977e-02  -4.706481585990e-04
   1.470518646922e-01  -2.855041396002e-04
   1.346555590432e-01   3.227307627271e-04
  -7.748915900501e-02   4.523609112191e-04
  -1.748132440829e-01  -8.935149590263e-05
  -1.249259595843e-02  -4.988054469635e-04
   1.679746988832e-01  -1.679253917709e-04
   9.969593456284e-02   4.116985085779e-04
  -1.171429716405e-01   3.803716831409e-04
  -1.594351010702e-01  -2.154086353294e-04
   3.414640938363e-02  -4.919320887411e-04
   1.777890432325e-01  -3.822176703703e-05
   5.681362123820e-02   4.720833456838e-04
  -1.477432959295e-01   2.812869863556e-04
  -1.337753991888e-01  -3.267950105983e-04
   7.960233683928e-02  -4.502028997910e-04
   1.739748085092e-01   9.470228278984e-05
   1.085949033651e-02   4.991023262272e-04
  -1.691160658790e-01   1.619616535812e-04
  -9.733582400272e-02  -4.154678824060e-04
   1.183958003014e-01  -3.761809169085e-04
   1.588545919754e-01   2.213995458350e-04
  -3.707781613975e-02   4.904436485959e-04
  -1.775621220444e-01   3.065793101732e-05
  -5.460059411349e-02  -4.747025805303e-04
   1.496305688782e-01  -2.749206494850e-04
   1.315461276597e-01   3.327426573579e-04
  -8.203077401101e-02   4.463300617494e-04
  -1.735176109902e-01  -1.033592010556e-04
  -7.551359092502e-03  -4.997774861833e-04
   1.699983787942e-01  -1.535072471556e-04
   9.458265633545e-02   4.204901356307e-04
  -1.209217640833e-01   3.695807296002e-04
  -1.573003207185e-01  -2.303889463899e-04
   4.073663639562e-02  -4.884943488547e-04
   1.774926860353e-01  -2.048505044331e-05
   5.126614976555e-02   4.778121603054e-04
  -1.519955295535e-01   2.656026322340e-04
  -1.284979365180e-01  -3.411641733165e-04
   8.518170270649e-02  -4.412004106454e-04
   1.730373726138e-01   1.144830257442e-04
   2.882175937449e-03   5.001404908900e-04
  -1.708157531191e-01   1.417193830476e-04
  -9.126170507976e-02  -4.272188080090e-04
   1.246484450484e-01  -3.611320379382e-04
   1.546178067713e-01   2.415670457038e-04
  -4.483181271619e-02   4.853198318492e-04
  -1.779793654278e-01   6.935465341675e-06
  -4.618895133950e-02  -4.818317515863e-04
   1.540940230218e-01  -2.539290242494e-04
   1.253633676928e-01   3.511974242013e-04
  -8.993027851391e-02   4.340767585057e-04
  -1.714861332402e-01  -1.288487657271e-04
   2.219671435829e-03  -5.004847773620e-04
   1.723404453452e-01  -1.273569588009e-04
   8.646736089745e-02   4.348729213164e-04
  -1.285691357093e-01   3.499833107144e-04
  -1.517004162045e-01  -2.555337783407e-04
   5.023602315092e-02  -4.812707834408e-04
   1.780844129256e-01   9.196067652155e-06
   4.024334823174e-02   4.859464276041e-04
  -1.567642993489e-01   2.390582276111e-04
  -1.212505330823e-01  -3.633376795486e-04
   9.555792559660e-02  -4.253479010556e-04
   1.692937271267e-01   1.455959127085e-04
  -8.145302234009e-03   4.999880445647e-04
  -1.742312229180e-01   1.095973061131e-04
  -8.022864991101e-02  -4.438363828975e-04
   1.325358507052e-01  -3.365987184387e-04
   1.486407964243e-01   2.713663467292e-04
  -5.719262523291e-02   4.755443039348e-04
  -1.773262491888e-01  -2.872611049996e-05
  -3.384783830567e-02  -4.903840632773e-04
   1.603749575572e-01  -2.216378597827e-04
   1.155372945371e-01   3.767160064422e-04
  -1.012874484213e-01   4.141079469079e-04
  -1.672062655557e-01  -1.653559775692e-04
   1.579081911531e-02  -4.989104265696e-04
   1.754320064165e-01  -8.914580013121e-05
   7.354539345537e-02   4.531708725193e-04
  -1.376158292884e-01   3.201247244657e-04
  -1.441786798530e-01  -2.896218452262e-04
   6.460641883792e-02  -4.683624265083e-04
   1.765112090831e-01   5.078693621374e-05
   2.609364283332e-02   4.942557015406e-04
  -1.639465327068e-01   2.007758559512e-04
  -1.089017105588e-01  -3.916940203734e-04
   1.076506309459e-01  -4.006950183530e-04
   1.645666402749e-01   1.871991577601e-04
  -2.461233640029e-02   4.963443589827e-04
  -1.762801508999e-01   6.516421604951e-05
  -6.600527816769e-02  -4.630902820751e-04
   1.434481712556e-01  -3.010532071895e-04
   1.383337755197e-01   3.093471741033e-04
  -7.238336402969e-02   4.587675014802e-04
  -1.757173951611e-01  -7.606560374633e-05
  -1.658961523147e-02  -4.977390586637e-04
   1.668301248893e-01  -1.770696438178e-04
   1.019082838084e-01   4.072350043745e-04
  -1.153368471429e-01   3.842130253056e-04
  -1.603576590390e-01  -2.117367063957e-04
   3.369378940503e-02  -4.923760159574e-04
   1.774649109596e-01  -3.847810591414e-05
   5.667613519043e-02   4.726238681148e-04
  -1.489132920162e-01   2.784229718452e-04
  -1.320051988441e-01  -3.308988064401e-04
   8.140761414756e-02  -4.469788397208e-04
   1.738291967294e-01   1.036649024474e-04
   6.385938175695e-03   4.998008175500e-04
  -1.699712512065e-01   1.496690128591e-04
  -9.342473363784e-02  -4.235725028570e-04
   1.232965889980e-01  -3.649755661546e-04
   1.552499855389e-01   2.379435367850e-04
  -4.371417312275e-02   4.859958951100e-04
  -1.782055552074e-01   8.327003199760e-06
  -4.594960719056e-02  -4.818686747774e-04
   1.540997143871e-01  -2.527234999187e-04
   1.249461248046e-01   3.531773101836e-04
  -9.153422676067e-02   4.320182338135e-04
  -1.706099476380e-01  -1.342238102159e-04
   4.339517882520e-03  -5.004356850348e-04
   1.734037283095e-01  -1.193074093211e-04
   8.307004481600e-02   4.396319938936e-04
  -1.309212175900e-01   3.419662970639e-04
  -1.496975035077e-01  -2.661948326744e-04
   5.529458592741e-02  -4.773010145134e-04
   1.775189194021e-01   2.444032269420e-05
   3.475646920184e-02   4.896678530322e-04
  -1.599274973074e-01   2.230813832603e-04
  -1.158787718234e-01  -3.764391278229e-04
   1.015124334259e-01  -4.140259848756e-04
   1.669469334580e-01   1.666709394618e-04
  -1.663157208525e-02   4.985674339930e-04
  -1.758317830641e-01   8.515056658943e-05
  -7.178465436910e-02  -4.554356869977e-04
   1.389020451680e-01  -3.155691034577e-04
   1.427273853051e-01   2.953562547157e-04
  -6.748152718134e-02   4.651985363766e-04
  -1.760271126139e-01  -6.046374297238e-05
  -2.236099452482e-02  -4.959626937488e-04
   1.655512843400e-01  -1.900991753735e-04
   1.052514113489e-01   3.994856943081e-04
  -1.116277840620e-01   3.919465277969e-04
  -1.623672912529e-01  -2.014229762917e-04
   3.032255868374e-02  -4.941572530343e-04
   1.769521931491e-01  -4.800322891609e-05
   5.976494188736e-02   4.697217225298e-04
  -1.474326003324e-01   2.848575242960e-04
  -1.336506494997e-01  -3.256813282957e-04
   7.952686298863e-02  -4.496841617884e-04
   1.741538678596e-01   9.866395975362e-05
   8.068595070811e-03   4.995762198957e-04
  -1.699017235832e-01   1.528906256350e-04
  -9.386016321515e-02  -4.222824590118e-04
   1.225682101809e-01  -3.660479451374e-04
   1.557439313660e-01   2.373159388960e-04
  -4.422736498074e-02   4.859860311980e-04
  -1.777153197084e-01   7.233414699908e-06
  -4.578701788701e-02  -4.823895812064e-04
   1.551195318989e-01  -2.502892697989e-04
   1.234624088865e-01   3.558419226223e-04
  -9.239337898471e-02   4.296629897451e-04
