   0.000000000000e+00  -4.000000000000e-04
   7.016022072419e-02   3.459219434955e-04
  -1.220653009558e-01  -2.023446271772e-04
   1.423543253961e-01   6.239599796553e-06
  -1.257501099132e-01   1.912260745115e-04
   7.650561110361e-02  -3.394997091857e-04
  -7.451426826327e-03   3.995744877444e-04
  -6.354033073831e-02  -3.560935873525e-04
   1.180748656705e-01   2.200940564313e-04
  -1.419597523545e-01  -2.744069416764e-05
   1.290721945654e-01  -1.725272653579e-04
  -8.277914139761e-02   3.277063939770e-04
   1.497213278460e-02  -3.982083142777e-04
   5.670745630647e-02   3.651905521817e-04
  -1.136418528901e-01  -2.377028629595e-04
   1.411624749983e-01   4.856919535665e-05
  -1.321258770285e-01   1.528399339550e-04
   8.883171378649e-02  -3.150357702432e-04
  -2.256034552143e-02   3.954898715155e-04
  -4.957653098780e-02  -3.735514340107e-04
   1.088802600365e-01   2.546085576120e-04
  -1.399376303798e-01  -7.009975270264e-05
   1.347778125362e-01  -1.327132752792e-04
  -9.476899374331e-02   3.010604000576e-04
   3.015728527181e-02  -3.917560270916e-04
   4.224973180802e-02   3.807129465926e-04
  -1.036786663246e-01  -2.712122399988e-04
   1.382898413819e-01   9.142608595519e-05
  -1.371130954949e-01   1.116740241129e-04
   1.004234286466e-01  -2.862248031893e-04
  -3.778567914690e-02   3.865984974853e-04
  -3.466792775721e-02  -3.870017986040e-04
   9.815134884202e-02   2.869653030532e-04
  -1.361869154181e-01  -1.130084252583e-04
   1.390041742246e-01  -9.029397364610e-05
  -1.059127210376e-01   2.700951390396e-04
   4.535638286415e-02  -3.803674476318e-04
   2.691386192889e-02   3.919693945590e-04
  -9.219637134943e-02  -3.022466252659e-04
   1.336451923328e-01   1.342396983513e-04
  -1.405314867366e-01   6.810095258908e-05
   1.110564107265e-01  -2.531449488540e-04
  -5.291608217520e-02   3.726558174048e-04
  -1.895717307706e-02  -3.959351344877e-04
   8.592458875709e-02   3.165238557077e-04
  -1.306279562816e-01  -1.555623326174e-04
   1.415752005527e-01  -4.568664779908e-05
  -1.159817856181e-01   2.349344381346e-04
   6.034670340318e-02  -3.638326053546e-04
   1.085897940103e-02   3.984638683045e-04
  -7.924802790789e-02  -3.301545188677e-04
   1.271615054801e-01   1.763729561111e-04
  -1.422106159798e-01   2.258364527147e-05
   1.204991821138e-01  -2.159674974127e-04
  -6.771750880953e-02   3.534900353857e-04
  -2.619565055836e-03  -3.998731959213e-04
   7.227059141067e-02   3.426243030194e-04
  -1.232077706656e-01  -1.970933085568e-04
   1.423273265367e-01   6.001129615100e-07
  -1.247427447071e-01   1.957996164800e-04
   7.488404367805e-02  -3.420212122405e-04
  -5.722885481041e-03   3.997396551732e-04
  -6.492235040179e-02  -3.542715187092e-04
   1.188009664357e-01   2.171282265438e-04
  -1.419953605262e-01  -2.432324865922e-05
   1.285177669127e-01  -1.749652109443e-04
  -8.193584534990e-02   3.290160542069e-04
   1.413677722641e-02  -3.983853299530e-04
   5.729713157658e-02   3.646009712590e-04
  -1.139050449733e-01  -2.368766692919e-04
   1.411152088717e-01   4.796605596365e-05
  -1.319622890830e-01   1.530171162818e-04
   8.870582521571e-02  -3.148964746015e-04
  -2.260707901724e-02   3.953962867816e-04
  -4.934643120098e-02  -3.739352763822e-04
   1.085599519039e-01   2.557560022205e-04
  -1.397518260121e-01  -7.197419558225e-05
   1.348811239491e-01  -1.305191630028e-04
  -9.530053187082e-02   2.992490302295e-04
   3.107167133402e-02  -3.911059171577e-04
   4.115154796700e-02   3.817986421692e-04
  -1.027350334554e-01  -2.741413897137e-04
   1.378178331920e-01   9.572138230912e-05
  -1.374130733844e-01   1.070244075570e-04
   1.015352192811e-01  -2.825282667919e-04
  -3.953761126443e-02   3.851074094746e-04
  -3.268776506518e-02  -3.885029010371e-04
   9.647382100103e-02   2.914666145457e-04
  -1.353736018891e-01  -1.196362861654e-04
   1.393673446318e-01  -8.312364512282e-05
  -1.075292228589e-01   2.643170373914e-04
   4.791469526274e-02  -3.777525170766e-04
   2.402234688593e-02   3.935911232170e-04
  -8.975417539478e-02  -3.080833895796e-04
   1.323448915843e-01   1.430917142075e-04
  -1.408802785715e-01   5.837375027859e-05
   1.130863136166e-01  -2.451051682275e-04
  -5.622957430914e-02   3.686390990673e-04
  -1.515538764386e-02  -3.973705909558e-04
   8.262131980691e-02   3.234451450565e-04
  -1.287882130471e-01  -1.664957883927e-04
   1.417705443592e-01  -3.338871352840e-05
  -1.183334984334e-01   2.244723332528e-04
   6.436818760891e-02  -3.581441869692e-04
   6.139815193596e-03   3.994018962598e-04
  -7.506422315112e-02  -3.378820752535e-04
   1.246432719401e-01   1.892263062715e-04
  -1.421688241131e-01   7.733369784501e-06
   1.230703227628e-01  -2.029448471791e-04
  -7.237279402891e-02   3.458680507976e-04
   3.000065543060e-03  -3.999951507695e-04
   6.712837500388e-02   3.508696360267e-04
  -1.199635906148e-01  -2.116681455288e-04
   1.419083492277e-01   1.796010171169e-05
  -1.274256176499e-01   1.801006825572e-04
   8.011152217568e-02  -3.322193608237e-04
  -1.222455869975e-02   3.987264272575e-04
  -5.881564119010e-02  -3.627201846421e-04
   1.147034579669e-01   2.332099120050e-04
  -1.411111133188e-01  -4.411447195276e-05
   1.312028221012e-01  -1.565022147672e-04
  -8.763680593668e-02   3.167989850506e-04
   2.148757860973e-02  -3.959168979037e-04
   5.017102367898e-02   3.729325696385e-04
  -1.089143416092e-01  -2.542117928056e-04
   1.396298369423e-01   7.008543246842e-05
  -1.345262661867e-01   1.317281669135e-04
   9.480672341762e-02  -3.000525998560e-04
  -3.076004209643e-02   3.911555478505e-04
  -4.121001970808e-02  -3.818068019377e-04
   1.025655985426e-01   2.740786245643e-04
  -1.375751434501e-01  -9.627899106873e-05
   1.372119299611e-01  -1.063747889966e-04
  -1.016771938928e-01   2.815805561432e-04
   3.997842755022e-02  -3.847832880632e-04
   3.197721302184e-02   3.888653882754e-04
  -9.570755530658e-02  -2.931460779583e-04
   1.348237423656e-01   1.220455552431e-04
  -1.393732014207e-01   8.002491051766e-05
   1.081054427155e-01  -2.618694896287e-04
  -4.912015308081e-02   3.763991662433e-04
  -2.250123563554e-02  -3.944032142171e-04
   8.832496683426e-02   3.108399218094e-04
  -1.314727688012e-01  -1.477704816278e-04
   1.408473215529e-01  -5.330470152898e-05
  -1.141432836844e-01   2.405190411517e-04
   5.811044144451e-02  -3.663724583153e-04
   1.282721051357e-02   3.979656082341e-04
  -8.046785392543e-02  -3.274734261072e-04
   1.274266927906e-01   1.728061977739e-04
  -1.417306503093e-01   2.580516144818e-05
   1.196572685128e-01  -2.180589572848e-04
  -6.692781170475e-02   3.543094457847e-04
  -2.995099039954e-03  -3.998510583366e-04
   7.213649552533e-02   3.424969936536e-04
  -1.227678529633e-01  -1.975144886828e-04
   1.418899124984e-01   1.823252530994e-06
  -1.246871463204e-01   1.940890567838e-04
   7.549396835968e-02  -3.406157731103e-04
  -6.947644268708e-03   3.996258734053e-04
  -6.338135006186e-02  -3.562057574811e-04
   1.174311832704e-01   2.212571632657e-04
  -1.413992687039e-01  -2.997689212108e-05
   1.291193040597e-01  -1.691822548681e-04
  -8.378223229563e-02   3.249024912801e-04
   1.695277114147e-02  -3.976019821904e-04
   5.421804479912e-02   3.680772253468e-04
  -1.114839930385e-01  -2.443709764644e-04
   1.401619911999e-01   5.798811313652e-05
  -1.329737988960e-01   1.429405797852e-04
   9.171959450946e-02  -3.076183886022e-04
  -2.696807311459e-02   3.933640384433e-04
  -4.469816211966e-02  -3.783948796415e-04
   1.048929520619e-01   2.662341273342e-04
  -1.382264047968e-01  -8.623615067935e-05
   1.361668771867e-01  -1.159778918472e-04
  -9.926757214689e-02   2.883775350809e-04
   3.694106099913e-02  -3.872478091028e-04
   3.485204481301e-02   3.866644357482e-04
  -9.771144457019e-02  -2.871588089381e-04
   1.355375212552e-01   1.140444122239e-04
  -1.386924365335e-01   8.790154887947e-05
   1.063676142170e-01  -2.676768228794e-04
  -4.681207148217e-02   3.788531743582e-04
  -2.473312420101e-02  -3.931663106394e-04
   8.993736513498e-02   3.065458462563e-04
  -1.321163516895e-01  -1.417710750529e-04
   1.405051909263e-01  -5.936180916914e-05
  -1.129632868837e-01   2.451326220823e-04
   5.652902854924e-02  -3.685500136204e-04
   1.438516577826e-02   3.974341473921e-04
  -8.161283552236e-02  -3.246856481939e-04
   1.279522728995e-01   1.687395502256e-04
  -1.415684610218e-01   2.997536621881e-05
   1.190191728666e-01  -2.212925525212e-04
  -6.602232555262e-02   3.559502301694e-04
  -3.864347278979e-03  -3.997556509900e-04
   7.276438275164e-02   3.410067625438e-04
  -1.230402106719e-01  -1.952841450897e-04
   1.418816587134e-01  -4.221007576615e-07
  -1.244560771144e-01   1.957758217251e-04
   7.524503389167e-02  -3.414671890348e-04
  -6.774320431169e-03   3.996908515342e-04
  -6.342721354437e-02  -3.557831427731e-04
   1.174133749361e-01   2.207374430261e-04
  -1.413760111818e-01  -2.966742694232e-05
   1.292689457396e-01  -1.691806690903e-04
  -8.411590037191e-02   3.247219821652e-04
   1.747069024285e-02  -3.975463049544e-04
   5.365164327293e-02   3.684747090040e-04
  -1.110449193569e-01  -2.454087891750e-04
   1.400985980072e-01   5.959243244691e-05
  -1.333532344959e-01   1.411310434280e-04
   9.259735294094e-02  -3.061791264207e-04
  -2.816176246448e-02   3.929058900803e-04
  -4.347196457338e-02  -3.793468786021e-04
   1.040078165602e-01   2.686487981406e-04
  -1.379506203775e-01  -8.970396528288e-05
   1.367391204470e-01  -1.122727228095e-04
  -1.005961622341e-01   2.854668894633e-04
   3.878176684163e-02  -3.861070318573e-04
   3.295520271042e-02   3.878929745479e-04
  -9.626094252744e-02  -2.907430455939e-04
   1.350258763520e-01   1.192905650590e-04
  -1.392971126660e-01   8.223761021746e-05
   1.080872033559e-01  -2.631061499314e-04
  -4.926414268552e-02   3.767543188400e-04
  -2.214214590152e-02  -3.943801611465e-04
   8.790937279111e-02   3.110681754332e-04
  -1.312015607504e-01  -1.486810230907e-04
   1.410943767178e-01  -5.171293912939e-05
  -1.149668055625e-01   2.387315522748e-04
   5.953540987276e-02  -3.652276034032e-04
   1.110749734762e-02   3.983355540585e-04
  -7.890808452258e-02  -3.298899303517e-04
   1.266130295333e-01   1.771643987333e-04
  -1.419803730652e-01   2.034278975345e-05
   1.212238101141e-01  -2.129224390702e-04
  -6.953098886786e-02   3.511489363745e-04
   9.318082184456e-05  -4.000402248769e-04
   6.938337871086e-02   3.466176392687e-04
  -1.211233539852e-01  -2.050447555519e-04
   1.420574749410e-01   1.115303034878e-05
  -1.267477750929e-01   1.853205262844e-04
   7.916732295841e-02  -3.349507040036e-04
  -1.138787300396e-02   3.990539614000e-04
  -5.929884293057e-02  -3.615041096185e-04
   1.149002872746e-01   2.316231360189e-04
  -1.411615731514e-01  -4.311349910761e-05
   1.315412305331e-01  -1.565621985225e-04
  -8.838816775744e-02   3.162696159097e-04
   2.269793536213e-02  -3.956850142839e-04
   4.878878243298e-02   3.739962733818e-04
  -1.078058696268e-01  -2.571785703477e-04
   1.394249597108e-01   7.479750057738e-05
  -1.354927332952e-01   1.262984906250e-04
   9.709763176469e-02  -2.955982574547e-04
  -3.396479957125e-02   3.895235335311e-04
  -3.783876230279e-02  -3.843438582741e-04
   1.000278773871e-01   2.810351290690e-04
  -1.366805771143e-01  -1.065225195471e-04
   1.386165501869e-01  -9.521767120320e-05
  -1.052544246660e-01   2.725861389602e-04
   4.507955136448e-02  -3.809183349292e-04
   2.657689276583e-02   3.920343323654e-04
  -9.144235360688e-02  -3.034493488860e-04
   1.330824017771e-01   1.375391309297e-04
  -1.408076701513e-01   6.298372845670e-05
   1.127487618127e-01  -2.477904128917e-04
  -5.600695744464e-02   3.694868857071e-04
  -1.502324430900e-02  -3.973267749139e-04
   8.224289937496e-02   3.237781924816e-04
  -1.284731779262e-01  -1.681398345361e-04
   1.420889516053e-01  -3.032806626067e-05
  -1.195603838817e-01   2.208728999493e-04
   6.660310609695e-02  -3.556309266846e-04
   3.286337926635e-03   3.997500747812e-04
  -7.233471166390e-02  -3.422615946637e-04
   1.230184902372e-01   1.975808244640e-04
  -1.423700942411e-01  -3.067839377198e-06
   1.255655360930e-01  -1.924557324026e-04
  -7.686369170821e-02   3.389920253828e-04
   8.569572742803e-03  -3.995869783125e-04
   6.190305687901e-02   3.582974586988e-04
  -1.165842274006e-01  -2.261281876284e-04
   1.416790332192e-01   3.644139151650e-05
  -1.307695785453e-01   1.622141079153e-04
   8.660893566575e-02  -3.200349900679e-04
  -2.046615691694e-02   3.964067799952e-04
  -5.089534475152e-02  -3.721185678952e-04
   1.093371952282e-01   2.530576504847e-04
  -1.399481696052e-01  -7.008894184279e-05
   1.350370034530e-01  -1.308312611942e-04
  -9.586934418657e-02   2.984226937605e-04
   3.229017306472e-02  -3.905310545329e-04
   3.947651971053e-02   3.831694634784e-04
  -1.011784789971e-01  -2.786104521277e-04
   1.372076496341e-01   1.032311064157e-04
  -1.384009453220e-01   9.799833069231e-05
   1.044334368219e-01  -2.746898439541e-04
  -4.399938571251e-02   3.815669505834e-04
  -2.764488315027e-02  -3.916886049464e-04
   9.226714251702e-02   3.020947744389e-04
  -1.334190198426e-01  -1.361382488320e-04
   1.407193233783e-01  -6.445148550687e-05
  -1.123656141808e-01   2.485187730242e-04
   5.543333834682e-02  -3.698895986227e-04
   1.553728234528e-02   3.971702189972e-04
  -8.254827996634e-02  -3.237323521663e-04
   1.286134186898e-01   1.680301283656e-04
  -1.420520680573e-01   2.990144953312e-05
   1.194325683889e-01  -2.205167147074e-04
  -6.658567627677e-02   3.551404657597e-04
  -3.205246067010e-03  -3.998740115566e-04
   7.216728729601e-02   3.428748204226e-04
  -1.227853049109e-01  -1.991493242944e-04
   1.422589323036e-01   4.874742051032e-06
  -1.257263952924e-01   1.903849356851e-04
   7.725804089577e-02  -3.377611133235e-04
  -9.244498263641e-03   3.993442577568e-04
  -6.111720298934e-02  -3.597339668208e-04
   1.159679306309e-01   2.287310731709e-04
  -1.414223183839e-01  -4.014280295470e-05
   1.310074005469e-01  -1.588010451311e-04
  -8.747307251289e-02   3.174234837038e-04
   2.171239809337e-02  -3.958791301849e-04
   4.952797566810e-02   3.737131864049e-04
  -1.081890449052e-01  -2.569915715061e-04
   1.394150724714e-01   7.510009396708e-05
  -1.353843254018e-01   1.254861303305e-04
   9.701122392706e-02  -2.946451807301e-04
  -3.411750265175e-02   3.890709098193e-04
  -3.743870940690e-02  -3.850280423653e-04
   9.948758607853e-02   2.831970861532e-04
  -1.363348901878e-01  -1.099855040811e-04
   1.386309067551e-01  -9.118106711827e-05
  -1.059112090383e-01   2.691251856892e-04
   4.632499960558e-02  -3.792736107307e-04
   2.496654480347e-02   3.931387838925e-04
  -8.992155531016e-02  -3.075429877586e-04
   1.320806421424e-01   1.439882142433e-04
  -1.408581238552e-01   5.562883569294e-05
   1.139549120509e-01  -2.414622638463e-04
  -5.826962776698e-02   3.661236624432e-04
  -1.218903940285e-02  -3.982820013048e-04
   7.954093706721e-02   3.293402191452e-04
  -1.267565784296e-01  -1.773189921265e-04
   1.418750397189e-01  -1.962174344784e-05
  -1.211801413062e-01   2.113800227181e-04
   6.980027468705e-02  -3.500466942353e-04
  -7.832131781119e-04   3.999765364396e-04
  -6.842831052482e-02  -3.487736310412e-04
   1.203002066860e-01   2.091772335346e-04
  -1.417796330538e-01  -1.707271219654e-05
   1.273958945189e-01  -1.795580949391e-04
  -8.085350086348e-02   3.307184523660e-04
   1.384631378250e-02  -3.984995252522e-04
   5.665039384850e-02   3.652096277340e-04
  -1.128140285995e-01  -2.397475228087e-04
   1.404370230022e-01   5.362671250024e-05
  -1.326212108720e-01   1.457437148202e-04
   9.128432368028e-02  -3.086485228946e-04
  -2.688817167571e-02   3.934270473476e-04
  -4.430756511324e-02  -3.788375784766e-04
   1.042839064988e-01   2.682575298818e-04
  -1.379193550787e-01  -9.024604240315e-05
   1.367170454034e-01  -1.106911968279e-04
  -1.010165735633e-01   2.835471348050e-04
   3.979290669194e-02  -3.850967613506e-04
   3.148725019170e-02   3.890866355467e-04
  -9.480508774886e-02  -2.948719220589e-04
   1.341636492060e-01   1.260863957475e-04
  -1.396688341062e-01   7.417182927573e-05
   1.099335984130e-01  -2.560150566566e-04
  -5.243968903879e-02   3.731382146795e-04
  -1.830170440810e-02  -3.961697248570e-04
   8.441592754327e-02   3.188630968572e-04
  -1.292091461688e-01  -1.613263137770e-04
   1.414091714496e-01  -3.700256515509e-05
  -1.179349521218e-01   2.257931004539e-04
   6.471442354365e-02  -3.579678477126e-04
   4.859176263346e-03   3.995822914230e-04
  -7.320387299696e-02  -3.403870463751e-04
   1.230722510209e-01   1.951258510441e-04
  -1.418819652511e-01  -1.019829887630e-06
   1.249502989742e-01  -1.935740331866e-04
  -7.648384608541e-02   3.392635082262e-04
   8.719409544067e-03  -3.995823789099e-04
   6.125621738718e-02   3.587746377273e-04
  -1.157606458339e-01  -2.276388305745e-04
   1.411021129444e-01   3.903312991449e-05
  -1.308498560480e-01   1.591269404028e-04
   8.764608524236e-02  -3.175346750666e-04
  -2.231034788175e-02   3.957317556555e-04
  -4.865826488000e-02  -3.741894358961e-04
   1.073668877768e-01   2.580509130966e-04
  -1.389738709677e-01  -7.721362908745e-05
   1.356200193087e-01  -1.232302441953e-04
  -9.805744457732e-02   2.925021053392e-04
   3.578344346349e-02  -3.883555414465e-04
   3.553421190006e-02   3.860309528512e-04
  -9.787795169098e-02  -2.864980048212e-04
   1.355936588158e-01   1.146754371082e-04
  -1.391054107261e-01   8.568081472045e-05
   1.076335123797e-01  -2.647765282853e-04
  -4.901076516441e-02   3.770790057730e-04
  -2.197876902487e-02  -3.944907817380e-04
   8.744820373603e-02   3.122114575769e-04
  -1.308387369953e-01  -1.515677401568e-04
   1.413501744232e-01  -4.732920867537e-05
  -1.162286596918e-01   2.341171245866e-04
   6.184868519858e-02  -3.623141992314e-04
   8.133658160337e-03   3.990432276471e-04
  -7.606310471887e-02  -3.353211989840e-04
   1.248746544075e-01   1.870053527308e-04
  -1.421862599138e-01   8.000975067784e-06
   1.237756570975e-01  -2.012365103949e-04
  -7.418086597001e-02   3.437452397017e-04
   5.881864259081e-03  -3.999310124895e-04
   6.391544233167e-02   3.551217656295e-04
  -1.175735420427e-01  -2.211131480014e-04
   1.417075288799e-01   3.140123416045e-05
  -1.301409244251e-01   1.659294550846e-04
   8.584441157035e-02  -3.218862967201e-04
  -1.993201761390e-02   3.967053278309e-04
  -5.101304228662e-02  -3.717543795330e-04
   1.091485251156e-01   2.530319502019e-04
  -1.397533709764e-01  -7.102202505916e-05
   1.352701172997e-01  -1.290027704043e-04
  -9.675196052035e-02   2.964750234338e-04
   3.385840501590e-02  -3.896834845615e-04
   3.755918547512e-02   3.845903684736e-04
  -9.949351894770e-02  -2.828696518222e-04
   1.364529181612e-01   1.099318010737e-04
  -1.390583094452e-01   9.028580826374e-05
   1.067171153625e-01  -2.681360210909e-04
  -4.755375694164e-02   3.784920316679e-04
  -2.360693941415e-02  -3.938041843410e-04
   8.884330609647e-02   3.098172975030e-04
  -1.316761708019e-01  -1.482455924685e-04
   1.414587571428e-01  -5.066370221759e-05
  -1.156962267432e-01   2.366555897928e-04
   6.081172333793e-02  -3.635440079426e-04
   9.343756751250e-03   3.988527667302e-04
  -7.713947407395e-02  -3.339788950821e-04
   1.255710271782e-01   1.850351721578e-04
  -1.424103539952e-01   1.000059207214e-05
   1.234806421163e-01  -2.027686643423e-04
  -7.356959792623e-02   3.445370204726e-04
   5.116735509781e-03  -3.999688037899e-04
   6.461427476110e-02   3.546168234651e-04
  -1.180589554483e-01  -2.203897604923e-04
   1.418713545515e-01   3.076309283803e-05
  -1.300782199885e-01   1.663064414387e-04
   8.557501287276e-02  -3.219959219720e-04
  -1.962128346612e-02   3.966984874509e-04
  -5.127524930383e-02  -3.718504928810e-04
   1.092929347909e-01   2.534116339061e-04
  -1.398340737797e-01  -7.172843347129e-05
   1.352679586069e-01  -1.281050192067e-04
  -9.681468194795e-02   2.956834125934e-04
   3.399362784648e-02  -3.893583695952e-04
   3.733543344738e-02   3.850298891034e-04
  -9.925928102320e-02  -2.841734682509e-04
   1.362648188048e-01   1.119281092842e-04
  -1.391071503331e-01   8.803796080825e-05
   1.070059348543e-01  -2.662448060229e-04
  -4.812044625094e-02   3.775825971714e-04
  -2.287374815891e-02  -3.943146157222e-04
   8.810901427187e-02   3.118354805619e-04
  -1.312105893854e-01  -1.514306488161e-04
   1.413820485746e-01  -4.702462667728e-05
  -1.161764902794e-01   2.335014375219e-04
   6.177692850185e-02  -3.617947926826e-04
   8.078495053266e-03   3.991524544362e-04
  -7.589588154043e-02  -3.364699301167e-04
   1.246553774839e-01   1.892732698271e-04
  -1.421872093541e-01   4.978972732981e-06
   1.240424848448e-01  -1.982186017813e-04
  -7.488146623585e-02   3.417117382788e-04
   6.909632022844e-03  -3.997715742045e-04
   6.276987097912e-02   3.573183844650e-04
  -1.166935801489e-01  -2.254986870328e-04
   1.413433063398e-01   3.712183010021e-05
  -1.306527293273e-01   1.602702256222e-04
   8.718971268451e-02  -3.178816992613e-04
  -2.192129723909e-02   3.957212343253e-04
  -4.884369773814e-02  -3.744759631939e-04
   1.073410759863e-01   2.591805205196e-04
  -1.389630602490e-01  -7.932630118229e-05
   1.357601582994e-01  -1.205311756649e-04
  -9.863259515927e-02   2.900961819249e-04
   3.677674556762e-02  -3.873270216067e-04
   3.427326546448e-02   3.872830840682e-04
  -9.672662284725e-02  -2.903488925657e-04
   1.349307871992e-01   1.206305650932e-04
  -1.394090190814e-01   7.892271237856e-05
   1.089844891009e-01  -2.590371121537e-04
  -5.131235915589e-02   3.742373445169e-04
  -1.921390693255e-02  -3.958869110886e-04
   8.491193695219e-02   3.181434982545e-04
  -1.293574836046e-01  -1.610513463359e-04
   1.414278154262e-01  -3.640913647434e-05
  -1.181656336219e-01   2.245618858000e-04
   6.533930975983e-02  -3.569006699061e-04
   3.835579422693e-03   3.997371913754e-04
  -7.204653013561e-02  -3.426026330117e-04
   1.222146019662e-01   1.995924397859e-04
  -1.418333567933e-01  -7.045830957086e-06
   1.260076375590e-01  -1.874843991104e-04
  -7.868576554376e-02   3.350576288455e-04
   1.168236390010e-02  -3.990654235395e-04
   5.824534267722e-02   3.629572289143e-04
  -1.135981678115e-01  -2.362495138306e-04
   1.405595153602e-01   5.041720953233e-05
  -1.324018060093e-01   1.477195982114e-04
   9.118300230917e-02  -3.092976062045e-04
  -2.715269677400e-02   3.934340277921e-04
  -4.367022129081e-02  -3.792817235148e-04
   1.035767133587e-01   2.700690420202e-04
  -1.375843479847e-01  -9.370458280668e-05
   1.372659399266e-01  -1.061998959446e-04
  -1.026439164314e-01   2.794439490475e-04
   4.238679844474e-02  -3.831901491659e-04
   2.848466461545e-02   3.909171277818e-04
  -9.223079139303e-02  -3.010430900582e-04
   1.329594475362e-01   1.358576763809e-04
  -1.404573339651e-01   6.289065916813e-05
   1.129405563818e-01  -2.462341141834e-04
  -5.718679910523e-02   3.680059888720e-04
  -1.286352502893e-02  -3.980071478457e-04
   7.971741928422e-02   3.282937170655e-04
  -1.266302525356e-01  -1.768480172499e-04
   1.419919409391e-01  -1.881784306095e-05
  -1.218758392031e-01   2.095641717483e-04
   7.136172410196e-02  -3.483699935587e-04
  -2.999966752718e-03   4.000143611703e-04
  -6.611593843912e-02  -3.518343057222e-04
   1.187568590087e-01   2.156394131957e-04
  -1.417054148612e-01  -2.600914030424e-05
   1.293703003563e-01  -1.703136595712e-04
  -8.472085729982e-02   3.240567381530e-04
   1.890836958588e-02  -3.971864243011e-04
   5.164502972907e-02   3.708906926930e-04
  -1.092759730570e-01  -2.521891364855e-04
   1.397044794471e-01   7.050572426746e-05
  -1.352354705047e-01   1.284423965540e-04
   9.707003466902e-02  -2.957115749631e-04
  -3.466866176329e-02   3.891114495589e-04
  -3.640805078644e-02  -3.855292018297e-04
   9.842766007773e-02   2.855152069356e-04
  -1.358312166431e-01  -1.146257460765e-04
   1.394357662063e-01  -8.495227565978e-05
  -1.082511011235e-01   2.632016315728e-04
   5.004745753328e-02  -3.761726500098e-04
   2.064683858368e-02   3.951006677101e-04
  -8.617519419305e-02  -3.155815680133e-04
   1.302603307935e-01   1.572681748107e-04
  -1.418187525363e-01   3.985919163421e-05
   1.180627676804e-01  -2.273314708912e-04
  -6.488490505376e-02   3.580808731211e-04
  -4.515608240753e-03  -3.997602632262e-04
   7.279931707343e-02   3.414978248295e-04
  -1.228762856558e-01  -1.983610357155e-04
   1.423814344599e-01   5.744949838135e-06
  -1.264047110056e-01   1.880503618938e-04
   7.890346714406e-02  -3.353785851099e-04
  -1.175949632263e-02   3.989964772297e-04
  -5.832499327331e-02  -3.632634889470e-04
   1.138925875761e-01   2.368324846372e-04
  -1.410350229020e-01  -5.179578016759e-05
   1.330689987372e-01  -1.463095948008e-04
  -9.200163348912e-02   3.078912858979e-04
   2.795711439261e-02  -3.930895425793e-04
   4.303589673335e-02   3.801108435360e-04
  -1.032684238554e-01  -2.726022904479e-04
   1.377994137487e-01   9.715362149455e-05
  -1.380290987822e-01   1.021305287101e-04
   1.038640542321e-01  -2.763323651337e-04
  -4.389356102630e-02   3.816691068572e-04
  -2.704055119108e-02  -3.921109187968e-04
   9.123124984488e-02   3.046726812733e-04
  -1.326677545738e-01  -1.417158243800e-04
   1.410822906096e-01  -5.658432684678e-05
  -1.144555891568e-01   2.406304693536e-04
   5.928505088298e-02  -3.651720320103e-04
   1.060093893982e-02   3.986405390554e-04
  -7.783274350825e-02  -3.329816052782e-04
   1.256818039750e-01   1.843432281853e-04
  -1.422759052112e-01   9.754338549720e-06
   1.234494734874e-01  -2.016668647234e-04
  -7.399645303307e-02   3.433641222735e-04
   6.091785466035e-03  -3.998821959400e-04
   6.330170125242e-02   3.566451036448e-04
  -1.169193316032e-01  -2.249110457410e-04
   1.414380892815e-01   3.720748389045e-05
  -1.308642966657e-01   1.594601211209e-04
   8.771125607458e-02  -3.168606974957e-04
  -2.280276788318e-02   3.953680982452e-04
  -4.777955481892e-02  -3.756550324902e-04
   1.064536540176e-01   2.623304713215e-04
  -1.386737980500e-01  -8.416776689941e-05
   1.364063361087e-01  -1.150407156071e-04
  -1.003276775577e-01   2.855520525232e-04
   3.928370104058e-02  -3.854311267861e-04
   3.149751584665e-02   3.892720186384e-04
  -9.443432359793e-02  -2.964796570644e-04
   1.338768438072e-01   1.299417212350e-04
  -1.401195324967e-01   6.850314049411e-05
   1.115458302756e-01  -2.502397130725e-04
  -5.531551843848e-02   3.697586059367e-04
  -1.466538003940e-02  -3.975846310122e-04
   8.098182731537e-02   3.263669424625e-04
  -1.271842234321e-01  -1.743626201661e-04
   1.417952714995e-01  -2.099363630104e-05
  -1.212693458133e-01   2.109227046604e-04
   7.063531934321e-02  -3.488655205287e-04
  -2.474509287106e-03   4.000172822029e-04
  -6.629600996807e-02  -3.519087278586e-04
   1.185880779775e-01   2.162655567533e-04
  -1.414712589490e-01  -2.733244936935e-05
   1.292701617449e-01  -1.685795980909e-04
  -8.502203718090e-02   3.225846667148e-04
   1.967496777495e-02  -3.968001479665e-04
   5.055587334546e-02   3.722500474514e-04
  -1.082346332835e-01  -2.554747795338e-04
   1.390676002227e-01   7.525900457309e-05
  -1.354316356488e-01   1.233007720329e-04
   9.824365302680e-02  -2.916314799085e-04
  -3.667703808137e-02   3.875282319563e-04
  -3.399209522187e-02  -3.873896771011e-04
   9.623101236248e-02   2.908983019822e-04
  -1.345964531723e-01  -1.225876060463e-04
   1.396410882859e-01  -7.621493443795e-05
  -1.100667474969e-01   2.559683446149e-04
   5.322452641212e-02  -3.726133155497e-04
   1.683841563146e-02   3.966383684605e-04
  -8.272453380365e-02  -3.223852641818e-04
   1.281262177683e-01   1.680871034056e-04
  -1.417533407368e-01   2.748617494987e-05
   1.203236096160e-01  -2.165113403916e-04
  -6.904985406175e-02   3.518165674826e-04
   6.520899028715e-04  -4.001257830804e-04
   6.792779807346e-02   3.489654633709e-04
  -1.196479259051e-01  -2.115391679058e-04
   1.417889551578e-01   2.165007016384e-05
  -1.287763924871e-01   1.733337572074e-04
   8.390437201624e-02  -3.257589951379e-04
  -1.821531086789e-02   3.973449481974e-04
  -5.200108022150e-02  -3.705562407373e-04
   1.093657084896e-01   2.517569220062e-04
  -1.395915683884e-01  -7.097443813560e-05
   1.353340414098e-01  -1.275320115196e-04
  -9.753703104637e-02   2.943550253585e-04
   3.557131810065e-02  -3.886024139161e-04
   3.522623532323e-02   3.863495286794e-04
  -9.727883265224e-02  -2.885334309374e-04
   1.353028652086e-01   1.192014015104e-04
  -1.397824786162e-01   7.927121965802e-05
   1.097101920050e-01  -2.584439620894e-04
  -5.246631558393e-02   3.735772613705e-04
  -1.780293152981e-02  -3.963805589750e-04
   8.368643639002e-02   3.207846034836e-04
  -1.287947500764e-01  -1.660781078741e-04
   1.420997897630e-01  -2.978788655030e-05
  -1.202256721341e-01   2.180754836766e-04
   6.858378851517e-02  -3.527885909296e-04
   3.045366470077e-05   4.000315560984e-04
  -6.863909243851e-02  -3.483559170071e-04
   1.202957509817e-01   2.103338293052e-04
  -1.421354428836e-01  -2.068034199636e-05
   1.288549743507e-01  -1.742942986033e-04
  -8.372348758783e-02   3.260938669287e-04
   1.782651102219e-02  -3.975059848165e-04
   5.247749667568e-02   3.703179923012e-04
  -1.097528851315e-01  -2.517111064824e-04
   1.399199687160e-01   7.081371259602e-05
  -1.354865520358e-01   1.272649494343e-04
   9.753155050526e-02  -2.942431010099e-04
  -3.549949799826e-02   3.883898903723e-04
  -3.534045210849e-02  -3.866185506000e-04
   9.744150456036e-02   2.890208621070e-04
  -1.354019814492e-01  -1.203239888277e-04
   1.399064247097e-01  -7.820263784953e-05
  -1.098894854380e-01   2.572555756816e-04
   5.265288709604e-02  -3.730984564394e-04
   1.756447282816e-02   3.965226748474e-04
  -8.341832493608e-02  -3.220403746442e-04
   1.286527412773e-01   1.678761153850e-04
  -1.421060550164e-01   2.736487524405e-05
   1.204277135549e-01  -2.161087481379e-04
  -6.907505837007e-02   3.514199770979e-04
   6.122407695040e-04  -4.001347743346e-04
   6.797663332377e-02   3.497239936151e-04
  -1.197364424147e-01  -2.131600341380e-04
   1.419081358350e-01   2.391653934731e-05
  -1.291103139622e-01   1.709612187077e-04
   8.438596836750e-02  -3.240102125696e-04
  -1.887972201041e-02   3.969376727772e-04
  -5.129001432677e-02  -3.719344606869e-04
   1.087674838168e-01   2.548976294495e-04
  -1.393986143711e-01  -7.531601542974e-05
   1.355999502609e-01  -1.229912275192e-04
  -9.842624940214e-02   2.908448595535e-04
   3.692439165299e-02  -3.872442295989e-04
   3.366027763292e-02   3.878195197523e-04
  -9.591684632970e-02  -2.927968204550e-04
   1.344749560246e-01   1.254529020350e-04
  -1.399172547997e-01   7.247047847338e-05
   1.108288308869e-01  -2.528280923550e-04
  -5.445919670931e-02   3.707600649524e-04
  -1.535483644711e-02  -3.973863530222e-04
   8.135644548561e-02   3.257056989261e-04
  -1.272893701773e-01  -1.739648016583e-04
   1.418209285752e-01  -2.072972321014e-05
  -1.214587728247e-01   2.100985350066e-04
   7.114788604192e-02  -3.480464080537e-04
  -3.310827127543e-03   4.000089973952e-04
  -6.533665427058e-02  -3.534027447046e-04
   1.178547051628e-01   2.194974777592e-04
  -1.413503984773e-01  -3.187562154319e-05
   1.300329242649e-01  -1.637918386140e-04
  -8.670893023003e-02   3.190200193617e-04
   2.201748334097e-02  -3.958987523853e-04
   4.809992520926e-02   3.749216124160e-04
  -1.063579293341e-01  -2.616931394292e-04
   1.384176952759e-01   8.392829516269e-05
  -1.364102997457e-01   1.141795935017e-04
   1.008447270632e-01  -2.845096944836e-04
  -4.043164864975e-02   3.846692729507e-04
  -2.994581351809e-02  -3.901741414258e-04
   9.294981631206e-02   2.992999487079e-04
  -1.330545083257e-01  -1.350233095826e-04
   1.404500613446e-01  -6.258666304295e-05
  -1.132687495143e-01   2.446193113792e-04
   5.822423469564e-02  -3.667857497041e-04
   1.118197291297e-02   3.984232498440e-04
  -7.783621206964e-02  -3.320183553344e-04
   1.253528798958e-01   1.837351619806e-04
  -1.419953856540e-01   9.384928069411e-06
   1.237684040450e-01  -2.004373431334e-04
  -7.505651778197e-02   3.420961065341e-04
   7.860602379357e-03  -3.997796902708e-04
   6.129379058257e-02   3.587686036835e-04
  -1.153398434384e-01  -2.296512506719e-04
   1.410714929598e-01   4.397650627722e-05
  -1.320655063019e-01   1.522237972858e-04
   9.061586747903e-02  -3.113484023783e-04
  -2.684213158573e-02   3.937599849514e-04
  -4.355656165257e-02  -3.793737196708e-04
   1.032705569260e-01   2.714216021441e-04
  -1.375293611275e-01  -9.706095228662e-05
   1.380494661677e-01  -1.012895740078e-04
  -1.045941608473e-01   2.746046422788e-04
   4.540116797620e-02  -3.807311423584e-04
   2.497912444573e-02   3.929825201626e-04
  -8.920220934969e-02  -3.086787556710e-04
   1.315430869685e-01   1.483773283899e-04
  -1.414901539046e-01   4.801680556299e-05
   1.167033868452e-01  -2.328958700142e-04
  -6.322009845901e-02   3.604672515097e-04
  -5.850409773288e-03  -3.996095691840e-04
   7.349919322938e-02   3.402294679843e-04
  -1.230221239311e-01  -1.974655216018e-04
   1.423691759827e-01   6.125498215912e-06
  -1.267149684980e-01   1.864682698256e-04
   7.990231089494e-02  -3.336291482257e-04
  -1.346357012069e-02   3.986695043465e-04
  -5.629767365733e-02  -3.658155921066e-04
   1.122445074082e-01   2.428842121417e-04
  -1.405557802221e-01  -6.066963541366e-05
   1.343676169472e-01  -1.366040490423e-04
  -9.520643459658e-02   3.002339277455e-04
   3.259767665090e-02  -3.904321335810e-04
   3.800454070454e-02   3.844703020991e-04
  -9.923235439343e-02  -2.842017032676e-04
   1.361042904214e-01   1.140736773886e-04
  -1.395528503474e-01   8.369802239873e-05
   1.087108536764e-01  -2.612451532629e-04
  -5.123093695824e-02   3.745920599618e-04
  -1.886832455192e-02  -3.961166908634e-04
   8.431991018469e-02   3.201179765656e-04
  -1.290221549842e-01  -1.658268603076e-04
   1.420501891802e-01  -2.922205791527e-05
  -1.202792378836e-01   2.168938405322e-04
   6.893182973186e-02  -3.517212415172e-04
  -7.122807341906e-04   4.000639200560e-04
  -6.767161666723e-02  -3.502949764569e-04
   1.194269562231e-01   2.144114815199e-04
  -1.418833349466e-01  -2.632050864687e-05
   1.295061823437e-01  -1.684224153187e-04
  -8.544698963606e-02   3.217849590570e-04
   2.038308029000e-02  -3.964873453944e-04
   4.964893280769e-02   3.736547336121e-04
  -1.074718068838e-01  -2.593275556416e-04
   1.389085213198e-01   8.135297187878e-05
  -1.363510717243e-01   1.162367514310e-04
   1.003311718113e-01  -2.856771296944e-04
  -3.977142686002e-02   3.849955210612e-04
  -3.054759603920e-02  -3.900295002777e-04
   9.334598960417e-02   2.991803600718e-04
  -1.332604277653e-01  -1.353105333267e-04
   1.404951205826e-01  -6.180250659984e-05
  -1.133833976400e-01   2.436046013399e-04
   5.846870239140e-02  -3.660738163872e-04
   1.075048640374e-02   3.986234827715e-04
  -7.732299039659e-02  -3.335496082134e-04
   1.249210712819e-01   1.866111450035e-04
  -1.419554856826e-01   5.654490119379e-06
   1.242277674622e-01  -1.967693628054e-04
  -7.611904364016e-02   3.396260775788e-04
   9.361442663961e-03  -3.995187556212e-04
   5.967928585623e-02   3.612532501008e-04
  -1.140969943206e-01  -2.346868925944e-04
   1.405760848688e-01   5.060088373347e-05
  -1.326826712655e-01   1.455771018888e-04
   9.233533345616e-02  -3.064791425571e-04
  -2.938166669888e-02   3.922343894391e-04
  -4.076789230190e-02  -3.820330443906e-04
   1.009329746394e-01   2.780549433708e-04
  -1.363935438811e-01  -1.063524208326e-04
   1.385226339123e-01  -9.148858864204e-05
  -1.067666690539e-01   2.668046025505e-04
   4.890149699760e-02  -3.771705154844e-04
   2.095199803929e-02   3.949904113637e-04
  -8.567717932385e-02  -3.162171093342e-04
   1.294619686590e-01   1.599548884636e-04
  -1.415669772627e-01   3.505791742155e-05
   1.191150751265e-01  -2.217659741387e-04
  -6.750403665380e-02   3.541644419193e-04
  -6.315533548352e-04  -4.001159194401e-04
   6.863508220647e-02   3.478892387227e-04
  -1.198286510723e-01  -2.107824533456e-04
   1.417851201165e-01   2.207696770481e-05
  -1.290467889786e-01   1.717592171336e-04
   8.479615467349e-02  -3.239756139900e-04
  -1.977812502208e-02   3.968387564582e-04
  -5.009483005289e-02  -3.727288673677e-04
   1.077520517102e-01   2.572633127891e-04
  -1.390171205494e-01  -7.926916531388e-05
   1.363865911500e-01  -1.182394542200e-04
  -1.003927193975e-01   2.867371155460e-04
   3.984200840885e-02  -3.854745008535e-04
   3.047218216320e-02   3.897343316325e-04
  -9.332156036833e-02  -2.988312609632e-04
   1.334191849810e-01   1.348103293131e-04
  -1.408632395383e-01   6.177511236734e-05
   1.139355355486e-01  -2.435698778342e-04
  -5.915834866739e-02   3.657940246621e-04
  -1.011882292062e-02  -3.988101197387e-04
   7.694257439209e-02   3.340994054815e-04
  -1.249079011403e-01  -1.880236333644e-04
   1.424212863657e-01  -4.030319957435e-06
  -1.251329191263e-01   1.948614396271e-04
   7.725785227168e-02  -3.384870149533e-04
  -1.051955133381e-02   3.992951234315e-04
  -5.879977589600e-02  -3.626486253964e-04
   1.137781629228e-01   2.372517744902e-04
  -1.409141771571e-01  -5.431139935824e-05
   1.336695993182e-01  -1.420525918790e-04
  -9.382256161282e-02   3.036503936808e-04
   3.100651492808e-02  -3.914234179770e-04
   3.936562589131e-02   3.833746874644e-04
  -1.000859580688e-01  -2.818631274274e-04
   1.363870819161e-01   1.114885344708e-04
  -1.394003221106e-01   8.573203171597e-05
   1.083648018961e-01  -2.623572427966e-04
  -5.093911909589e-02   3.748993648413e-04
  -1.895679532659e-02  -3.961009056332e-04
   8.420886157346e-02   3.203742569746e-04
  -1.288649664717e-01  -1.667679564106e-04
   1.420729914004e-01  -2.757835190897e-05
  -1.206905846628e-01   2.149904219569e-04
   6.981168915696e-02  -3.503443758133e-04
  -1.950834502535e-03   4.000764857421e-04
  -6.637453848128e-02  -3.522893253752e-04
   1.184844885931e-01   2.184190984666e-04
  -1.417051491782e-01  -3.168055595762e-05
   1.303467815565e-01  -1.629706084843e-04
  -8.729611134752e-02   3.178180006604e-04
   2.292169350862e-02  -3.954579296363e-04
   4.700801631189e-02   3.764078954892e-04
  -1.054480837241e-01  -2.657387896864e-04
   1.381534990775e-01   9.024149715707e-05
  -1.372554983012e-01   1.069090333256e-04
   1.028852018440e-01  -2.783478184321e-04
  -4.350148014412e-02   3.818816985769e-04
  -2.648917999436e-02  -3.924722790486e-04
   8.999452972007e-02   3.071581459882e-04
  -1.315720721189e-01  -1.473096209214e-04
   1.410848073884e-01  -4.849549208816e-05
  -1.163123323589e-01   2.323076252644e-04
   6.320317984737e-02  -3.599061072897e-04
   5.280625406857e-03   3.996459388052e-04
  -7.246851875159e-02  -3.421013088623e-04
   1.219842524106e-01   2.010892671852e-04
  -1.418309739639e-01  -1.149981522447e-05
   1.271702464460e-01  -1.811031209571e-04
  -8.158961686786e-02   3.295487933586e-04
   1.614675975294e-02  -3.980102468047e-04
   5.322485240968e-02   3.692792336858e-04
  -1.096341516224e-01  -2.508055262924e-04
   1.393704400301e-01   7.123124271607e-05
  -1.352231371663e-01   1.253599349646e-04
   9.821512705749e-02  -2.917989036953e-04
  -3.729918378618e-02   3.871347683804e-04
  -3.269924375137e-02  -3.883541954601e-04
   9.474711517276e-02   2.948080076419e-04
  -1.337362727420e-01  -1.298492436219e-04
   1.402544879461e-01  -6.678652655764e-05
  -1.126587220993e-01   2.470148048678e-04
   5.768465665290e-02  -3.675190050051e-04
   1.134917421036e-02   3.984083615353e-04
  -7.762638320286e-02  -3.324458064707e-04
   1.250565118842e-01   1.854895411381e-04
  -1.420526896171e-01   6.185432407414e-06
   1.245910301284e-01  -1.965942030608e-04
  -7.680988119679e-02   3.391390093285e-04
   1.033566036732e-02  -3.994517103472e-04
   5.867974338473e-02   3.623428034630e-04
  -1.134037644656e-01  -2.373153972307e-04
   1.406304733335e-01   5.454850614275e-05
  -1.336397052907e-01   1.411723533437e-04
   9.420989423015e-02  -3.029488606728e-04
  -3.185350413053e-02   3.909908897619e-04
  -3.827416271018e-02  -3.840887126721e-04
   9.913190011311e-02   2.835918978044e-04
  -1.358407011550e-01  -1.145193804807e-04
   1.396217493041e-01  -8.247973090009e-05
  -1.094577570719e-01   2.592946297218e-04
   5.267410229537e-02  -3.734699839097e-04
   1.692320533265e-02   3.966865185478e-04
  -8.239951103725e-02  -3.236025779163e-04
   1.279010287827e-01   1.717919046373e-04
  -1.422802778504e-01   2.135135959617e-05
   1.221376918934e-01  -2.095654609303e-04
  -7.233996936936e-02   3.468296683509e-04
   4.916992083865e-03  -4.000817707198e-04
   6.370570816139e-02   3.558845670578e-04
  -1.168005198593e-01  -2.254715959907e-04
   1.415709957499e-01   4.027158490654e-05
  -1.319659563320e-01   1.544140885052e-04
   9.029119855022e-02  -3.119899092140e-04
  -2.672605043356e-02   3.937224985113e-04
  -4.335019432710e-02  -3.799621581698e-04
   1.029014486297e-01   2.737426091534e-04
  -1.374220984466e-01  -1.014411450226e-04
   1.385954098985e-01  -9.558766087097e-05
  -1.061910491809e-01   2.692930771801e-04
   4.795410950518e-02  -3.780029251027e-04
   2.188697138481e-02   3.947629881001e-04
  -8.638747018448e-02  -3.158231131051e-04
   1.299139842603e-01   1.601596855304e-04
  -1.419331168680e-01   3.396465463901e-05
   1.194925435093e-01  -2.201189382638e-04
  -6.814528883525e-02   3.528334593478e-04
   2.293589074637e-04  -4.001739172934e-04
   6.771097499563e-02   3.501713988948e-04
  -1.191915938475e-01  -2.154667454574e-04
   1.417439700519e-01   2.847534076307e-05
  -1.300050653049e-01   1.651456709999e-04
   8.670863161183e-02  -3.191058726806e-04
  -2.244694380375e-02   3.955890268428e-04
  -4.725397592620e-02  -3.762459181805e-04
   1.054648953435e-01   2.654767582492e-04
  -1.381192720533e-01  -9.072276303815e-05
   1.372831928725e-01  -1.061373494296e-04
  -1.032686244575e-01   2.771613423203e-04
   4.421065313945e-02  -3.813598467168e-04
   2.553275606384e-02   3.929075597753e-04
  -8.907188535619e-02  -3.093366557182e-04
   1.310032679460e-01   1.507245374500e-04
  -1.412533402206e-01   4.401904830358e-05
   1.173009909685e-01  -2.283790110689e-04
  -6.498596884213e-02   3.573688008987e-04
  -3.070648543255e-03  -3.999871913970e-04
   7.036938881840e-02   3.454360427811e-04
  -1.206238262472e-01  -2.074506419858e-04
   1.416800530713e-01   1.918757447846e-05
  -1.284879408700e-01   1.734598466286e-04
   8.422086210196e-02  -3.244898709478e-04
  -1.956448162696e-02   3.968316338104e-04
  -4.982964791125e-02  -3.731675682148e-04
   1.071605176311e-01   2.589496658399e-04
  -1.385614521136e-01  -8.241522707925e-05
   1.364895584645e-01  -1.141966681654e-04
  -1.014021801074e-01   2.830621399995e-04
   4.179307113495e-02  -3.837566027689e-04
   2.795124982437e-02   3.913333322085e-04
  -9.093154257367e-02  -3.043012539338e-04
   1.319456503261e-01   1.435490600455e-04
  -1.410330262183e-01   5.155408799823e-05
   1.160825622885e-01  -2.344761770852e-04
  -6.302954399163e-02   3.606219292807e-04
  -5.286511648482e-03  -3.997139087702e-04
   7.235043400787e-02   3.418284635162e-04
  -1.218912326890e-01  -2.014988493097e-04
   1.420325506247e-01   1.239256711069e-05
  -1.278038775539e-01   1.794543274649e-04
   8.270817233864e-02  -3.282921241975e-04
  -1.758232569824e-02   3.976166301666e-04
