   0.000000000000e+00   3.000000000000e-04
  -2.312349172389e-02   2.936319786915e-04
  -4.462738065697e-02   2.734887742310e-04
  -6.452271085020e-02   2.405522495610e-04
  -8.149496962363e-02   1.963389464374e-04
  -9.407582689928e-02   1.429262211556e-04
  -1.026619590426e-01   8.285302643537e-05
  -1.066445161831e-01   1.889876287096e-05
  -1.050394797629e-01  -4.595618665453e-05
  -9.883449117131e-02  -1.086452544741e-04
  -8.831030958456e-02  -1.662632015272e-04
  -7.305668869723e-02  -2.161262621892e-04
  -5.458393662225e-02  -2.558544274726e-04
  -3.396332503733e-02  -2.835953514184e-04
  -1.118700589014e-02  -2.980614406131e-04
   1.203959422953e-02  -2.985299607883e-04
   3.420485051041e-02  -2.849880779297e-04
   5.527147255446e-02  -2.581035986773e-04
   7.380670649859e-02  -2.191089199921e-04
   8.832402426663e-02  -1.698413756790e-04
   9.912634112647e-02  -1.126482829416e-04
   1.054699881587e-01  -5.017790973203e-05
   1.062803966284e-01   1.465415407549e-05
   1.024411641898e-01   7.878041267500e-05
   9.409637197173e-02   1.392283344520e-04
   8.074170478939e-02   1.931807102876e-04
   6.383326910523e-02   2.380658443525e-04
   4.431590331284e-02   2.717911522104e-04
   2.213469330865e-02   2.927845481286e-04
  -9.501440390309e-04   3.000131952872e-04
  -2.353106718655e-02   2.931485174929e-04
  -4.555822414128e-02   2.725400660294e-04
  -6.541057318520e-02   2.391234895678e-04
  -8.167466411456e-02   1.944836389376e-04
  -9.460605957612e-02   1.407517441037e-04
  -1.031688701140e-01   8.041505671981e-05
  -1.063299869477e-01   1.630199041799e-05
  -1.049311601240e-01  -4.855341607575e-05
  -9.879318340907e-02  -1.111485281643e-04
  -8.743159664062e-02  -1.685583638904e-04
  -7.229750556858e-02  -2.180524814229e-04
  -5.406763847108e-02  -2.573286491357e-04
  -3.270817254190e-02  -2.845482757976e-04
  -1.002394707454e-02  -2.983855126914e-04
   1.272565626352e-02  -2.982031170293e-04
   3.544090836081e-02  -2.840305178507e-04
   5.641188868380e-02  -2.564996400229e-04
   7.423947827812e-02  -2.169216189714e-04
   8.908915424355e-02  -1.671907163629e-04
   9.980929979282e-02  -1.096100981589e-04
   1.052887468272e-01  -4.688398278632e-05
   1.062585833973e-01   1.801554420928e-05
   1.024149252378e-01   8.208184898704e-05
   9.317322807363e-02   1.423195681206e-04
   7.990144919049e-02   1.958657054700e-04
   6.315500743184e-02   2.402291699590e-04
   4.284115945252e-02   2.733302829312e-04
   2.076765891322e-02   2.935646773432e-04
  -1.914518880305e-03   2.999948168846e-04
  -2.509459340217e-02   2.923335669551e-04
  -4.693523237475e-02   2.709039865499e-04
  -6.612534725488e-02   2.367362705234e-04
  -8.276409724003e-02   1.914690571075e-04
  -9.545670495926e-02   1.371979240656e-04
  -1.031566472114e-01   7.648426869247e-05
  -1.065157737671e-01   1.220628589804e-05
  -1.049284476191e-01  -5.265916120422e-05
  -9.785443154297e-02  -1.150703658346e-04
  -8.661125806965e-02  -1.720661934406e-04
  -7.147655437164e-02  -2.209993050146e-04
  -5.239463487180e-02  -2.595698531519e-04
  -3.117524645873e-02  -2.859182584791e-04
  -8.790524891055e-03  -2.988217509204e-04
   1.459643524153e-02  -2.976818506988e-04
   3.709220644549e-02  -2.825131897159e-04
   5.743191529061e-02  -2.540523524966e-04
   7.563038557924e-02  -2.136679205571e-04
   9.019871187278e-02  -1.632285769318e-04
   1.000280954829e-01  -1.051201787306e-04
   1.056608544831e-01  -4.210206941450e-05
   1.063805308391e-01   2.290455601960e-05
   1.015418470891e-01   8.684906553727e-05
   9.236254552576e-02   1.466975685621e-04
   7.900789662423e-02   1.996692813964e-04
   6.134606368177e-02   2.432736639625e-04
   4.114957648753e-02   2.754135284834e-04
   1.928545851130e-02   2.945936273947e-04
  -4.085823342166e-03   2.999148253892e-04
  -2.699933448126e-02   2.910846131407e-04
  -4.828239148089e-02   2.685438597910e-04
  -6.787950787617e-02   2.333789679705e-04
  -8.411212121590e-02   1.872146925619e-04
  -9.594784988563e-02   1.322466271040e-04
  -1.038245820475e-01   7.108689200173e-05
  -1.067573459680e-01   6.571621378673e-06
  -1.041612411679e-01  -5.826136641646e-05
  -9.716461721852e-02  -1.203397614866e-04
  -8.565904907368e-02  -1.767817917262e-04
  -6.956255386695e-02  -2.249282972721e-04
  -5.060816771397e-02  -2.624723671171e-04
  -2.946316456371e-02  -2.876672939786e-04
  -6.342979862115e-03  -2.993241828210e-04
   1.676602642920e-02  -2.968511838161e-04
   3.876698534595e-02  -2.803894044250e-04
   5.952657262389e-02  -2.507350985689e-04
   7.729574931644e-02  -2.092547407140e-04
   9.099895257200e-02  -1.579265840528e-04
   1.009708635864e-01  -9.919451524982e-05
   1.061304313277e-01  -3.578475750659e-05
   1.057862745226e-01   2.931371126419e-05
   1.009606582648e-01   9.301398360114e-05
   9.144294632398e-02   1.523573976121e-04
   7.705645425632e-02   2.045480818744e-04
   5.946929847282e-02   2.470885388787e-04
   3.925064000827e-02   2.779968620079e-04
   1.659119346595e-02   2.958111214743e-04
  -6.498248339017e-03   2.996465314426e-04
  -2.901031319914e-02   2.893471716507e-04
  -5.075090799717e-02   2.654138384305e-04
  -6.983373901932e-02   2.289438916321e-04
  -8.526261393099e-02   1.816875620675e-04
  -9.725614445312e-02   1.258966407727e-04
  -1.045045938561e-01   6.416292518640e-05
  -1.063850493021e-01  -5.925070357030e-07
  -1.038007609834e-01  -6.530110257050e-05
  -9.628229734832e-02  -1.269579817184e-04
  -8.371136179023e-02  -1.826524306434e-04
  -6.767910403640e-02  -2.297271222610e-04
  -4.854362753797e-02  -2.659897397307e-04
  -2.655271295823e-02  -2.897203218733e-04
  -3.703818434435e-03  -2.997556634559e-04
   1.909736275087e-02  -2.956467180856e-04
   4.158539368278e-02  -2.775970066670e-04
   6.182872866104e-02  -2.464263222701e-04
   7.880959745498e-02  -2.036363877236e-04
   9.265270651321e-02  -1.512701866047e-04
   1.019676950296e-01  -9.176229230568e-05
   1.060285139105e-01  -2.793247700477e-05
   1.056338174496e-01   3.719087006558e-05
   1.002220623928e-01   1.005813708288e-04
   8.956367116798e-02   1.592463759497e-04
   7.516854102204e-02   2.103882136513e-04
   5.730473751308e-02   2.516230674234e-04
   3.616887328268e-02   2.809943576897e-04
   1.374627468139e-02   2.970705883775e-04
  -9.140645993901e-03   2.991166894426e-04
  -3.218590125089e-02   2.870402075320e-04
  -5.336812780395e-02   2.613781654926e-04
  -7.174598072282e-02   2.233772311521e-04
  -8.732959336039e-02   1.748529381448e-04
  -9.854191780490e-02   1.180631619034e-04
  -1.047268788787e-01   5.571022980578e-05
  -1.065454135806e-01  -9.248128297134e-06
  -1.031995829616e-01  -7.379183663786e-05
  -9.452222443960e-02  -1.348670219053e-04
  -8.191510761996e-02  -1.895676956985e-04
  -6.543250705401e-02  -2.353450653318e-04
  -4.532900708560e-02  -2.700234943759e-04
  -2.354361541032e-02  -2.919233163299e-04
  -7.759204235168e-04  -3.000340476314e-04
   2.260293386627e-02  -2.939709539607e-04
   4.455242118444e-02  -2.739862560720e-04
   6.413250074172e-02  -2.410581481544e-04
   8.127001737019e-02  -1.967625692979e-04
   9.432358948699e-02  -1.431610233664e-04
   1.025423510997e-01  -8.280865408606e-05
   1.064893885046e-01  -1.857304392478e-05
   1.052844462612e-01   4.655667230838e-05
   9.863668950723e-02   1.094981066496e-04
   8.785967122927e-02   1.672559879978e-04
   7.292537538089e-02   2.171373221932e-04
   5.401005200432e-02   2.567721286046e-04
   3.301453191725e-02   2.842451116022e-04
   1.056248420128e-02   2.982812147508e-04
  -1.296182615850e-02   2.982107117205e-04
  -3.546830288502e-02   2.840006528942e-04
  -5.608711832207e-02   2.563583282952e-04
  -7.464347452793e-02   2.166070762811e-04
  -8.935008687025e-02   1.665975081783e-04
  -9.952282101092e-02   1.087245512693e-04
  -1.055795979597e-01   4.573845809114e-05
  -1.064305318439e-01  -1.942687544343e-05
  -1.018471488403e-01  -8.367946954821e-05
  -9.301156854075e-02  -1.439666846371e-04
  -7.968625550813e-02  -1.974778910122e-04
  -6.210477935146e-02  -2.416674969321e-04
  -4.209215651549e-02  -2.744089172564e-04
  -2.013322487972e-02  -2.941782706911e-04
   3.328440650427e-03  -3.000291260981e-04
   2.620958573103e-02  -2.916477650462e-04
   4.766454101677e-02  -2.694641986773e-04
   6.744604776587e-02  -2.345417131167e-04
   8.371967890776e-02  -1.885044773599e-04
   9.571930731059e-02  -1.335619735241e-04
   1.037748716452e-01  -7.233023395735e-05
   1.067239334857e-01  -7.664120930784e-06
   1.042072898083e-01   5.736632810857e-05
   9.731894262735e-02   1.196691911194e-04
   8.574604116275e-02   1.763381344853e-04
   6.961875013229e-02   2.246786932987e-04
   5.070730222486e-02   2.623668371271e-04
   2.942773837843e-02   2.876437135354e-04
   6.205542667092e-03   2.992985505289e-04
  -1.685867103309e-02   2.967403927083e-04
  -3.898196569395e-02   2.801234757571e-04
  -5.983735166254e-02   2.502437557093e-04
  -7.748179442021e-02   2.084891090842e-04
  -9.120973732886e-02   1.568737904526e-04
  -1.012090871139e-01   9.785639414877e-05
  -1.061362708618e-01   3.419224584623e-05
  -1.056911467661e-01  -3.108728990563e-05
  -1.008215874352e-01  -9.488167836916e-05
  -9.101471874179e-02  -1.542142230275e-04
  -7.645573813382e-02  -2.062603469182e-04
  -5.881443549005e-02  -2.485256716575e-04
  -3.835705035988e-02  -2.790355956090e-04
  -1.556278515944e-02  -2.963267900552e-04
   7.499424000817e-03  -2.995414265968e-04
   3.009248972632e-02  -2.885581513308e-04
   5.182734954229e-02  -2.639027509464e-04
   7.073175480721e-02  -2.267161648690e-04
   8.603441558927e-02  -1.787973123598e-04
   9.784663098201e-02  -1.224333328940e-04
   1.047624401716e-01  -6.025788061856e-05
   1.063495091414e-01   4.765908975437e-06
   1.034725688433e-01   6.954571993079e-05
   9.554980756431e-02   1.310569368492e-04
   8.264192096693e-02   1.863725564422e-04
   6.635509476739e-02   2.328421457736e-04
   4.689310566008e-02   2.682914722662e-04
   2.468504274087e-02   2.910210365538e-04
   1.792855555389e-03   2.999125918385e-04
  -2.110160818493e-02   2.945742725617e-04
  -4.355772507323e-02   2.752599243871e-04
  -6.352718585805e-02   2.428579303569e-04
  -8.029170285781e-02   1.989454186292e-04
  -9.383287795342e-02   1.456192681348e-04
  -1.025918598629e-01   8.537480764395e-05
  -1.061898105670e-01   2.109266619571e-05
  -1.053392889995e-01  -4.417160244431e-05
  -9.927146477645e-02  -1.073687246077e-04
  -8.809829909560e-02  -1.654871828669e-04
  -7.330671819584e-02  -2.157489627767e-04
  -5.494428023039e-02  -2.558013347849e-04
  -3.348834854881e-02  -2.837227501744e-04
  -1.094660700101e-02  -2.981500173112e-04
   1.206464145705e-02  -2.984266579745e-04
   3.505231961156e-02  -2.845360269294e-04
   5.595714651109e-02  -2.571086689227e-04
   7.401366451588e-02  -2.174852781516e-04
   8.913862780548e-02  -1.675615837070e-04
   9.972170371994e-02  -1.096749340924e-04
   1.052556209667e-01  -4.659654025763e-05
   1.063778058943e-01   1.867016715986e-05
   1.022567468297e-01   8.307360253357e-05
   9.286379401169e-02   1.435455024355e-04
   7.961941215882e-02   1.971944129326e-04
   6.251429067451e-02   2.415067773750e-04
   4.194515138536e-02   2.743583513422e-04
   1.989537353404e-02   2.941494462531e-04
  -3.067048855753e-03   2.999671132114e-04
  -2.642927546966e-02   2.915274661693e-04
  -4.808332647260e-02   2.692012609813e-04
  -6.730881281562e-02   2.340895977091e-04
  -8.391254037866e-02   1.878729013245e-04
  -9.615796719987e-02   1.327176263892e-04
  -1.035843967093e-01   7.127390841271e-05
  -1.066791686866e-01   6.467300522504e-06
  -1.044388039109e-01  -5.866897352260e-05
  -9.688095865556e-02  -1.210263365788e-04
  -8.529432129227e-02  -1.776285384246e-04
  -6.951079931660e-02  -2.258229117237e-04
  -4.997000517703e-02  -2.632978594970e-04
  -2.858165548576e-02  -2.882366884586e-04
  -5.831004761997e-03  -2.994805108727e-04
   1.772538136480e-02  -2.964833848477e-04
   3.998648687730e-02  -2.793564438070e-04
   6.020449417477e-02  -2.489520754168e-04
   7.813279224046e-02  -2.067278177722e-04
   9.199512989073e-02  -1.546628067802e-04
   1.012106046721e-01  -9.526238695275e-05
   1.062010389546e-01  -3.136053627346e-05
   1.059069385484e-01   3.404953488013e-05
   1.001945486223e-01   9.784610624475e-05
   9.028746833475e-02   1.569817318938e-04
   7.596598877718e-02   2.086832097274e-04
   5.756164650146e-02   2.504729549140e-04
   3.694836822794e-02   2.803269003853e-04
   1.456942675660e-02   2.968508175139e-04
  -9.031970318473e-03   2.992443149924e-04
  -3.172845655985e-02   2.873599793529e-04
  -5.280953170202e-02   2.618014545146e-04
  -7.194386056625e-02   2.237939204535e-04
  -8.725339293096e-02   1.751197944740e-04
  -9.819621932980e-02   1.181306843024e-04
  -1.050533577003e-01   5.554650092597e-05
  -1.066093347086e-01  -9.697403749377e-06
  -1.027708687840e-01  -7.448069182637e-05
  -9.462363340025e-02  -1.357125481860e-04
  -8.178967256502e-02  -1.905204985163e-04
  -6.463802684006e-02  -2.362765452768e-04
  -4.495347411342e-02  -2.707715744109e-04
  -2.308206910671e-02  -2.923900075086e-04
   3.971009863279e-04  -3.000851863639e-04
   2.338054389960e-02  -2.934564906746e-04
   4.515027396148e-02  -2.728550118389e-04
   6.533222881410e-02  -2.392693447618e-04
   8.202116384835e-02  -1.942725969660e-04
   9.456673035415e-02  -1.400425560590e-04
   1.031946194621e-01  -7.917322662080e-05
   1.066408449539e-01  -1.452173613615e-05
   1.046550534484e-01   5.081899284392e-05
   9.826192969928e-02   1.137275928988e-04
   8.703734892218e-02   1.712512292198e-04
   7.121890111502e-02   2.206340613524e-04
   5.254859674925e-02   2.594920923412e-04
   3.133653977963e-02   2.860008025480e-04
   8.115882842160e-03   2.988784747894e-04
  -1.500144497720e-02   2.974747108845e-04
  -3.732732518925e-02   2.818908403267e-04
  -5.843176835814e-02   2.528739240907e-04
  -7.632965463601e-02   2.117815580350e-04
  -9.040180312077e-02   1.606114869268e-04
  -1.007483939481e-01   1.018128903537e-04
  -1.059656577215e-01   3.814970871084e-05
  -1.058372740839e-01  -2.732490140545e-05
  -1.012499369428e-01  -9.148526137091e-05
  -9.162422084852e-02  -1.513182458215e-04
  -7.722977264209e-02  -2.039551621089e-04
  -5.970833185239e-02  -2.468611363243e-04
  -3.926102880593e-02  -2.780190144162e-04
  -1.644984283581e-02  -2.959223554213e-04
   6.652345174621e-03  -2.996809228874e-04
   2.936929935477e-02  -2.891473334369e-04
   5.123805314719e-02  -2.648261241864e-04
   7.025921577486e-02  -2.278510154333e-04
   8.571951506601e-02  -1.800235656210e-04
   9.767387147660e-02  -1.236383359573e-04
   1.046785776267e-01  -6.134757027388e-05
   1.063592463705e-01   3.859791327126e-06
   1.035471941511e-01   6.886563991887e-05
   9.562298984582e-02   1.306153024111e-04
   8.270597586712e-02   1.861503628926e-04
   6.639135316134e-02   2.327952894347e-04
   4.685051803698e-02   2.683538830623e-04
   2.456889847681e-02   2.911090267468e-04
   1.613514007531e-03   2.999357762346e-04
  -2.136192199312e-02   2.944432193976e-04
  -4.386913931403e-02   2.748926207235e-04
  -6.384846560585e-02   2.421904377895e-04
  -8.060986714923e-02   1.979384615509e-04
  -9.410274237506e-02   1.442614540001e-04
  -1.027596297268e-01   8.368780878385e-05
  -1.062332870986e-01   1.913221855003e-05
  -1.052225021057e-01  -4.631885966271e-05
  -9.895736476081e-02  -1.095876079195e-04
  -8.758369214557e-02  -1.676396647623e-04
  -7.258983850019e-02  -2.176834793130e-04
  -5.402908190890e-02  -2.573614077209e-04
  -3.240926777941e-02  -2.847572733288e-04
  -9.745547987169e-03  -2.985251772597e-04
   1.333846057194e-02  -2.980359593812e-04
   3.633027011449e-02  -2.833095648628e-04
   5.716879384681e-02  -2.550212007220e-04
   7.508594058497e-02  -2.145608516996e-04
   8.999534982655e-02  -1.638758860680e-04
   1.002992958958e-01  -1.053547163156e-04
   1.054955129139e-01  -4.181530060276e-05
   1.062335951333e-01   2.369838957939e-05
   1.017109091370e-01   8.810351208100e-05
   9.190873554643e-02   1.483129436110e-04
   7.826713803961e-02   2.014290687284e-04
   6.081657746490e-02   2.449469914094e-04
   3.996070061266e-02   2.767676572071e-04
   1.769718074096e-02   2.953304608378e-04
  -5.365269082922e-03   2.997750589361e-04
  -2.871977273519e-02   2.898830878426e-04
  -5.026264286804e-02   2.660975044172e-04
  -6.924090522432e-02   2.295953631338e-04
  -8.548600324962e-02   1.821352266703e-04
  -9.729224782151e-02   1.259560240938e-04
  -1.041772188450e-01   6.377131246217e-05
  -1.066682114558e-01  -1.438937568830e-06
  -1.038184670183e-01  -6.660333350149e-05
  -9.562991743759e-02  -1.285941074055e-04
  -8.343367904915e-02  -1.844319594448e-04
  -6.713541302030e-02  -2.314827892896e-04
  -4.715522200976e-02  -2.674767371492e-04
  -2.542891293198e-02  -2.906551556923e-04
  -2.518453873042e-03  -2.999353042493e-04
   2.105288516709e-02  -2.948649586233e-04
   4.319225489592e-02  -2.756551125095e-04
   6.308555567313e-02  -2.432619715184e-04
   8.053715282076e-02  -1.992499801841e-04
   9.382170107598e-02  -1.456952668143e-04
   1.023081625763e-01  -8.518679508141e-05
   1.064807037222e-01  -2.063084238625e-05
   1.053684786027e-01   4.492973136125e-05
   9.879914657516e-02   1.083493538545e-04
   8.805477153266e-02   1.665765419725e-04
   7.302625557197e-02   2.168622783452e-04
   5.400551028718e-02   2.567835993656e-04
   3.290096685378e-02   2.843907001977e-04
   1.026802101236e-02   2.983868337020e-04
  -1.340556297545e-02   2.980921736081e-04
  -3.600068965362e-02   2.834866944269e-04
  -5.670982601599e-02   2.553067991166e-04
  -7.528045692763e-02   2.149150825980e-04
  -8.989499421946e-02   1.642178075356e-04
  -9.993446287358e-02   1.056739982742e-04
  -1.057748204057e-01   4.209756395058e-05
  -1.063088377828e-01  -2.351161168200e-05
  -1.013786204053e-01  -8.800032231403e-05
  -9.215936219355e-02  -1.482682953129e-04
  -7.841282930185e-02  -2.014694412510e-04
  -6.044164402477e-02  -2.450394966154e-04
  -4.008547211755e-02  -2.768561405060e-04
  -1.783817239003e-02  -2.954201566695e-04
   5.803117661788e-03  -2.998305016459e-04
   2.874126599433e-02  -2.898403647621e-04
   5.012477692283e-02  -2.659624208344e-04
   6.968180211712e-02  -2.293543712449e-04
   8.558632700320e-02  -1.817424237134e-04
   9.707987337187e-02  -1.254380480090e-04
   1.045007256195e-01  -6.315431853139e-05
   1.067276072235e-01   2.167521041607e-06
   1.034228657152e-01   6.738879941985e-05
   9.571201395681e-02   1.293694098962e-04
   8.335155808004e-02   1.851801372178e-04
   6.649604425057e-02   2.321341268523e-04
   4.694866153266e-02   2.679437021532e-04
   2.520613206570e-02   2.909163410931e-04
   1.702329779714e-03   2.999387529020e-04
  -2.145507285773e-02   2.945398000541e-04
  -4.341187660194e-02   2.750112694098e-04
  -6.386534723246e-02   2.423017244580e-04
  -8.091321835784e-02   1.979524407436e-04
  -9.380066911845e-02   1.441241801280e-04
  -1.027747083975e-01   8.341350660301e-05
  -1.065868462187e-01   1.869060243288e-05
  -1.049071291948e-01  -4.692847187626e-05
  -9.875996041974e-02  -1.102856128016e-04
  -8.777067279790e-02  -1.683856581805e-04
  -7.209874405328e-02  -2.184301073295e-04
  -5.347487454235e-02  -2.579856469247e-04
  -3.232153220296e-02  -2.851800176557e-04
  -9.075557535152e-03  -2.986953885288e-04
   1.418689175859e-02  -2.978439641278e-04
   3.658449138302e-02  -2.826964613054e-04
   5.780196787610e-02  -2.539914091734e-04
   7.594007467419e-02  -2.130782551578e-04
   9.011571291807e-02  -1.619522414432e-04
   1.005427374826e-01  -1.030862513882e-04
   1.059699267214e-01  -3.926549997626e-05
   1.058860482218e-01   2.643777167547e-05
   1.012646420390e-01   9.085584389319e-05
   9.173683856565e-02   1.509408442268e-04
   7.729856710293e-02   2.038019225367e-04
   5.963490185019e-02   2.468673286733e-04
   3.918197456797e-02   2.780944819069e-04
   1.628869831975e-02   2.959721659482e-04
  -6.973992846298e-03   2.995995157292e-04
  -2.971182884852e-02   2.888303706632e-04
  -5.160405647382e-02   2.641921885632e-04
  -7.069188712535e-02   2.268396316499e-04
  -8.608670527542e-02   1.786012533279e-04
  -9.792976222913e-02   1.218136421562e-04
  -1.048534059326e-01   5.916656720032e-05
  -1.063466649900e-01  -6.317499512611e-06
  -1.032907430686e-01  -7.148107131649e-05
  -9.518590320944e-02  -1.332397773389e-04
  -8.202694824475e-02  -1.886200616266e-04
  -6.542578710858e-02  -2.349317112270e-04
  -4.573384244153e-02  -2.699767809163e-04
  -2.329697743115e-02  -2.920590849332e-04
  -1.469572171143e-04  -3.000751492652e-04
   2.281087118180e-02  -2.936651551056e-04
   4.524911770827e-02  -2.731465188613e-04
   6.522323490642e-02  -2.394755175230e-04
   8.172913625586e-02  -1.943021687032e-04
   9.487830373186e-02  -1.398209360063e-04
   1.033126646597e-01  -7.861427915269e-05
   1.063421319936e-01  -1.363492218946e-05
   1.047947874904e-01   5.197769601137e-05
   9.818922594165e-02   1.151149229730e-04
   8.634586863649e-02   1.727400335783e-04
   7.082107018364e-02   2.220514699491e-04
   5.199215183703e-02   2.607051285572e-04
   3.009632255218e-02   2.868327009293e-04
   7.143622366226e-03   2.991325080433e-04
  -1.593631461710e-02   2.970361411461e-04
  -3.883420846857e-02   2.806528002380e-04
  -5.956388964566e-02   2.507390740512e-04
  -7.710573013013e-02   2.087669781200e-04
  -9.151784252873e-02   1.567792728984e-04
  -1.013384030717e-01   9.724245222309e-05
  -1.058693613344e-01   3.303560028290e-05
  -1.058574245144e-01  -3.273743795910e-05
  -1.006930987118e-01  -9.695880056430e-05
  -9.018913686642e-02  -1.565366423917e-04
  -7.583076950529e-02  -2.085775686119e-04
  -5.790260121704e-02  -2.506071212485e-04
  -3.663293320631e-02  -2.805934306824e-04
  -1.398704752268e-02  -2.970491447973e-04
   9.109208712707e-03  -2.992034851698e-04
   3.234504209699e-02  -2.869600909951e-04
   5.375909373054e-02  -2.608753991725e-04
   7.223019273233e-02  -2.222346301940e-04
   8.778884087712e-02  -1.729243577752e-04
   9.899569740100e-02  -1.152854998851e-04
   1.049791962152e-01  -5.210501264858e-05
   1.064292202519e-01   1.355613150576e-05
   1.027683349955e-01   7.858180264016e-05
   9.362891234347e-02   1.398445105236e-04
   8.042933589995e-02   1.943660339343e-04
   6.349361524551e-02   2.395501651880e-04
   4.292537295154e-02   2.732155608832e-04
   2.065033196498e-02   2.936941885455e-04
  -2.369005463834e-03   3.000183647209e-04
  -2.586053805801e-02   2.918904629968e-04
  -4.784088249543e-02   2.696668718695e-04
  -6.716250576539e-02   2.344479108957e-04
  -8.382110211865e-02   1.879573190614e-04
  -9.628847277692e-02   1.324034648735e-04
  -1.036760900156e-01   7.047919011472e-05
  -1.066046511832e-01   5.187565314914e-06
  -1.043740711547e-01  -6.037086305155e-05
  -9.660190497305e-02  -1.230392600475e-04
  -8.463965381411e-02  -1.797730070905e-04
  -6.871324250645e-02  -2.278703628004e-04
  -4.891148176385e-02  -2.650087423291e-04
  -2.711180694226e-02  -2.893532861271e-04
  -4.259596778990e-03  -2.997482002294e-04
   1.937602093726e-02  -2.956985275147e-04
   4.184602262886e-02  -2.773629738332e-04
   6.191598105414e-02  -2.456512339641e-04
   7.955490817479e-02  -2.021210396312e-04
   9.327009511122e-02  -1.488409739101e-04
   1.020083244538e-01  -8.839301706471e-05
   1.063281105858e-01  -2.371555861734e-05
   1.055758730052e-01   4.211590126465e-05
   9.918780543076e-02   1.059343167990e-04
   8.843549541481e-02   1.646356229435e-04
   7.359863350119e-02   2.154202339043e-04
   5.463073749314e-02   2.558392401876e-04
   3.335006467983e-02   2.838964036445e-04
   1.075171670706e-02   2.982532297811e-04
  -1.295029355416e-02   2.982237748355e-04
  -3.580656602412e-02   2.837703608406e-04
  -5.654495470295e-02   2.556149288433e-04
  -7.511628221673e-02   2.151453053879e-04
  -8.995636872993e-02   1.642848572044e-04
  -9.998543898648e-02   1.055043999562e-04
  -1.057051640136e-01   4.166525500540e-05
  -1.063476067844e-01  -2.419473199259e-05
  -1.013263955280e-01  -8.890282742159e-05
  -9.185199105604e-02  -1.493123647146e-04
  -7.810346062993e-02  -2.025422039176e-04
  -6.001342159935e-02  -2.460246526911e-04
  -3.935019022396e-02  -2.776165313113e-04
  -1.708023592698e-02  -2.958075859653e-04
   6.589400558428e-03  -2.997257452896e-04
   2.975192951537e-02  -2.891417117692e-04
   5.106332863012e-02  -2.645869613573e-04
   7.044750808098e-02  -2.272774797556e-04
   8.638834778582e-02  -1.789865718405e-04
   9.765325375312e-02  -1.220591169500e-04
   1.046746421489e-01  -5.927305005143e-05
   1.067455932200e-01   6.379275796987e-06
   1.031025899082e-01   7.173795569473e-05
   9.486113815985e-02   1.336207092705e-04
   8.226860838745e-02   1.890713824264e-04
   6.511777077755e-02   2.354188650721e-04
   4.509611294658e-02   2.703788964363e-04
   2.323297628927e-02   2.922744232883e-04
  -3.308868683296e-04   3.000552005029e-04
  -2.371220786634e-02   2.933026442292e-04
  -4.551787263088e-02   2.723612130471e-04
  -6.566700451510e-02   2.382736540616e-04
  -8.259205436138e-02   1.926591946011e-04
  -9.502406731936e-02   1.377378795391e-04
  -1.033499613891e-01   7.619455758160e-05
  -1.067597512806e-01   1.096471588434e-05
  -1.044591875271e-01  -5.480739402470e-05
  -9.750909316723e-02  -1.179187367156e-04
  -8.605666369043e-02  -1.753542494878e-04
  -6.986746626096e-02  -2.243460195421e-04
  -5.057891920139e-02  -2.624830301200e-04
  -2.918230489945e-02  -2.879341036412e-04
  -5.807769144901e-03  -2.994762772461e-04
   1.771081512246e-02  -2.965083202266e-04
   3.992353545252e-02  -2.791878513990e-04
   6.072134725486e-02  -2.483835787348e-04
   7.859633557388e-02  -2.055581040393e-04
   9.214147432574e-02  -1.527940500023e-04
   1.016657456653e-01  -9.267728704702e-05
   1.064339634359e-01  -2.808030531456e-05
   1.054842929890e-01   3.788591381814e-05
   9.976563068563e-02   1.020047231949e-04
   8.950726282287e-02   1.612073899620e-04
   7.433698168298e-02   2.126446482671e-04
   5.578771971470e-02   2.537850313663e-04
   3.492594105474e-02   2.826474292444e-04
   1.181056453267e-02   2.978452756016e-04
  -1.177414853346e-02   2.985979564954e-04
  -3.431861593375e-02   2.848798871219e-04
  -5.571797803220e-02   2.573865260625e-04
  -7.443553980708e-02   2.174211440463e-04
  -8.901854909834e-02   1.669311314285e-04
  -9.973966724938e-02   1.083963335379e-04
  -1.057749359577e-01   4.461609014366e-05
  -1.061235984602e-01  -2.133318203528e-05
  -1.016860807383e-01  -8.623379263928e-05
  -9.259500559876e-02  -1.469790551484e-04
  -7.844456495445e-02  -2.006439304644e-04
  -6.071852565143e-02  -2.445900845148e-04
  -4.043813720518e-02  -2.767004921889e-04
  -1.764837219030e-02  -2.954307683843e-04
   5.921174303292e-03  -2.998288501152e-04
   2.871899053569e-02  -2.896888310465e-04
   5.060995067733e-02  -2.655331423449e-04
   7.012702650829e-02  -2.285052731352e-04
   8.569684135296e-02  -1.804071477184e-04
   9.750410147515e-02  -1.236070964141e-04
   1.048117868112e-01  -6.082689363400e-05
   1.064665396628e-01   4.908034404998e-06
   1.032382789535e-01   7.038637371488e-05
   9.535361125514e-02   1.324673521594e-04
   8.227808434655e-02   1.881653319038e-04
   6.536567663021e-02   2.347419511538e-04
   4.572308420930e-02   2.699474704535e-04
   2.332616178772e-02   2.920895044722e-04
  -1.729957068155e-04   3.000486869381e-04
  -2.315452886984e-02   2.934422666086e-04
  -4.549096293549e-02   2.726222549612e-04
  -6.571139891566e-02   2.385708869904e-04
  -8.218871721331e-02   1.929475647667e-04
  -9.507720138211e-02   1.380045986223e-04
  -1.035681393202e-01   7.637725713898e-05
  -1.064616678790e-01   1.103997485917e-05
  -1.044842693510e-01  -5.481237964396e-05
  -9.777239350011e-02  -1.180201013141e-04
  -8.575179208152e-02  -1.755415083006e-04
  -6.972862162457e-02  -2.245505044601e-04
  -5.075957336399e-02  -2.626796214682e-04
  -2.880352267431e-02  -2.880944001354e-04
  -5.454083449447e-03  -2.995167982498e-04
   1.764138988112e-02  -2.963925658237e-04
   4.032243362616e-02  -2.789044359645e-04
   6.119579595406e-02  -2.478747420546e-04
   7.853366821437e-02  -2.048126019800e-04
   9.239146326271e-02  -1.518492107667e-04
   1.020569211124e-01  -9.153056360702e-05
   1.061979452199e-01  -2.676516095889e-05
   1.053909503615e-01   3.927636900731e-05
   9.987505812987e-02   1.034179015745e-04
   8.896378788269e-02   1.625762490503e-04
   7.380731348666e-02   2.138450703915e-04
   5.555455434600e-02   2.547412614605e-04
   3.410496883461e-02   2.832983515056e-04
   1.094579285410e-02   2.980846480856e-04
  -1.220185455313e-02   2.983774401751e-04
  -3.518229741605e-02   2.841941900219e-04
  -5.662485241996e-02   2.561970404329e-04
  -7.474245477468e-02   2.157481960618e-04
  -8.956176874530e-02   1.648555850146e-04
  -1.003181864244e-01   1.059682122221e-04
  -1.056269846107e-01   4.192965380823e-05
  -1.060241107797e-01  -2.412115776758e-05
  -1.016677504625e-01  -8.900610075550e-05
  -9.182611619729e-02  -1.496041239252e-04
  -7.760271758935e-02  -2.029391952292e-04
  -6.009400206614e-02  -2.464281637341e-04
  -3.917983408114e-02  -2.779785212484e-04
  -1.628646732267e-02  -2.960136582279e-04
   6.851313679321e-03  -2.996499186413e-04
   3.004173810995e-02  -2.887414800539e-04
   5.199724256107e-02  -2.637930822262e-04
   7.085222900238e-02  -2.260147796883e-04
   8.652329150294e-02  -1.772865511895e-04
   9.834816380573e-02  -1.199591431400e-04
   1.048354149906e-01  -5.679802969677e-05
   1.063513359062e-01   9.097782428831e-06
   1.031608707363e-01   7.454943435303e-05
   9.444361079232e-02   1.364115493574e-04
   8.112118086069e-02   1.916466577758e-04
   6.438397631501e-02   2.375725454919e-04
   4.406989416918e-02   2.719805115744e-04
   2.147021823510e-02   2.931549605114e-04
  -1.605875714742e-03   3.000537036597e-04
  -2.496177296175e-02   2.923725847835e-04
  -4.735927242899e-02   2.704598074496e-04
  -6.687184076230e-02   2.353767798963e-04
  -8.338412670133e-02   1.888754701873e-04
  -9.620222664172e-02   1.332019043619e-04
  -1.037784594751e-01   7.104516974619e-05
  -1.064388412051e-01   5.459524392175e-06
  -1.043787582269e-01  -6.038895345323e-05
  -9.672831861480e-02  -1.233334858535e-04
  -8.436287616239e-02  -1.802836387017e-04
  -6.841999113315e-02  -2.284739591182e-04
  -4.871598360268e-02  -2.655855744922e-04
  -2.647978222425e-02  -2.897722037287e-04
  -3.521108060619e-03  -2.998424634694e-04
   1.992409668994e-02  -2.953366628168e-04
   4.270332950612e-02  -2.764502777019e-04
   6.283554843503e-02  -2.440933353365e-04
   8.008462422408e-02  -1.998855759819e-04
   9.386030956171e-02  -1.459683144609e-04
   1.025384213309e-01  -8.494308975905e-05
   1.062569721314e-01  -1.981074255118e-05
   1.053162179075e-01   4.627562053032e-05
   9.878796433436e-02   1.101399996421e-04
   8.734169034474e-02   1.686480942374e-04
   7.220398002610e-02   2.189512012313e-04
   5.317402187096e-02   2.586294501343e-04
   3.131922652561e-02   2.857127382253e-04
   8.517985112682e-03   2.988621990047e-04
  -1.497261080123e-02   2.974680207309e-04
  -3.807492275469e-02   2.815749557422e-04
  -5.875051133441e-02   2.519450508794e-04
  -7.672303278175e-02   2.100675160877e-04
  -9.139136928763e-02   1.579737954720e-04
  -1.010750837535e-01   9.817999863310e-05
  -1.058689192421e-01   3.363127914040e-05
  -1.060162338024e-01  -3.254464793659e-05
  -1.005372673808e-01  -9.716501519108e-05
  -9.005442618318e-02  -1.570578268704e-04
  -7.574277015911e-02  -2.093068071832e-04
  -5.737885173222e-02  -2.513972365409e-04
  -3.596730813247e-02  -2.812426008324e-04
  -1.337469163272e-02  -2.973673083723e-04
   1.009948940629e-02  -2.990150562707e-04
   3.346266981473e-02  -2.860842767615e-04
   5.464733768240e-02  -2.591886943590e-04
   7.324707680321e-02  -2.196833291493e-04
   8.876033893704e-02  -1.694907597282e-04
   9.946427279227e-02  -1.110327202279e-04
   1.052500740358e-01  -4.718963658401e-05
   1.064568884734e-01   1.893555185996e-05
   1.020826729510e-01   8.416379423435e-05
   9.252389987338e-02   1.452953592790e-04
   7.903167928387e-02   1.993456189352e-04
   6.139664191910e-02   2.437130757214e-04
   4.043960508198e-02   2.762025997420e-04
   1.808233153925e-02   2.952029303482e-04
  -5.332314997165e-03   2.998166649772e-04
  -2.890875743639e-02   2.897990281316e-04
  -5.053209751198e-02   2.656185632211e-04
  -6.974275280970e-02   2.284991695823e-04
  -8.604741888791e-02   1.802507571516e-04
  -9.767167089860e-02   1.232029344547e-04
  -1.044572771336e-01   6.017150618833e-05
  -1.066992269445e-01  -5.776472910378e-06
  -1.033446933934e-01  -7.146792446743e-05
  -9.474090146114e-02  -1.336791594534e-04
  -8.208977048785e-02  -1.893723249231e-04
  -6.515948091438e-02  -2.358655630761e-04
  -4.470851166254e-02  -2.708613009898e-04
  -2.263508760379e-02  -2.926243313941e-04
   6.728565209197e-04  -3.001206758623e-04
   2.440076212409e-02  -2.929669484915e-04
   4.643091885955e-02  -2.714883597888e-04
   6.616682869998e-02  -2.367747195615e-04
   8.320465408852e-02  -1.905249503725e-04
   9.576435071587e-02  -1.349699287946e-04
   1.034731811292e-01  -7.285157107049e-05
   1.067047526526e-01  -7.202144221904e-06
   1.044240636211e-01   5.881974440959e-05
   9.673859826694e-02   1.219771974348e-04
   8.490429431437e-02   1.791779149617e-04
   6.873922461993e-02   2.276662592812e-04
   4.880252710486e-02   2.650508806255e-04
   2.702545980242e-02   2.894731918584e-04
   3.865849266155e-03   2.997675421687e-04
  -1.997506431249e-02   2.954160938117e-04
  -4.234956702705e-02   2.766035449927e-04
  -6.259146408843e-02   2.442896316610e-04
  -8.032060102379e-02   2.000598856422e-04
  -9.371553816536e-02   1.460486127743e-04
  -1.023453626852e-01   8.492605469568e-05
  -1.065508744956e-01   1.968011913976e-05
  -1.052505759823e-01  -4.654737675739e-05
  -9.849932728251e-02  -1.105077552145e-04
  -8.750638351432e-02  -1.690684225304e-04
  -7.206906807668e-02  -2.194068179268e-04
  -5.268549804176e-02  -2.590425372659e-04
  -3.125226774807e-02  -2.860057957984e-04
  -8.274162169733e-03  -2.990047837793e-04
   1.562097993592e-02  -2.973916636969e-04
   3.830897752273e-02  -2.812143624181e-04
   5.898343781692e-02  -2.513004328381e-04
   7.733724810504e-02  -2.091240454379e-04
   9.158126037759e-02  -1.567186969950e-04
   1.010655785562e-01  -9.667368550084e-05
   1.061839711075e-01  -3.193376957006e-05
   1.059146960098e-01   3.438232142424e-05
   1.000677747814e-01   9.902548822264e-05
   8.987502708564e-02   1.588215828337e-04
   7.522150362016e-02   2.108858948510e-04
   5.639990824583e-02   2.526583540424e-04
   3.530868076722e-02   2.820583289844e-04
   1.255093920270e-02   2.976718514330e-04
  -1.136678745303e-02   2.987261693395e-04
  -3.431534509263e-02   2.851349769585e-04
  -5.540041672965e-02   2.575981691079e-04
  -7.434817154069e-02   2.174775649348e-04
  -8.934407940888e-02   1.667077786136e-04
  -9.966992313356e-02   1.078011355026e-04
  -1.056949934653e-01   4.365143563880e-05
  -1.063591883671e-01  -2.264828070830e-05
  -1.014159126630e-01  -8.784775168568e-05
  -9.205201605775e-02  -1.487440178394e-04
  -7.813513279876e-02  -2.023976787104e-04
  -5.989934567811e-02  -2.461722091592e-04
  -3.919774731343e-02  -2.778882314701e-04
  -1.668113945438e-02  -2.960162252193e-04
   7.206150105364e-03  -2.996625882968e-04
   3.038401648660e-02  -2.886120292784e-04
   5.181933942922e-02  -2.634357253479e-04
   7.128868658171e-02  -2.253852189989e-04
   8.704683498938e-02  -1.762942875989e-04
   9.816043585296e-02  -1.185893104442e-04
   1.050179189183e-01  -5.511407215127e-05
   1.066597764986e-01   1.106806236490e-05
   1.026005359526e-01   7.671734229978e-05
   9.400926649329e-02   1.386011466574e-04
   8.087781518877e-02   1.937281400538e-04
   6.324073671041e-02   2.393951960918e-04
   4.291344377695e-02   2.733246805328e-04
   2.067217228994e-02   2.938742887800e-04
  -3.157336958337e-03   3.000353831336e-04
  -2.652206995703e-02   2.914660746862e-04
  -4.828369117347e-02   2.686134398046e-04
  -6.825376226593e-02   2.326191313727e-04
  -8.468315551042e-02   1.852177206004e-04
  -9.656046345586e-02   1.287549571748e-04
  -1.042533657573e-01   6.601876420653e-05
  -1.067758411529e-01   3.980199083177e-08
  -1.035822047654e-01  -6.595008883371e-05
  -9.579650890776e-02  -1.286995304214e-04
  -8.339800180850e-02  -1.851734311438e-04
  -6.636647709330e-02  -2.326038634738e-04
  -4.646167782484e-02  -2.686263968577e-04
  -2.450660573512e-02  -2.914937199499e-04
  -7.794612290398e-04  -3.000857176257e-04
   2.273937760421e-02  -2.939401953535e-04
   4.477987906634e-02  -2.733803074461e-04
   6.517575755668e-02  -2.394396940320e-04
   8.228091843985e-02  -1.937538463127e-04
   9.488259607091e-02  -1.385795600681e-04
   1.033267613960e-01  -7.664921819199e-05
   1.067642688515e-01  -1.095907870924e-05
   1.044295045300e-01   5.527851130226e-05
   9.738115060320e-02   1.187934293291e-04
   8.575379022523e-02   1.765074910322e-04
   6.934750074550e-02   2.255979157957e-04
   4.983835775291e-02   2.636145021784e-04
   2.819665986175e-02   2.887062610872e-04
   4.597274539025e-03   2.996478561880e-04
  -1.904387703845e-02   2.958592279707e-04
  -4.133842560715e-02   2.775439549040e-04
  -6.214732305234e-02   2.456293246578e-04
  -7.984623401446e-02   2.016531104266e-04
  -9.313731272285e-02   1.477893672869e-04
  -1.023436344336e-01   8.671120865954e-05
  -1.066043218767e-01   2.137698404365e-05
  -1.050917234042e-01  -4.501641616826e-05
  -9.881691942514e-02  -1.091887992750e-04
  -8.790768578327e-02  -1.680278178330e-04
  -7.211517358685e-02  -2.186564832608e-04
  -5.304988869583e-02  -2.585490988189e-04
  -3.172575981500e-02  -2.857599629442e-04
  -8.287917339169e-03  -2.989615913102e-04
   1.544072014526e-02  -2.974628858780e-04
   3.795374670819e-02  -2.813494234959e-04
   5.910163402257e-02  -2.514436670580e-04
   7.739083982631e-02  -2.091875577955e-04
   9.134694057468e-02  -1.566651165589e-04
   1.012255881356e-01  -9.648959628445e-05
   1.063306876718e-01  -3.158185464787e-05
   1.056477277092e-01   3.488767370461e-05
   1.000704924085e-01   9.963000377101e-05
   8.990347706180e-02   1.594972920355e-04
   7.475284302822e-02   2.115679084579e-04
   5.609620030949e-02   2.532426075709e-04
   3.510717216833e-02   2.824808137812e-04
   1.185615274182e-02   2.978592157703e-04
  -1.193808942363e-02   2.985784096434e-04
  -3.464538167001e-02   2.846097748119e-04
  -5.612548860842e-02   2.566737020190e-04
  -7.493418400086e-02   2.161174998194e-04
  -8.951022566160e-02   1.649418128081e-04
  -1.000777053376e-01   1.056985024991e-04
  -1.059450086861e-01   4.126701470204e-05
  -1.060370990795e-01  -2.520370868458e-05
  -1.011946572476e-01  -9.042201532392e-05
  -9.172120970628e-02  -1.512141596189e-04
  -7.718234800718e-02  -2.046137553547e-04
  -5.898094248451e-02  -2.479566098309e-04
  -3.832825064282e-02  -2.791173458735e-04
  -1.528529032575e-02  -2.965795769849e-04
   8.537864250686e-03  -2.994424320467e-04
   3.141371553988e-02  -2.875661544948e-04
   5.315640285422e-02  -2.615702050569e-04
   7.247150217595e-02  -2.227104854230e-04
   8.765727715767e-02  -1.728983734693e-04
   9.882300180076e-02  -1.146226513136e-04
   1.054575316169e-01  -5.072355117052e-05
   1.063461019338e-01   1.568134702061e-05
   1.021600239480e-01   8.130056734683e-05
   9.338689762928e-02   1.429314138139e-04
   7.949651571205e-02   1.975713783869e-04
   6.171093622065e-02   2.424945039383e-04
   4.139998094724e-02   2.754890875164e-04
   1.859122382432e-02   2.949516054160e-04
  -5.247248254733e-03   2.998829737285e-04
  -2.826978686278e-02   2.900354122125e-04
  -5.027223288529e-02   2.659310393616e-04
  -7.003565040231e-02   2.287355500232e-04
  -8.577747897407e-02   1.802777386755e-04
  -9.756054315091e-02   1.229839611863e-04
  -1.048936053170e-01   5.965107984541e-05
  -1.065077230818e-01  -6.629356362651e-06
  -1.030129192551e-01  -7.256941439024e-05
  -9.490039055952e-02  -1.349474810211e-04
  -8.161065231917e-02  -1.907245503592e-04
  -6.428322793364e-02  -2.371194406384e-04
  -4.431608070644e-02  -2.718450956134e-04
  -2.174939154522e-02  -2.932135733035e-04
   2.066910823636e-03  -3.001339398811e-04
   2.521760767752e-02  -2.922549336408e-04
   4.741780143835e-02  -2.700021764118e-04
   6.760597961663e-02  -2.344552327092e-04
   8.390569922378e-02  -1.873561458881e-04
   9.622004410599e-02  -1.310660165285e-04
   1.042382882024e-01  -6.834183592054e-05
   1.066113363863e-01  -2.240926493921e-06
   1.037329299692e-01   6.395687483902e-05
   9.626803802900e-02   1.270067412294e-04
   8.362274421797e-02   1.838402962858e-04
   6.671480635014e-02   2.316257346823e-04
   4.708283716855e-02   2.679980743953e-04
   2.478508167499e-02   2.911900292460e-04
   9.986323671982e-04   3.000227592130e-04
  -2.226238087672e-02   2.940439325951e-04
  -4.465964333758e-02   2.735867791863e-04
  -6.522788863261e-02   2.396461237971e-04
  -8.202542093764e-02   1.938836136632e-04
  -9.488924089574e-02   1.385978095799e-04
  -1.035404167225e-01   7.650172212991e-05
  -1.065879328587e-01   1.062358704523e-05
  -1.043543828005e-01  -5.576540266624e-05
  -9.751004271213e-02  -1.194073107002e-04
  -8.544601558457e-02  -1.772043037367e-04
  -6.899213139287e-02  -2.262781951948e-04
  -4.970165847200e-02  -2.641976014121e-04
  -2.766769165458e-02  -2.891189550814e-04
  -3.947455030455e-03  -2.997809957157e-04
   1.940944640264e-02  -2.956362137712e-04
   4.195202304840e-02  -2.769262035928e-04
   6.286651434471e-02  -2.445654640768e-04
   8.017239404161e-02  -2.001330230557e-04
   9.350935464715e-02  -1.458610488989e-04
   1.027609116016e-01  -8.442277309622e-05
   1.065244663709e-01  -1.881129973561e-05
   1.048706210634e-01   4.771702589693e-05
   9.861320527293e-02   1.118862433173e-04
   8.717805831754e-02   1.705741536247e-04
   7.114550819071e-02   2.208622012945e-04
   5.217305836609e-02   2.602494649888e-04
   3.042908179052e-02   2.868198491036e-04
   6.779666879892e-03   2.992343602015e-04
  -1.666066430248e-02   2.968521561927e-04
  -3.934870005581e-02   2.798274683096e-04
  -6.057794839494e-02   2.489962302758e-04
  -7.832846983381e-02   2.058606202728e-04
  -9.215226495717e-02   1.525909586214e-04
  -1.019700546396e-01   9.181699516056e-05
  -1.063557497778e-01   2.650114509688e-05
  -1.052991067742e-01  -4.011294215525e-05
  -9.961652677428e-02  -1.047409606541e-04
  -8.873566614328e-02  -1.642370866501e-04
  -7.314730205289e-02  -2.156443012110e-04
  -5.450595601989e-02  -2.564037353450e-04
  -3.303552002504e-02  -2.845305842890e-04
  -9.489556607955e-03  -2.986124681816e-04
   1.402080468599e-02  -2.979221869808e-04
   3.681448795818e-02  -2.825275771424e-04
   5.831579282639e-02  -2.531902735159e-04
   7.652589656952e-02  -2.113354074375e-04
   9.077447953854e-02  -1.590668598771e-04
   1.011076484724e-01  -9.897514060795e-05
   1.061599320409e-01  -3.398842262514e-05
   1.056507221499e-01   3.266990834342e-05
   1.004896567347e-01   9.770241097215e-05
   9.020964195757e-02   1.579422884626e-04
   7.504351456459e-02   2.104012488938e-04
   5.669567466757e-02   2.524593876343e-04
   3.552176514116e-02   2.820652568121e-04
   1.208366538761e-02   2.977384231649e-04
