   0.000000000000e+00  -1.000000000000e-04
   1.027825742487e-02   9.547102288561e-05
  -1.952780219815e-02  -8.289816716098e-05
   2.719843798551e-02   6.331496344686e-05
  -3.270071246824e-02  -3.839488417077e-05
   3.531870235650e-02   1.021928599939e-05
  -3.487897896966e-02   1.879679717236e-05
   3.165176029018e-02  -4.624588206148e-05
  -2.576078001135e-02   6.978034682222e-05
   1.753103008227e-02  -8.743244758675e-05
  -7.884397151385e-03   9.768770765542e-05
  -2.293014722925e-03  -9.971228956457e-05
   1.239689784807e-02   9.330480842720e-05
  -2.153668091498e-02  -7.902523480828e-05
   2.870354967695e-02   5.806367376265e-05
  -3.342917395153e-02  -3.221984986622e-05
   3.549721582620e-02   3.635499975187e-06
  -3.451378352510e-02   2.524174050115e-05
   3.047415923297e-02  -5.199819318622e-05
  -2.397757213015e-02   7.435068054300e-05
   1.554747196266e-02  -9.044593621414e-05
  -5.652212476843e-03   9.888908407724e-05
  -4.747256686011e-03  -9.898889903319e-05
   1.458150682096e-02   9.072343877755e-05
  -2.322815133382e-02  -7.481287401908e-05
   3.006116771865e-02   5.256650840418e-05
  -3.424693279564e-02  -2.589783830369e-05
   3.544159545937e-02  -2.966498633094e-06
  -3.379417634648e-02   3.156688316991e-05
   2.932898285675e-02  -5.752367473774e-05
  -2.222428933624e-02   7.860504804454e-05
   1.327615867892e-02  -9.306047662253e-05
  -3.357414166822e-03   9.965221057133e-05
  -6.944573939711e-03  -9.784127029512e-05
   1.676745156812e-02   8.775070792780e-05
  -2.502772935293e-02  -7.026621139812e-05
   3.113182332303e-02   4.684109841485e-05
  -3.477001078911e-02  -1.947273801186e-05
   3.544767649667e-02  -9.558588079427e-06
  -3.298097855808e-02   3.776093036108e-05
   2.781997641835e-02  -6.279079696862e-05
  -2.042353433790e-02   8.251191849526e-05
   1.116075366450e-02  -9.527783993856e-05
  -9.050880877058e-04   9.998140715597e-05
  -9.264197105240e-03  -9.625844306414e-05
   1.867024031545e-02   8.439935666160e-05
  -2.665308838736e-02  -6.542159888344e-05
   3.230260574282e-02   4.090574891319e-05
  -3.510605734347e-02  -1.295888627090e-05
   3.508173686265e-02  -1.609952881460e-05
  -3.215456791812e-02   4.378850855267e-05
   2.634946718032e-02  -6.779267683635e-05
  -1.833235252083e-02   8.605594982972e-05
   8.923729942882e-03  -9.707202363477e-05
   1.316095111221e-03   9.988110274509e-05
  -1.156881258495e-02  -9.426158598082e-05
   2.071408238466e-02   8.067232077862e-05
  -2.804178199398e-02  -6.029111076538e-05
   3.316433890340e-02   3.480208406014e-05
  -3.548314980711e-02  -6.387221943012e-06
   3.464576323705e-02  -2.257741981140e-05
  -3.095559052479e-02   4.961880748901e-05
   2.478129318491e-02  -7.249322873278e-05
  -1.638919000776e-02   8.923282499002e-05
   6.535457438985e-03  -9.844505169640e-05
   3.710125959402e-03   9.933663894385e-05
  -1.363457124396e-02  -9.185634031021e-05
   2.257164055757e-02   7.660261739791e-05
  -2.953847231181e-02  -5.489340854172e-05
   3.387647152448e-02   2.854195950404e-05
  -3.547460252704e-02   2.034136939260e-07
   3.416287869528e-02  -2.895386318506e-05
  -2.981092773045e-02   5.524130885166e-05
   2.292269043837e-02  -7.687593395281e-05
  -1.426426983431e-02   9.201222981220e-05
   4.347258079263e-03  -9.939430780696e-05
   6.076989660742e-03   9.836583688822e-05
  -1.587370737676e-02  -8.904371452678e-05
   2.423943764585e-02   7.219714248800e-05
  -3.071013564824e-02  -4.926649045411e-05
   3.461608937131e-02   2.215731816168e-05
  -3.543499554224e-02   6.800884606774e-06
   3.330587408547e-02  -3.519862830211e-05
  -2.850983520721e-02   6.061593729324e-05
   2.119880576517e-02  -8.093096715253e-05
  -1.200175904022e-02   9.439403774809e-05
   1.939333614075e-03  -9.990176335132e-05
   8.252860166319e-03   9.696742945733e-05
  -1.791120178306e-02  -8.585261526515e-05
   2.602241990254e-02   6.747366333871e-05
  -3.178732685376e-02  -4.341897866954e-05
   3.496960912928e-02   1.568443342412e-05
  -3.530275488930e-02   1.336394847399e-05
   3.250987065353e-02  -4.129827574055e-05
  -2.693265123968e-02   6.572613019948e-05
   1.924360259552e-02  -8.462441848045e-05
  -9.901901176582e-03   9.636843427412e-05
  -4.284051271148e-04  -9.998153266523e-05
   1.062846724330e-02   9.514020272542e-05
  -1.981925128136e-02  -8.228406872181e-05
   2.747993855194e-02   6.246598465604e-05
  -3.286816525975e-02  -3.738396397151e-05
   3.531894457406e-02   9.135288909105e-06
  -3.480896049537e-02   1.986472638456e-05
   3.151515596841e-02  -4.721004935660e-05
  -2.547411804898e-02   7.055619236163e-05
   1.716215615894e-02  -8.795374957833e-05
  -7.540613599390e-03   9.791461916400e-05
  -2.659281059865e-03  -9.962531222570e-05
   1.279800961410e-02   9.290822633379e-05
  -2.184344593609e-02  -7.835518606527e-05
   2.888765001576e-02   5.717958243865e-05
  -3.357124729682e-02  -3.119335528285e-05
   3.554663286917e-02   2.552219924670e-06
  -3.438776807186e-02   2.628660192958e-05
   3.025647578275e-02  -5.291699643394e-05
  -2.373376155112e-02   7.506965219492e-05
   1.520441422512e-02  -9.090259363697e-05
  -5.232177803061e-03   9.904260277905e-05
  -5.111733075047e-03  -9.882986860285e-05
   1.489443223000e-02   9.026700468171e-05
  -2.354504514364e-02  -7.409428201632e-05
   3.028546915748e-02   5.164701057307e-05
  -3.430846020498e-02  -2.485891415564e-05
   3.542767679237e-02  -4.038906325760e-06
  -3.371753513493e-02   3.258506124097e-05
   2.909825117717e-02  -5.839872754831e-05
  -2.188970959161e-02   7.926192616293e-05
   1.295132222003e-02  -9.344766298762e-05
  -3.002847231638e-03   9.973728559699e-05
  -7.355355951156e-03  -9.761379790057e-05
   1.710879200722e-02   8.723199288037e-05
  -2.525383876697e-02  -6.950339329245e-05
   3.132233908250e-02   4.589590413643e-05
  -3.488342806069e-02  -1.842356531862e-05
   3.538632889610e-02  -1.061945804491e-05
  -3.281350447963e-02   3.874396866020e-05
   2.762209937167e-02  -6.361684488753e-05
  -2.012288169073e-02   8.310999767739e-05
   1.075962365500e-02  -9.559465864374e-05
  -5.361438638295e-04   9.999346619667e-05
  -9.589325836798e-03  -9.596697036567e-05
   1.901457864095e-02   8.382573435050e-05
  -2.692900672777e-02  -6.461441337144e-05
   3.242131832066e-02   3.993714540786e-05
  -3.514429398502e-02  -1.190947886784e-05
   3.506511547818e-02  -1.714431761242e-05
  -3.198631845763e-02   4.473787098681e-05
   2.605747409973e-02  -6.856456413701e-05
  -1.803334371889e-02   8.658908562256e-05
   8.589566031883e-03  -9.732218313097e-05
   1.726010944945e-03   9.982379977863e-05
  -1.193645622166e-02  -9.390321079743e-05
   2.097530232823e-02   8.004681761832e-05
  -2.827214823264e-02  -5.944914190740e-05
   3.333599356336e-02   3.381273888799e-05
  -3.548841209481e-02  -5.337675204274e-06
   3.453308059829e-02  -2.359783970539e-05
  -3.080646222956e-02   5.052787380250e-05
   2.452826893763e-02  -7.321344760870e-05
  -1.601660560835e-02   8.970035294514e-05
   6.171477748290e-03  -9.862308564922e-05
   4.039034733273e-03   9.921291490525e-05
  -1.399552298635e-02  -9.143834391740e-05
   2.288938423301e-02   7.592511716353e-05
  -2.971099954102e-02  -5.401776123914e-05
   3.396667831453e-02   2.754157158217e-05
  -3.551659714711e-02   1.247404917478e-06
   3.405747534960e-02  -2.995114307360e-05
  -2.956697942678e-02   5.610537817618e-05
   2.265737862631e-02  -7.753730355702e-05
  -1.395903957400e-02   9.241646778814e-05
   3.948829052359e-03  -9.950384329276e-05
   6.460245162022e-03   9.817239396743e-05
  -1.616259070441e-02  -8.856758648724e-05
   2.450452212953e-02   7.147683124157e-05
  -3.093484981327e-02  -4.836055236562e-05
   3.468381042501e-02   2.114559944983e-05
  -3.537658030194e-02   7.831653623199e-06
   3.320909013977e-02  -3.616521748410e-05
  -2.831139857287e-02   6.143655791762e-05
   2.086329575033e-02  -8.153292174519e-05
  -1.165117376693e-02   9.472878838000e-05
   1.615291922988e-03  -9.994417194838e-05
   8.621524770715e-03   9.671122636366e-05
  -1.826266276115e-02  -8.531842977219e-05
   2.624157412745e-02   6.671067618316e-05
  -3.192331445252e-02  -4.249177196668e-05
   3.506800697604e-02   1.466775087787e-05
  -3.526382130482e-02   1.438247185656e-05
   3.231918995814e-02  -4.222977189509e-05
  -2.670512476744e-02   6.649518358138e-05
   1.897378520920e-02  -8.516797116494e-05
  -9.525055813721e-03   9.663726725685e-05
  -8.175878062272e-04  -9.995323510101e-05
   1.093656672846e-02   9.482130889721e-05
  -2.010930573693e-02  -8.170039856396e-05
   2.775015916512e-02   6.166407517413e-05
  -3.299741037900e-02  -3.643469400593e-05
   3.531600203683e-02   8.120768871516e-06
  -3.476368388929e-02   2.086247656782e-05
   3.137318032584e-02  -4.810717363866e-05
  -2.518370331745e-02   7.127344965367e-05
   1.683422633340e-02  -8.843213160840e-05
  -7.229600839884e-03   9.811728515984e-05
  -3.025219234829e-03  -9.953282021294e-05
   1.317272881983e-02   9.252679785521e-05
  -2.210383952584e-02  -7.772103125925e-05
   2.906635261125e-02   5.634703211370e-05
  -3.372090333535e-02  -3.022922126640e-05
   3.557084627814e-02   1.539118380075e-06
  -3.425355495134e-02   2.725991351297e-05
   3.007316228975e-02  -5.377098890950e-05
  -2.350597002539e-02   7.573463453510e-05
   1.485777182138e-02  -9.131917949507e-05
  -4.846979912499e-03   9.917537036992e-05
  -5.431018901934e-03  -9.867176651334e-05
   1.520257366439e-02   8.983082512665e-05
  -2.385255198419e-02  -7.341393529003e-05
   3.046894536628e-02   5.078263088586e-05
  -3.435830772647e-02  -2.388602281308e-05
   3.543543240504e-02  -5.041518775470e-06
  -3.363593638428e-02   3.353362198498e-05
   2.885821981999e-02  -5.920948897674e-05
  -2.159070368169e-02   7.986753382908e-05
   1.266095380076e-02  -9.380069976089e-05
  -2.648845286778e-03   9.980606407175e-05
  -7.743485744246e-03  -9.739043384544e-05
   1.740138342188e-02   8.673909322314e-05
  -2.546775718991e-02  -6.878402404340e-05
   3.151911223263e-02   4.500727058415e-05
  -3.497101916922e-02  -1.744152002171e-05
   3.531002598617e-02  -1.160841749846e-05
  -3.267537822009e-02   3.965857032010e-05
   2.744044188253e-02  -6.438266268836e-05
  -1.981548429123e-02   8.365942579959e-05
   1.038827777604e-02  -9.588032515001e-05
  -2.142577790654e-04   9.999544387168e-05
  -9.905907211772e-03  -9.568512574278e-05
   1.935071700219e-02   8.328064068536e-05
  -2.716287216329e-02  -6.385444611912e-05
   3.252166837664e-02   3.902950516427e-05
  -3.520086020653e-02  -1.092783682489e-05
   3.504270868274e-02  -1.811853823918e-05
  -3.180271271784e-02   4.561879411551e-05
   2.579544649254e-02  -6.927811247491e-05
  -1.777018525769e-02   8.707900308285e-05
   8.256220269892e-03  -9.754566634880e-05
   2.117239763479e-03   9.975948055163e-05
  -1.225412557454e-02  -9.355993832129e-05
   2.121889336179e-02   7.945559473573e-05
  -2.850800194305e-02  -5.865658380219e-05
   3.348073193672e-02   3.288591822398e-05
  -3.547100840449e-02  -4.358683587848e-06
   3.444450543076e-02  -2.454789815037e-05
  -3.067459892134e-02   5.137195260188e-05
   2.426562548882e-02  -7.387760120558e-05
  -1.566756409063e-02   9.012706848368e-05
   5.855218159736e-03  -9.878028066783e-05
   4.356159807236e-03   9.908795441761e-05
  -1.435032367791e-02  -9.103847242577e-05
   2.316438175234e-02   7.528584996728e-05
  -2.985749876981e-02  -5.319657409435e-05
   3.407138620203e-02   2.660525352383e-05
  -3.555366648154e-02   2.221630018595e-06
   3.393168998710e-02  -3.087747706903e-05
  -2.934573071310e-02   5.690540334262e-05
   2.242777932541e-02  -7.814743263037e-05
  -1.365503880191e-02   9.278431365261e-05
   3.564597810903e-03  -9.959541743220e-05
   6.793479020516e-03   9.798300199444e-05
  -1.642788185301e-02  -8.811578013420e-05
   2.477370039084e-02   7.079758544686e-05
  -3.113346796273e-02  -4.751097254129e-05
   3.472288850104e-02   2.020137489727e-05
  -3.533564330447e-02   8.791775961978e-06
   3.312888241675e-02  -3.706360665088e-05
  -2.810081099730e-02   6.219508517391e-05
   2.054521586600e-02  -8.208542404045e-05
  -1.134792568403e-02   9.503244921352e-05
   1.306187791456e-03  -9.997452753720e-05
   8.985800219784e-03   9.646232023950e-05
  -1.857233677469e-02  -8.481253471971e-05
   2.642890710257e-02   6.599431675255e-05
  -3.206936057510e-02  -4.162344075664e-05
   3.516088552560e-02   1.371840087311e-05
  -3.519955754138e-02   1.532928001924e-05
   3.214453319120e-02  -4.309312138233e-05
  -2.651299412205e-02   6.720621455271e-05
   1.870526965455e-02  -8.566628507372e-05
  -9.157407910176e-03   9.687763340108e-05
  -1.158036018716e-03  -9.991783770880e-05
   1.121639804221e-02   9.451618049047e-05
  -2.040217062179e-02  -8.114848278004e-05
   2.799450137507e-02   6.091105834259e-05
  -3.309178729390e-02  -3.554822558293e-05
   3.532447366089e-02   7.175417496621e-06
  -3.473523312275e-02   2.179048184759e-05
   3.121655450946e-02  -4.893764522084e-05
  -2.490323876692e-02   7.193378672019e-05
   1.655195188624e-02  -8.886994423574e-05
  -6.936392091287e-03   9.829738384962e-05
  -3.388821743344e-03  -9.943663346907e-05
   1.350708284346e-02   9.216307668593e-05
  -2.232638329081e-02  -7.712456280607e-05
   2.925085113267e-02   5.556670297695e-05
  -3.386616296439e-02  -2.932831904953e-05
   3.556563155622e-02   5.968013735424e-07
  -3.412691597819e-02   2.816257101531e-05
   2.992339556939e-02  -5.456159364897e-05
  -2.328013526795e-02   7.634666204928e-05
   1.451548413266e-02  -9.169749978702e-05
  -4.508069096347e-03   9.929006964935e-05
  -5.717554701279e-03  -9.851656071529e-05
   1.551210772370e-02   8.941631180762e-05
  -2.413624912915e-02  -7.277379229630e-05
   3.061290382967e-02   4.997486006660e-05
  -3.441200573012e-02  -2.297921210362e-05
   3.545858101254e-02  -5.974514195928e-06
  -3.353812279348e-02   3.441263286381e-05
   2.862153342112e-02  -5.995727664617e-05
  -2.133459112479e-02   8.042406036669e-05
   1.239053699236e-02  -9.412120221300e-05
  -2.295123769287e-03   9.986025423561e-05
  -8.094161214333e-03  -9.717374953823e-05
   1.765177593181e-02   8.627403125268e-05
  -2.568243261379e-02  -6.810900956111e-05
   3.171125294319e-02   4.417628050124e-05
  -3.502587611955e-02  -1.652757554849e-05
   3.523417429706e-02  -1.252597695608e-05
  -3.256867087286e-02   4.050593609114e-05
   2.726053201621e-02  -6.508906075109e-05
  -1.950699221039e-02   8.416171769592e-05
   1.005970228997e-02  -9.613741007218e-05
   7.140739358565e-05   9.998938375487e-05
  -1.022231573149e-02  -9.541436354793e-05
   1.966463416485e-02   8.276613646282e-05
  -2.735309702099e-02  -6.314350946510e-05
   3.261951220438e-02   3.818320857965e-05
  -3.527213819318e-02  -1.001399940310e-05
   3.500213938636e-02  -1.902194035250e-05
  -3.161453886320e-02   4.643218920381e-05
   2.557259500198e-02  -6.993529132505e-05
  -1.752922525808e-02   8.752722890644e-05
   7.921178372407e-03  -9.774403194231e-05
   2.474530895520e-03   9.969067587704e-05
  -1.252578194191e-02  -9.323398701858e-05
   2.145885370164e-02   7.889975601795e-05
  -2.874040636954e-02  -5.791466666557e-05
   3.358994911352e-02   3.202292090027e-05
  -3.544531355028e-02  -3.450160013984e-06
   3.438407408878e-02  -2.542852615960e-05
  -3.054535366768e-02   5.215163101937e-05
   2.399705872164e-02  -7.448689946575e-05
  -1.535644686619e-02   9.051536910915e-05
   5.577746804977e-03  -9.891870723175e-05
   4.671662219707e-03   9.896322038846e-05
  -1.468591884974e-02  -9.065881635172e-05
   2.339290534498e-02   7.468688186598e-05
  -2.999381563511e-02  -5.243056523773e-05
   3.418882917732e-02   2.573328695032e-05
  -3.557214219127e-02   3.125541793331e-06
   3.379480015105e-02  -3.173338789642e-05
  -2.915864757956e-02   5.764309892886e-05
   2.222129578367e-02  -7.870771106479e-05
  -1.334735067830e-02   9.311713488293e-05
   3.209843652745e-03  -9.967145494930e-05
   7.078283817043e-03   9.780000781992e-05
  -1.668451825861e-02  -8.768957245876e-05
   2.503961183899e-02   7.016077614914e-05
  -3.129519421888e-02  -4.671934266439e-05
   3.474672414247e-02   1.932494221697e-05
  -3.531901171861e-02   9.681917900612e-06
   3.305080293316e-02  -3.789413127969e-05
  -2.787907031999e-02   6.289237679652e-05
   2.025978103050e-02  -8.259064560299e-05
  -1.108532849840e-02   9.530707415619e-05
   1.000250912891e-03  -9.999426501069e-05
   9.333720280602e-03   9.622279125591e-05
  -1.883384820253e-02  -8.433720689079e-05
   2.659993434652e-02   6.532559534651e-05
  -3.222652995406e-02  -4.081446535311e-05
   3.523397010961e-02   1.283721908082e-05
  -3.511672085981e-02   1.620446514796e-05
   3.199875258754e-02  -4.388974376132e-05
  -2.634533791540e-02   6.786046846505e-05
   1.843120475282e-02  -8.612051281279e-05
  -8.813897189570e-03   9.709178972129e-05
  -1.448740352509e-03  -9.987776143554e-05
   1.148336168593e-02   9.422622506469e-05
  -2.069285673725e-02  -8.062976756293e-05
   2.820080388219e-02   6.020877124919e-05
  -3.316282878293e-02  -3.472526179253e-05
   3.535292185358e-02   6.298858109792e-06
  -3.470986861285e-02   2.264885212728e-05
   3.104430078011e-02  -4.970197769358e-05
  -2.464855915705e-02   7.253909083464e-05
   1.631080645535e-02  -8.926916473355e-05
  -6.647846315594e-03   9.845628575413e-05
  -3.739698690057e-03  -9.933875730471e-05
   1.379264136142e-02   9.181948254260e-05
  -2.252568133876e-02  -7.656707599311e-05
   2.944414817771e-02   5.483928042146e-05
  -3.399231231353e-02  -2.849172719781e-05
   3.553591786220e-02  -2.744318605206e-07
  -3.402230712756e-02   2.899566676296e-05
   2.979775325540e-02  -5.528985789897e-05
  -2.304717388901e-02   7.690663873092e-05
   1.419180947185e-02  -9.203959482580e-05
  -4.219015012713e-03   9.938913426740e-05
  -5.986831717890e-03  -9.836575909196e-05
   1.582002157751e-02   8.902496604434e-05
  -2.438250716197e-02  -7.217588042290e-05
   3.072735097142e-02   4.922474928506e-05
  -3.448046956711e-02  -2.213838781148e-05
   3.548413596215e-02  -6.837748673006e-06
  -3.342030820829e-02   3.522223242408e-05
   2.840415825312e-02  -6.064366379094e-05
  -2.111955112507e-02   8.093337540754e-05
   1.212600692712e-02  -9.441044194049e-05
  -1.950315588053e-03   9.990173811752e-05
  -8.396819348096e-03  -9.696624561296e-05
   1.787355130076e-02   8.583832777126e-05
  -2.590353198890e-02  -6.747919614604e-05
   3.188401097990e-02   4.340424144839e-05
  -3.505002712408e-02  -1.568244005315e-05
   3.517403552160e-02  -1.337289110171e-05
  -3.248631951315e-02   4.128692830733e-05
   2.707178710433e-02  -6.573668320194e-05
  -1.921047217011e-02   8.461863552777e-05
   9.779812787930e-03  -9.636829538073e-05
   3.360853987564e-04   9.997684847637e-05
  -1.053803090817e-02  -9.515618130725e-05
   1.994182364789e-02   8.228438698371e-05
  -2.750722102953e-02  -6.248299765248e-05
   3.272714195627e-02   3.739843845975e-05
  -3.534668319817e-02  -9.168312718846e-06
   3.493777820746e-02  -1.985431563795e-05
  -3.143746034743e-02   4.717926538791e-05
   2.538928053438e-02  -7.053780407988e-05
  -1.729566595437e-02   8.793491121459e-05
   7.591117434624e-03  -9.791899269647e-05
   2.785585735499e-03   9.961990082654e-05
  -1.276336282657e-02  -9.292707616221e-05
   2.170272339302e-02   7.838029014616e-05
  -2.895505996287e-02  -5.722485685065e-05
   3.366366410369e-02   3.122480301914e-05
  -3.542732205770e-02  -2.611707687041e-06
   3.434650534440e-02  -2.624035813109e-05
  -3.040637360034e-02   5.286728483082e-05
   2.373438593496e-02  -7.504280764218e-05
  -1.509164486772e-02   9.086753436473e-05
   5.324502710257e-03  -9.903994410994e-05
   4.987256519628e-03   9.884017292182e-05
  -1.498717272565e-02  -9.030160716144e-05
   2.358050575376e-02   7.412987744952e-05
  -3.013388961157e-02  -5.172017897423e-05
   3.430880759684e-02   2.492623480379e-05
  -3.556381099797e-02   3.958586875843e-06
   3.366194586150e-02  -3.251972734249e-05
  -2.900897854910e-02   5.831998916251e-05
   2.202289378692e-02  -7.921913287449e-05
  -1.304033242091e-02   9.341642653192e-05
   2.898308477217e-03  -9.973441984827e-05
   7.324898805093e-03   9.762526843279e-05
  -1.694225043318e-02  -8.729005388448e-05
   2.528853849701e-02   6.956800641288e-05
  -3.141710938664e-02  -4.598705375340e-05
   3.477149243264e-02   1.851623968428e-05
  -3.532420639812e-02   1.050251747147e-05
   3.296151349032e-02  -3.865689773229e-05
  -2.765600026143e-02   6.352954815417e-05
   2.001727230981e-02  -8.305070645352e-05
  -1.084987388249e-02   9.555422550933e-05
   6.934299104046e-04  -1.000047654335e-04
   9.649917606867e-03   9.599488572497e-05
  -1.904999565650e-02  -8.389435486443e-05
   2.676948988924e-02   6.470519059547e-05
  -3.238682225966e-02  -4.006556327895e-05
   3.527746897998e-02   1.202506797045e-05
  -3.502920730335e-02   1.700848013080e-05
   3.188711152670e-02  -4.462093636782e-05
  -2.618719663896e-02   6.845878198579e-05
   1.815384705178e-02  -8.653191133825e-05
  -8.509436574995e-03   9.728208931186e-05
  -1.697811308547e-03  -9.983496086841e-05
   1.174883447599e-02   9.395260581322e-05
  -2.096888810375e-02  -8.014592025620e-05
   2.836411008177e-02   5.955887633177e-05
  -3.322648132866e-02  -3.396609159208e-05
   3.540078879713e-02   5.490881520318e-06
  -3.467319777491e-02   2.343744125401e-05
   3.086459036394e-02  -5.040094676566e-05
  -2.443203127692e-02   7.309128086099e-05
   1.609856032133e-02  -8.963129421162e-05
  -6.357630843705e-03   9.859525828574e-05
  -4.062682055071e-03  -9.924138601087e-05
   1.402988854009e-02   9.149809787159e-05
  -2.271735438119e-02  -7.604946763570e-05
   2.963991124112e-02   5.416564076683e-05
  -3.408751335334e-02  -2.772058695857e-05
   3.549449721200e-02  -1.074672302832e-06
  -3.394773221241e-02   2.976026928846e-05
   2.968167139299e-02  -5.595643160775e-05
  -2.280667108036e-02   7.741554359251e-05
   1.390235038396e-02  -9.234765471050e-05
  -3.973993083307e-03   9.947456697471e-05
  -6.251782276671e-03  -9.822056496257e-05
   1.611506520539e-02   8.865849174140e-05
  -2.458373218567e-02  -7.162209530221e-05
   3.082776255512e-02   4.853289114002e-05
  -3.456606933222e-02  -2.136353052710e-05
   3.549727737342e-02  -7.630826558518e-06
  -3.328804856432e-02   3.596281774985e-05
   2.821977761586e-02  -6.127033017669e-05
  -2.093518722207e-02   8.139690583468e-05
   1.185906908654e-02  -9.466954817820e-05
  -1.629053836529e-03   9.993260717070e-05
  -8.649231454961e-03  -9.677013406755e-05
   1.808261866605e-02   8.543305717076e-05
  -2.612730868127e-02  -6.689555724582e-05
   3.202436085739e-02   4.269253615502e-05
  -3.505420314747e-02  -1.490641310776e-05
   3.513931874202e-02  -1.414997089503e-05
  -3.241471459019e-02   4.200203008434e-05
   2.687175248077e-02  -6.632623263855e-05
  -1.894192053901e-02   8.503215058005e-05
   9.545124902069e-03  -9.657498102297e-05
   5.938808313774e-04   9.995905015200e-05
  -1.084363899178e-02  -9.491225638317e-05
   2.017280594966e-02   8.183746073158e-05
  -2.763958211569e-02  -6.187381351579e-05
   3.284885349836e-02   3.667538172392e-05
  -3.540949484934e-02  -8.391381579840e-06
   3.485328535912e-02  -2.061571496001e-05
  -3.128657179385e-02   4.786142588137e-05
   2.523680202422e-02  -7.108695321496e-05
  -1.705915200530e-02   8.830301369192e-05
   7.279755806751e-03  -9.807248788157e-05
   3.045733311014e-03   9.954943632928e-05
  -1.298267851152e-02  -9.264044010337e-05
   2.194874900926e-02   7.789826253746e-05
  -2.913765699618e-02  -5.658872894252e-05
   3.371100908548e-02   3.049220100372e-05
  -3.542900779450e-02  -1.842775353127e-06
   3.431913279180e-02  -2.698367719278e-05
  -3.025247585774e-02   5.351931281723e-05
   2.349356474473e-02  -7.554704754948e-05
  -1.487236904134e-02   9.118552548421e-05
   5.080575215240e-03  -9.914518435577e-05
   5.295362287277e-03   9.872043112640e-05
  -1.524253989539e-02  -8.996903399411e-05
   2.374039025094e-02   7.361599439442e-05
  -3.028473083662e-02  -5.106577680280e-05
   3.441647700607e-02   2.418491327917e-05
  -3.552938263784e-02   4.720444050948e-06
   3.354891070146e-02  -3.323760456208e-05
  -2.889050855591e-02   5.893725311170e-05
   2.182077474808e-02  -7.968247943187e-05
  -1.274635702115e-02   9.368392271307e-05
   2.637059389077e-03  -9.978660683621e-05
   7.548705725720e-03   9.746013593768e-05
  -1.720198179618e-02  -8.691833259074e-05
   2.550550379982e-02   6.902101076363e-05
  -3.150571204239e-02  -4.531509439671e-05
   3.481044888274e-02   1.777498610773e-05
  -3.534033900131e-02   1.125369180133e-05
   3.285401494687e-02  -3.935201197601e-05
  -2.744704584560e-02   6.410801423671e-05
   1.981920435889e-02  -8.346747029905e-05
  -1.062613903497e-02   9.577505068481e-05
   3.911333699697e-04  -1.000075428536e-04
   9.921317891413e-03   9.578085746273e-05
  -1.923211562753e-02  -8.348538403360e-05
   2.694636755224e-02   6.413363793186e-05
  -3.253611184811e-02  -3.937770642533e-05
   3.529010096770e-02   1.128259707238e-05
  -3.495332919585e-02   1.774210259948e-05
   3.180532265824e-02  -4.528770188182e-05
  -2.602521340898e-02   6.900173963771e-05
   1.788411564151e-02  -8.690198194569e-05
  -8.253409667182e-03   9.745078633221e-05
  -1.919739255869e-03  -9.979087787793e-05
   1.201589142395e-02   9.369645500294e-05
  -2.121487748722e-02  -7.969877158799e-05
   2.848892605756e-02   5.896265017502e-05
  -3.329752102361e-02  -3.327070589944e-05
   3.545858266700e-02   4.751567670425e-06
  -3.461576543288e-02   2.415605554672e-05
   3.069218031497e-02  -5.103565655987e-05
  -2.425800766714e-02   7.359209711982e-05
   1.589972612106e-02  -8.995740282582e-05
  -6.068829400185e-03   9.871567172426e-05
  -4.343368960043e-03  -9.914677676296e-05
   1.422839893761e-02   9.120051558830e-05
  -2.291239712078e-02  -7.557241910064e-05
   2.982476616018e-02   5.354690990462e-05
  -3.414754097910e-02  -2.701587739301e-05
   3.545772462653e-02  -1.804376533124e-06
  -3.390179932635e-02   3.045721849581e-05
   2.956093532064e-02  -5.656168833040e-05
  -2.256744930784e-02   7.787459156513e-05
   1.365836839914e-02  -9.262383515954e-05
  -3.759717878309e-03   9.954786051996e-05
  -6.517913245652e-03  -9.808209527959e-05
   1.638181886225e-02   8.831878019183e-05
  -2.474154320670e-02  -7.111399151059e-05
   3.092966862448e-02   4.789953302281e-05
  -3.466172726160e-02  -2.065487015641e-05
   3.548707818415e-02  -8.353272562320e-06
  -3.315466917086e-02   3.663512926234e-05
   2.807480928191e-02  -6.183883795373e-05
  -2.076631269653e-02   8.181563106839e-05
   1.159055784801e-02  -9.489971864469e-05
  -1.346695412029e-03   9.995506589846e-05
  -8.858631373740e-03  -9.658716747057e-05
   1.829144709129e-02   8.505902700897e-05
  -2.634189633893e-02  -6.635930754991e-05
   3.212613681755e-02   4.204242241731e-05
  -3.505431682648e-02  -1.419939102596e-05
   3.513062617308e-02  -1.485784858206e-05
  -3.233882384268e-02   4.265141037324e-05
   2.666744807927e-02  -6.685863435950e-05
  -1.871450087736e-02   8.540426983480e-05
   9.343856554809e-03  -9.675896930683e-05
   8.524486709698e-04   9.993706236227e-05
  -1.112415402614e-02  -9.468447455096e-05
   2.035694995542e-02   8.142712418903e-05
  -2.776632971217e-02  -6.131646122185e-05
   3.297932092798e-02   3.601444097493e-05
  -3.544776515306e-02  -7.683945089514e-06
   3.476075010255e-02  -2.130653721007e-05
  -3.117094677414e-02   4.848003452525e-05
   2.510056649781e-02  -7.158358894652e-05
  -1.681790617547e-02   8.863252173127e-05
   7.002987588712e-03  -9.820661221011e-05
   3.259908465185e-03   9.948113828005e-05
  -1.319767875206e-02  -9.237498756354e-05
   2.218640409377e-02   7.745496688653e-05
  -2.927943122775e-02  -5.600779410383e-05
   3.374729373308e-02   2.982532784219e-05
  -3.545395497927e-02  -1.142917820890e-06
   3.428666671117e-02  -2.765843348179e-05
  -3.008800941929e-02   5.410830430218e-05
   2.328900370329e-02  -7.600143089226e-05
  -1.468879223651e-02   9.147082707615e-05
   4.836331483789e-03  -9.923542853889e-05
   5.581694214915e-03   9.860583337681e-05
  -1.544858329385e-02  -8.966303932069e-05
   2.388883642742e-02   7.314595540196e-05
  -3.044377918354e-02  -5.046787980253e-05
   3.449800235596e-02   2.351030122817e-05
  -3.547871966867e-02   5.411132855838e-06
   3.346644800842e-02  -3.388814970714e-05
  -2.878981536581e-02   5.949562044385e-05
   2.161105358576e-02  -8.009851479355e-05
  -1.248150397677e-02   9.392155238799e-05
   2.423677355856e-03  -9.982992871200e-05
   7.764636473186e-03   9.730558740890e-05
  -1.745526707736e-02  -8.657571442590e-05
   2.568001300646e-02   6.852149644784e-05
  -3.157495408437e-02  -4.470400846255e-05
   3.486909311549e-02   1.710094424514e-05
  -3.535218745086e-02   1.193520928123e-05
   3.273068212507e-02  -3.997975272471e-05
  -2.726782764261e-02   6.462934912280e-05
   1.965764393184e-02  -8.384235598269e-05
  -1.040261089608e-02   9.597045077106e-05
   1.064967159302e-04  -1.000043319813e-04
   1.014216712378e-02   9.558275967195e-05
  -1.939618664303e-02  -8.311122427149e-05
   2.713000553352e-02   6.361157877508e-05
  -3.265948000924e-02  -3.875206383264e-05
   3.528005284207e-02   1.061011407962e-05
  -3.490198584010e-02   1.840621978231e-05
   3.174109370409e-02  -4.589061360120e-05
  -2.585288221791e-02   6.948985917883e-05
   1.763787331595e-02  -8.723245216189e-05
  -8.046051161751e-03   9.759980564632e-05
  -2.130131988694e-03  -9.974653283727e-05
   1.227797055909e-02   9.345906925753e-05
  -2.141834916912e-02  -7.929017487287e-05
   2.858797526838e-02   5.842091000641e-05
  -3.338417229656e-02  -3.263904990390e-05
   3.551141430327e-02   4.081340007659e-06
  -3.453698046370e-02   2.480463693629e-05
   3.054326059805e-02  -5.160742360090e-05
  -2.412112255425e-02   7.404288429966e-05
   1.570140376503e-02  -9.024827284182e-05
  -5.793108343492e-03   9.881911298067e-05
  -4.573574952618e-03  -9.905704316266e-05
   1.440357452415e-02   9.092782666417e-05
  -2.311304107271e-02  -7.513664411888e-05
   2.998330952812e-02   5.298442348252e-05
  -3.417780902042e-02  -2.637825329933e-05
   3.543969099189e-02  -2.464177467572e-06
  -3.387419132438e-02   3.108695987922e-05
   2.942723656624e-02  -5.710590525040e-05
  -2.234466756447e-02   7.828525514004e-05
   1.346251673253e-02  -9.287002011641e-05
  -3.560269061055e-03   9.961005010249e-05
  -6.781043895121e-03  -9.795158721397e-05
   1.660647475582e-02   8.800777968076e-05
  -2.486657935656e-02  -7.065266147246e-05
   3.104299340153e-02   4.732480607159e-05
  -3.475352585052e-02  -2.001296833113e-05
   3.545096019994e-02  -9.004730589046e-06
  -3.303668217225e-02   3.724018506442e-05
   2.796595964486e-02  -6.235040675904e-05
  -2.059867725177e-02   8.219020066980e-05
   1.133047174046e-02  -9.510235955234e-05
  -1.113569499627e-03   9.997123305822e-05
  -9.039312088573e-03  -9.641857973096e-05
   1.850437083460e-02   8.471701429500e-05
  -2.653170555519e-02  -6.587188740213e-05
   3.219275592070e-02   4.145484064245e-05
  -3.506583149670e-02  -1.356100588314e-05
   3.513918307088e-02  -1.549680548303e-05
  -3.224802818061e-02   4.323509922683e-05
   2.647316868834e-02  -6.733509721499e-05
  -1.853361710967e-02   8.573680390128e-05
   9.160194128705e-03  -9.692128353018e-05
   1.109918053152e-03   9.991203576090e-05
  -1.136457330187e-02  -9.447482033568e-05
   2.050309033062e-02   8.105468253834e-05
  -2.789955364407e-02  -6.081123690957e-05
   3.310553204667e-02   3.541632451845e-05
  -3.545599719720e-02  -7.046660710494e-06
   3.467658833517e-02  -2.192751097129e-05
  -3.109023156251e-02   4.903619230785e-05
   2.496558374900e-02  -7.202821305180e-05
  -1.657975484921e-02   8.892461688436e-05
   6.772990511207e-03  -9.832343628632e-05
   3.441083425094e-03   9.941634048275e-05
  -1.341521089980e-02  -9.213152183588e-05
   2.240024876672e-02   7.705192403573e-05
  -2.938080809774e-02  -5.548327558329e-05
   3.378860661993e-02   2.922406655384e-05
  -3.549597823513e-02  -5.119760627716e-07
   3.423710599359e-02  -2.826442241734e-05
  -2.992567210830e-02   5.463515435147e-05
   2.312821577255e-02  -7.640764441658e-05
  -1.452559396108e-02   9.172443437215e-05
   4.591240162735e-03  -9.931171009979e-05
   5.830505231246e-03   9.849835311079e-05
  -1.561160429118e-02  -8.938512576303e-05
   2.403927120043e-02   7.272020812616e-05
  -3.059978054790e-02  -4.992728167447e-05
   3.454603088395e-02   2.290331422174e-05
  -3.542758918993e-02   6.031053817479e-06
   3.341627185543e-02  -3.447229864413e-05
  -2.869131453231e-02   5.999544953351e-05
   2.139958880730e-02  -8.046818747701e-05
  -1.225965537601e-02   9.413128891586e-05
   2.246909166700e-03  -9.986578915352e-05
   7.981557142854e-03   9.716243446540e-05
  -1.768734354005e-02  -8.626373718884e-05
   2.581031301825e-02   6.807090786118e-05
  -3.164136956300e-02  -4.415394214229e-05
   3.494307471329e-02   1.649410986900e-05
  -3.534604774818e-02   1.254664496995e-05
   3.260283410770e-02  -4.054071765590e-05
  -2.712839485166e-02   6.509508903724e-05
   1.951805588739e-02  -8.417629615945e-05
  -1.017622099447e-02   9.614131246262e-05
  -1.443682163307e-04  -9.999704009814e-05
   1.031648603611e-02   9.540223517952e-05
  -1.955703169544e-02  -8.277246053187e-05
   2.731059431896e-02   6.313989837052e-05
  -3.274704082309e-02  -3.818979161064e-05
   3.526236278434e-02   1.000751586515e-05
  -3.487988516388e-02   1.900161192658e-05
   3.167874188763e-02  -4.642986616173e-05
  -2.567336438738e-02   6.992381388834e-05
   1.743016185063e-02  -8.752515221355e-05
  -7.878139630697e-03   9.773058804477e-05
  -2.339847577840e-03  -9.970272021853e-05
   1.252115982574e-02   9.324197746865e-05
  -2.157468215852e-02  -7.892177206972e-05
   2.867778113122e-02   5.793403268761e-05
  -3.348499834367e-02  -3.207123034806e-05
   3.554469877926e-02   3.480832683086e-06
  -3.444579990462e-02   2.538344221778e-05
   3.042953481668e-02  -5.211759486247e-05
  -2.400818908433e-02   7.444451272507e-05
   1.549833937761e-02  -9.050463029838e-05
  -5.546568086016e-03   9.890737512101e-05
  -4.754647910043e-03  -9.897393366219e-05
   1.457105229314e-02   9.068072603306e-05
  -2.331179121944e-02  -7.474305796031e-05
   3.010407499951e-02   5.247953311167e-05
  -3.419179559975e-02  -2.580793691607e-05
   3.544701701036e-02  -3.054669522385e-06
  -3.384952443166e-02   3.164955221058e-05
   2.928166980859e-02  -5.758949504200e-05
  -2.215437628288e-02   7.864917534263e-05
   1.330766118921e-02  -9.308764492077e-05
  -3.363083168908e-03   9.966189105756e-05
  -7.028653680204e-03  -9.783050389785e-05
   1.678222804484e-02   8.772726929680e-05
  -2.497486668859e-02  -7.023871656137e-05
   3.116830543355e-02   4.680894447496e-05
  -3.482600132719e-02  -1.943862757035e-05
   3.539612141457e-02  -9.585158294484e-06
  -3.294779514576e-02   3.777912172946e-05
   2.788135664215e-02  -6.280580520504e-05
  -2.042453033093e-02   8.252115712099e-05
   1.109450395482e-02  -9.527910988081e-05
  -9.309108732712e-04   9.998291339833e-05
  -9.207451378801e-03  -9.626515989894e-05
   1.871581575587e-02   8.440795854267e-05
  -2.668339703959e-02  -6.543480139167e-05
   3.223638051890e-02   4.093028555511e-05
  -3.509807027590e-02  -1.299083543483e-05
   3.515010716303e-02  -1.606674437958e-05
  -3.214047379748e-02   4.375322119635e-05
   2.630540937685e-02  -6.775704891235e-05
  -1.839474084455e-02   8.603116490006e-05
   8.980243224766e-03  -9.706262115451e-05
   1.355337454900e-03   9.988533595400e-05
  -1.155564899204e-02  -9.428516711341e-05
   2.062655278900e-02   8.072093556169e-05
  -2.804272504109e-02  -6.035846042882e-05
   3.321170913870e-02   3.488199138620e-05
  -3.543850994412e-02  -6.479895853449e-06
   3.461561575397e-02  -2.247954754403e-05
  -3.103468654261e-02   4.953058613329e-05
   2.482230431087e-02  -7.242118449699e-05
  -1.635951806545e-02   8.918073618165e-05
   6.593522640533e-03  -9.842477535015e-05
   3.605573448702e-03   9.935589679637e-05
  -1.363228119473e-02  -9.191095629551e-05
   2.257579644212e-02   7.669074913900e-05
  -2.945167240303e-02  -5.501595307299e-05
   3.384589779143e-02   2.868817594727e-05
  -3.554139868908e-02   4.984535825728e-08
   3.416659926823e-02  -2.880151215554e-05
  -2.978208061646e-02   5.510103461287e-05
   2.300888919478e-02  -7.676703012578e-05
  -1.436772824794e-02   9.194697384210e-05
   4.354365012269e-03  -9.937526011721e-05
   6.030579490820e-03   9.839990477729e-05
  -1.574560729798e-02  -8.913627499535e-05
   2.419720207703e-02   7.233915875100e-05
  -3.073699767531e-02  -4.944503923867e-05
   3.456287533485e-02   2.236458831636e-05
  -3.539201787830e-02   6.580873436138e-06
   3.339033147167e-02  -3.499061625866e-05
  -2.858330503480e-02   6.043690917246e-05
   2.120015037152e-02  -8.079271815544e-05
  -1.208720631546e-02   9.431492019334e-05
   2.090719815003e-03  -9.989508762425e-05
   8.198753272928e-03   9.703155041161e-05
  -1.788267789375e-02  -8.598407251676e-05
   2.590445383022e-02   6.767024950779e-05
  -3.171801404589e-02  -4.366482600514e-05
   3.501976492888e-02   1.595481608197e-05
  -3.531520466318e-02   1.308760232584e-05
   3.248685083297e-02  -4.103582479437e-05
  -2.702937850053e-02   6.550650144681e-05
   1.938476958588e-02  -8.446982984292e-05
  -9.953814753330e-03   9.628869816775e-05
  -3.484396359600e-04  -9.998757402745e-05
   1.045686982294e-02   9.524040214122e-05
  -1.972273170167e-02  -8.246955450083e-05
   2.747270979868e-02   6.271974137462e-05
  -3.279804115792e-02  -3.769180042411e-05
   3.525356363575e-02   9.474370949128e-06
  -3.488170033746e-02   1.952875528179e-05
   3.160526106110e-02  -4.690544438539e-05
  -2.549869607163e-02   7.030456205064e-05
   1.726952553860e-02  -8.778179644563e-05
  -7.734295937656e-03   9.784405864787e-05
  -2.550721135843e-03  -9.966024110730e-05
   1.272937526438e-02   9.304686950619e-05
  -2.168921947970e-02  -7.859478758500e-05
   2.877261245534e-02   5.750211059040e-05
  -3.358935473297e-02  -3.156765053775e-05
   3.554993397898e-02   2.950669705861e-06
  -3.435776235989e-02   2.589309463122e-05
   3.035377980357e-02  -5.256731844051e-05
  -2.390315036169e-02   7.479743672546e-05
   1.529523718071e-02  -9.072735579593e-05
  -5.343737099842e-03   9.898231112672e-05
  -4.897253227896e-03  -9.889868447103e-05
   1.474080588506e-02   9.045972121407e-05
  -2.349414092178e-02  -7.439283117292e-05
   3.018419735293e-02   5.203336663363e-05
  -3.420630013666e-02  -2.530475337687e-05
   3.547629581981e-02  -3.576202086588e-06
  -3.381327418002e-02   3.214480901379e-05
   2.913473923022e-02  -5.801316464288e-05
  -2.200751324110e-02   7.896796219112e-05
   1.317939929145e-02  -9.327763293769e-05
  -3.163876888737e-03   9.970409356780e-05
  -7.244476781508e-03  -9.772050014144e-05
   1.691217517869e-02   8.747863587734e-05
  -2.508197039970e-02  -6.987240688475e-05
   3.129650041546e-02   4.635244009019e-05
  -3.486820905881e-02  -1.893268549278e-05
   3.533724510669e-02  -1.009491180325e-05
  -3.289375144809e-02   3.825297046075e-05
   2.780499772310e-02  -6.320538265977e-05
  -2.024588170460e-02   8.280916616518e-05
   1.089824710465e-02  -9.543172567182e-05
  -7.901286277031e-04   9.999142422949e-05
  -9.375018455397e-03  -9.612744102165e-05
   1.891225685405e-02   8.413304450095e-05
  -2.679120232214e-02  -6.504937885827e-05
   3.227367424372e-02   4.046880831893e-05
  -3.515064982873e-02  -1.248862004818e-05
   3.514812415609e-02  -1.656731185817e-05
  -3.202419883293e-02   4.420619020290e-05
   2.617673680631e-02  -6.812595811680e-05
  -1.828495832860e-02   8.628826930085e-05
   8.797454983026e-03  -9.718358645506e-05
   1.572630934450e-03   9.985854582574e-05
  -1.169766475087e-02  -9.411704181021e-05
   2.074356726448e-02   8.042626841812e-05
  -2.818926595327e-02  -5.995865599098e-05
   3.328545969568e-02   3.441245860722e-05
  -3.540824449871e-02  -5.983598560144e-06
   3.458549373048e-02  -2.296352598985e-05
  -3.098881693337e-02   4.996348130316e-05
   2.467056595774e-02  -7.276296108702e-05
  -1.617359771925e-02   8.940249425089e-05
   6.458268783234e-03  -9.851199519345e-05
   3.766887357899e-03   9.930035045779e-05
  -1.383699640032e-02  -9.171443517046e-05
   2.270522530135e-02   7.637292047977e-05
  -2.950799605610e-02  -5.460612285146e-05
   3.392080125907e-02   2.821751519952e-05
  -3.557426830948e-02   5.420589416834e-07
   3.408133136218e-02  -2.926985526272e-05
  -2.967164687629e-02   5.550724274042e-05
   2.291960974716e-02  -7.708045957179e-05
  -1.420628489130e-02   9.213892604265e-05
   4.141174805505e-03  -9.942754791935e-05
   6.179707938930e-03   9.831210554575e-05
  -1.586722202337e-02  -8.891700383577e-05
   2.435800141974e-02   7.200337439444e-05
  -3.084129075931e-02  -4.902231453718e-05
   3.456007621373e-02   2.189432949357e-05
  -3.538231577924e-02   7.061320640744e-06
   3.337379630369e-02  -3.544325693131e-05
  -2.846272219983e-02   6.082022343744e-05
   2.102945335102e-02  -8.107355316779e-05
  -1.196044853189e-02   9.447383558969e-05
   1.940328632353e-03  -9.991836304221e-05
   8.405979424687e-03   9.691402173965e-05
  -1.803101370184e-02  -8.573831297236e-05
   2.597760150417e-02   6.732001838691e-05
  -3.180950261741e-02  -4.323660454385e-05
   3.508305782937e-02   1.548368403712e-05
  -3.526289113272e-02   1.355794233363e-05
   3.239817335665e-02  -4.146618233472e-05
  -2.696161397209e-02   6.586442364969e-05
   1.924707230304e-02  -8.472330976787e-05
  -9.749842703991e-03   9.641392422606e-05
  -5.008912796116e-04  -9.997760389082e-05
   1.057993353421e-02   9.509788035523e-05
  -1.989142106353e-02  -8.220306927980e-05
   2.760123300299e-02   6.235238467794e-05
  -3.282157366092e-02  -3.725857898872e-05
   3.526553082250e-02   9.010117612095e-06
  -3.489400914479e-02   1.998773192521e-05
   3.151556382475e-02  -4.731735944383e-05
  -2.534552603673e-02   7.063333622779e-05
   1.715461826996e-02  -8.800375448884e-05
  -7.598774511155e-03   9.794073872376e-05
  -2.754613779363e-03  -9.962008463959e-05
   1.289056391415e-02   9.287540528185e-05
  -2.177560007945e-02  -7.830992796681e-05
   2.887905990573e-02   5.712518717865e-05
  -3.368139634665e-02  -3.112901501688e-05
   3.552832586170e-02   2.491235887969e-06
  -3.428935062835e-02   2.633448264308e-05
   3.030866939667e-02  -5.295735350243e-05
  -2.379330876876e-02   7.510187354738e-05
   1.510530335857e-02  -9.091759180764e-05
  -5.191947606637e-03   9.904560260231e-05
  -5.017550153459e-03  -9.883200858721e-05
   1.491320922344e-02   9.026537004908e-05
  -2.364408331389e-02  -7.408730547310e-05
   3.023090840064e-02   5.164663814010e-05
  -3.423522102318e-02  -2.486830906712e-05
   3.551529532436e-02  -4.028755055988e-06
  -3.375756960289e-02   3.257251855977e-05
   2.900271216119e-02  -5.837793005351e-05
  -2.190564179021e-02   7.924295220918e-05
   1.306147567325e-02  -9.344047295863e-05
  -2.968549719643e-03   9.973752633005e-05
  -7.414709877461e-03  -9.762325824310e-05
   1.700847841249e-02   8.726274743159e-05
  -2.519709124606e-02  -6.955385017883e-05
   3.141219384284e-02   4.595608327256e-05
  -3.487824523102e-02  -1.849578515826e-05
   3.529120816308e-02  -1.053466472305e-05
  -3.287004262051e-02   3.866243496909e-05
   2.772294707907e-02  -6.354922039799e-05
  -2.007409713849e-02   8.305515468956e-05
