   0.000000000000e+00   4.000000000000e-04
  -6.900235917116e-02  -3.479467140358e-04
   1.207493433695e-01   2.086058549688e-04
  -1.422288144522e-01  -1.744831935547e-05
   1.281305993832e-01  -1.782924168293e-04
  -8.201001005743e-02   3.293360523882e-04
   1.530478540818e-02  -3.982104770930e-04
   5.522255804806e-02   3.671167516564e-04
  -1.118813527023e-01  -2.443208942020e-04
   1.405770879590e-01   6.033404168112e-05
  -1.341145267209e-01   1.384263799817e-04
   9.407448822840e-02  -3.029306245562e-04
  -3.054057094519e-02   3.915417913719e-04
  -4.066173292284e-02  -3.822893956417e-04
   1.016984063416e-01   2.771524405992e-04
  -1.372496527248e-01  -1.030521884138e-04
   1.385000013072e-01  -9.693653066076e-05
  -1.051704054000e-01   2.725497529075e-04
   4.548068178689e-02  -3.803599355571e-04
   2.556001967847e-02   3.928058225798e-04
  -9.018490255190e-02  -3.071216351972e-04
   1.322792188079e-01   1.445490376111e-04
  -1.413051034285e-01   5.376566967557e-05
   1.149981979265e-01  -2.389415812518e-04
  -6.000661682999e-02   3.643319942360e-04
  -1.003548763171e-02  -3.988332270528e-04
   7.756323961882e-02   3.333504254923e-04
  -1.256596857285e-01  -1.848229513140e-04
   1.423733726585e-01  -9.943443105007e-06
  -1.235683016609e-01   2.019884254576e-04
   7.383738209423e-02  -3.439611529395e-04
  -5.697757126380e-03   3.998326019685e-04
  -6.387001989183e-02  -3.558780354814e-04
   1.174855205647e-01   2.228381156437e-04
  -1.417403267008e-01  -3.454113821106e-05
   1.305914464247e-01  -1.625751153531e-04
  -8.690445349713e-02   3.190146262778e-04
   2.145062694816e-02  -3.960716607228e-04
   4.934235122530e-02   3.739306224721e-04
  -1.077793997419e-01  -2.585751928411e-04
   1.393123475138e-01   7.860480353259e-05
  -1.361108715425e-01   1.206478973231e-04
   9.889237177448e-02  -2.901480823130e-04
  -3.704693553438e-02   3.871347533884e-04
  -3.407809700327e-02  -3.875970922623e-04
   9.668942962313e-02   2.910550599197e-04
  -1.351441102931e-01  -1.222192018508e-04
   1.398711146679e-01  -7.720912973965e-05
  -1.097807288594e-01   2.572194773616e-04
   5.223532230827e-02  -3.734216922649e-04
   1.831240568629e-02   3.962277126688e-04
  -8.427741952861e-02  -3.202619841095e-04
   1.292115500344e-01   1.642880786586e-04
  -1.419431418536e-01   3.226171787006e-05
   1.192446262561e-01  -2.210397475577e-04
  -6.688437321065e-02   3.546368893658e-04
  -2.207189993151e-03  -3.999974493562e-04
   7.073280182546e-02   3.453090193907e-04
  -1.215928582700e-01  -2.047551464376e-04
   1.421260991388e-01   1.310536898179e-05
  -1.273065036593e-01   1.815473387692e-04
   8.069774145583e-02  -3.313364422356e-04
  -1.401869340784e-02   3.983919454826e-04
  -5.616486555163e-02  -3.662138759782e-04
   1.123338912560e-01   2.425547409915e-04
  -1.405151895187e-01  -5.884044059144e-05
   1.336596366201e-01  -1.396970699673e-04
  -9.359018626236e-02   3.033363648384e-04
   3.014474619851e-02  -3.917091645712e-04
   4.078989184392e-02   3.822108822391e-04
  -1.015423164732e-01  -2.776212379444e-04
   1.369799906937e-01   1.038082762605e-04
  -1.383623097517e-01   9.549782100589e-05
   1.052450157892e-01  -2.713614690371e-04
  -4.597850611469e-02   3.795725834100e-04
  -2.476827180649e-02  -3.933881915571e-04
   8.932842994385e-02   3.089622711042e-04
  -1.316388646777e-01  -1.479191988928e-04
   1.411530517190e-01  -5.002279636813e-05
  -1.156197330622e-01   2.353278976047e-04
   6.125547301172e-02  -3.624353579225e-04
   8.328841351841e-03   3.991216891336e-04
  -7.583505897251e-02  -3.365304002161e-04
   1.244410719927e-01   1.900381740854e-04
  -1.421191915968e-01   3.341307826107e-06
   1.244068257200e-01  -1.961268119677e-04
  -7.581441420567e-02   3.400535270631e-04
   8.320405526533e-03  -3.996106195264e-04
   6.122695106324e-02   3.594446019766e-04
  -1.155294652131e-01  -2.300542474732e-04
   1.410678598097e-01   4.339301480296e-05
  -1.315999127099e-01   1.537618999299e-04
   8.936994971617e-02  -3.130574695593e-04
  -2.495003081008e-02   3.943825993486e-04
  -4.568506867365e-02  -3.777120180686e-04
   1.049349828094e-01   2.668810835408e-04
  -1.381105898201e-01  -9.006199873040e-05
   1.369315944342e-01  -1.092722940077e-04
  -1.017917709525e-01   2.813248471058e-04
   4.131650879270e-02  -3.837869322996e-04
   2.941605677729e-02   3.905929108901e-04
  -9.282775178534e-02  -3.004116964025e-04
   1.331399163092e-01   1.354789400854e-04
  -1.404240939455e-01   6.273649952731e-05
   1.128030789852e-01  -2.456706557784e-04
  -5.719791535451e-02   3.675031340534e-04
  -1.263682886220e-02  -3.981917968097e-04
   7.931544630311e-02   3.296546721278e-04
  -1.262898143992e-01  -1.794927361052e-04
   1.418784642494e-01  -1.530798015583e-05
  -1.223004274654e-01   2.060800256994e-04
   7.233583140936e-02  -3.460616698835e-04
  -4.417084734336e-03   3.999295654692e-04
  -6.459791334760e-02  -3.545420079425e-04
   1.175464923092e-01   2.209362904675e-04
  -1.413396679905e-01  -3.287337847544e-05
   1.300477959874e-01  -1.635426639083e-04
  -8.651973868658e-02   3.192856644397e-04
   2.150199328261e-02  -3.960524167835e-04
   4.884890597230e-02   3.742168613956e-04
  -1.070678103063e-01  -2.596490205874e-04
   1.386990333486e-01   8.058614413129e-05
  -1.359632087040e-01   1.181357898245e-04
   9.950378018836e-02  -2.879041735628e-04
  -3.836517295081e-02   3.861495169367e-04
  -3.229785638804e-02  -3.886938165017e-04
   9.493252724205e-02   2.945367360037e-04
  -1.340221696800e-01  -1.276453728482e-04
   1.398818348816e-01  -7.099617281539e-05
  -1.110894482133e-01   2.518697510255e-04
   5.475292241527e-02  -3.706480189963e-04
   1.517005394995e-02   3.972800395187e-04
  -8.132604065482e-02  -3.254627000342e-04
   1.273027776865e-01   1.728168473995e-04
  -1.417394186745e-01   2.227715150542e-05
   1.210743197719e-01  -2.121095521626e-04
  -7.040474431078e-02   3.493019492811e-04
   2.280321697051e-03  -4.001208777340e-04
   6.640953241513e-02   3.514545962028e-04
  -1.186299106328e-01  -2.158930174005e-04
   1.414662159025e-01   2.678108060449e-05
  -1.292713541650e-01   1.686882334258e-04
   8.508023648805e-02  -3.227466953087e-04
  -1.979285615394e-02   3.967043169792e-04
  -5.039983091572e-02  -3.724429386924e-04
   1.081000708940e-01   2.556859860868e-04
  -1.390163442637e-01  -7.596681325424e-05
   1.355512497542e-01  -1.227107663508e-04
  -9.851845098607e-02   2.908888721106e-04
   3.709951084486e-02  -3.873527220374e-04
   3.352295428592e-02   3.876172455991e-04
  -9.583313091181e-02  -2.919973361757e-04
   1.344284348775e-01   1.239924902373e-04
  -1.397396186966e-01   7.433527247817e-05
   1.105194005763e-01  -2.545815669809e-04
  -5.392131360740e-02   3.717384822458e-04
  -1.602879896679e-02  -3.970259338396e-04
   8.201686186397e-02   3.237430558145e-04
  -1.276817772932e-01  -1.706104124539e-04
   1.418037805046e-01  -2.480518575251e-05
  -1.208282336641e-01   2.138659688817e-04
   6.999334938255e-02  -3.503975545340e-04
  -1.814423771870e-03   4.000475778821e-04
  -6.681205081320e-02  -3.507764326834e-04
   1.189233914309e-01   2.145492182706e-04
  -1.415877264394e-01  -2.564782100052e-05
   1.293122432434e-01  -1.698010253382e-04
  -8.503380858316e-02   3.231784930832e-04
   1.972676195363e-02  -3.969004287128e-04
   5.047571572310e-02   3.721678229431e-04
  -1.081706988667e-01  -2.555558254197e-04
   1.391682803742e-01   7.569725207640e-05
  -1.357305523959e-01   1.225415860577e-04
   9.880249196676e-02  -2.908504342259e-04
  -3.742272603281e-02   3.871645675612e-04
  -3.321923910605e-02  -3.878741955847e-04
   9.566521858290e-02   2.924402971760e-04
  -1.344198691136e-01  -1.250611538715e-04
   1.400397373218e-01  -7.331875229111e-05
  -1.110295246695e-01   2.534210343598e-04
   5.460158076694e-02  -3.712731175842e-04
   1.533943210780e-02   3.971586888073e-04
  -8.147955330434e-02  -3.249856961628e-04
   1.275281907008e-01   1.723966046896e-04
  -1.420242679991e-01   2.237855187151e-05
   1.215227811466e-01  -2.118900005356e-04
  -7.098511396683e-02   3.490055457742e-04
   2.896227082584e-03  -4.001382870396e-04
   6.592363091882e-02   3.521441307032e-04
  -1.184163872218e-01  -2.174015637396e-04
   1.417429674772e-01   2.892904173234e-05
  -1.300388173882e-01   1.664017396533e-04
   8.626764870061e-02  -3.210394279411e-04
  -2.118386520116e-02   3.962916895692e-04
  -4.914236697786e-02  -3.737873046598e-04
   1.073642828085e-01   2.587884553459e-04
  -1.390218044845e-01  -8.029183973679e-05
   1.364550760672e-01  -1.181596831658e-04
  -1.002004490611e-01   2.873393401440e-04
   3.920210277880e-02  -3.859484606621e-04
   3.147969633514e-02   3.890592728681e-04
  -9.436572270224e-02  -2.962758519479e-04
   1.340230329503e-01   1.303093074089e-04
  -1.405697568317e-01   6.741988510650e-05
   1.124941591663e-01  -2.488344913499e-04
  -5.667155448404e-02   3.688087173618e-04
  -1.316480432478e-02  -3.979800750139e-04
   7.976781480449e-02   3.287015820359e-04
  -1.266345689587e-01  -1.786338246836e-04
   1.423459204069e-01  -1.553971158911e-05
  -1.229482643618e-01   2.056518973977e-04
   7.322916506168e-02  -3.454538570086e-04
  -5.461613205615e-03   3.999197894617e-04
  -6.365598722976e-02  -3.558575135844e-04
   1.171109389857e-01   2.238913701359e-04
  -1.416399033855e-01  -3.714065474457e-05
   1.313139575957e-01  -1.589534699222e-04
  -8.864646848850e-02   3.157957122700e-04
   2.408460592619e-02  -3.951059871222e-04
   4.641016926810e-02   3.767680757857e-04
  -1.054239783143e-01  -2.657393664052e-04
   1.385083235121e-01   8.917846053222e-05
  -1.374540049977e-01   1.090011915476e-04
   1.025414589071e-01  -2.806848772239e-04
  -4.240082910115e-02   3.831500645050e-04
  -2.822086227962e-02  -3.913607740269e-04
   9.189891646513e-02   3.029087941676e-04
  -1.328828492128e-01  -1.401816890809e-04
   1.411841332038e-01  -5.714472940386e-05
  -1.147553170564e-01   2.402232051589e-04
   6.002248030021e-02  -3.645356821185e-04
   9.464844681985e-03   3.988924623802e-04
  -7.661006194756e-02  -3.351151166651e-04
   1.249123910427e-01   1.887032324176e-04
  -1.424420407444e-01   3.750439325431e-06
   1.249185999687e-01  -1.955204139787e-04
  -7.670937100418e-02   3.391120349326e-04
   9.562466514009e-03  -3.994914144809e-04
   5.992549293674e-02   3.612662425696e-04
  -1.146196314553e-01  -2.343404258771e-04
   1.411284050769e-01   4.971164138387e-05
  -1.329523664785e-01   1.468390005628e-04
   9.202948625472e-02  -3.076466725053e-04
  -2.851849676670e-02   3.926726525183e-04
  -4.203095344274e-02  -3.812003613761e-04
   1.022360451267e-01   2.757275684045e-04
  -1.372643302426e-01  -1.028056888290e-04
   1.385362947770e-01  -9.550894687066e-05
  -1.058201861894e-01   2.702071871508e-04
   4.702112072656e-02  -3.788227074213e-04
   2.330866113739e-02   3.940598679670e-04
  -8.788573673459e-02  -3.125051562826e-04
   1.308494802453e-01   1.540249252897e-04
  -1.416740638830e-01   4.191939850068e-05
   1.176475552488e-01  -2.278445920087e-04
  -6.478299362234e-02   3.577187848889e-04
  -4.049380768174e-03  -3.998762489647e-04
   7.186688063302e-02   3.434707354338e-04
  -1.219933221609e-01  -2.029070222262e-04
   1.421308780731e-01   1.244431715054e-05
  -1.274293077692e-01   1.808142995702e-04
   8.137244018287e-02  -3.300440256535e-04
  -1.537474838197e-02   3.980632100014e-04
  -5.440560961366e-02  -3.683749978111e-04
   1.108002707960e-01   2.480003336974e-04
  -1.399905639321e-01  -6.710479992073e-05
   1.347801449190e-01  -1.304190614461e-04
  -9.656604432968e-02   2.958220452941e-04
   3.459317292428e-02  -3.889115667095e-04
   3.584800950391e-02   3.862477633901e-04
  -9.746844459102e-02  -2.888713416568e-04
   1.351342792025e-01   1.205064097444e-04
  -1.396921895107e-01   7.706470985460e-05
   1.099351446722e-01  -2.560423392507e-04
  -5.325986842506e-02   3.721190394883e-04
  -1.650913126829e-02  -3.970255658357e-04
   8.220369431557e-02   3.242144693058e-04
  -1.277209760397e-01  -1.721292115389e-04
   1.418793942947e-01  -2.224432925659e-05
  -1.213180224947e-01   2.109441307626e-04
   7.096798907878e-02  -3.482845683598e-04
  -3.235667901746e-03   4.000188257986e-04
  -6.528665311672e-02  -3.536945305407e-04
   1.177667370861e-01   2.204442802591e-04
  -1.413986195310e-01  -3.352823697237e-05
   1.303491595330e-01  -1.617993803741e-04
  -8.740473248084e-02   3.173791372596e-04
   2.301092495327e-02  -3.954239968996e-04
   4.701241009765e-02   3.762322307978e-04
  -1.055001424660e-01  -2.649466269589e-04
   1.381045553292e-01   8.865515460085e-05
  -1.369202703741e-01   1.090225443122e-04
   1.021834463643e-01  -2.803298751732e-04
  -4.242862027917e-02   3.828545726221e-04
  -2.772987060387e-02  -3.916710585422e-04
   9.107555716909e-02   3.042334710720e-04
  -1.321110174868e-01  -1.425637212950e-04
   1.407858956371e-01  -5.411078928619e-05
  -1.150254414899e-01   2.373512835234e-04
   6.109499632640e-02  -3.628257499969e-04
   7.803239415100e-03   3.992182344802e-04
  -7.478595298617e-02  -3.378868687492e-04
   1.234372054564e-01   1.936529467202e-04
  -1.418838758211e-01  -2.392664944272e-06
   1.256243700953e-01  -1.896828811899e-04
  -7.862397929638e-02   3.352498641035e-04
   1.237334843915e-02  -3.989773822030e-04
   5.690975065673e-02   3.647214707298e-04
  -1.122522297563e-01  -2.413513688042e-04
   1.401310811008e-01   5.885115614493e-05
  -1.337358299684e-01   1.377402207445e-04
   9.465370227534e-02  -3.009909846702e-04
  -3.239319412472e-02   3.904755618605e-04
  -3.779846813464e-02  -3.844909715168e-04
   9.873994787037e-02   2.841624971571e-04
  -1.355118118980e-01  -1.146455895431e-04
   1.391860454688e-01  -8.302228045355e-05
  -1.088146566335e-01   2.602331110689e-04
   5.184775668853e-02  -3.741446945735e-04
   1.782358180524e-02   3.963000621991e-04
  -8.313034059100e-02  -3.215908006472e-04
   1.281235492377e-01   1.681057841300e-04
  -1.417707579922e-01   2.609549499661e-05
   1.208267877739e-01  -2.141813260991e-04
  -7.031930899926e-02   3.498354701810e-04
   2.613460833720e-03  -4.001621542776e-04
   6.574684598327e-02   3.523467107616e-04
  -1.180086821387e-01  -2.185997574186e-04
   1.414824429049e-01   3.136747751391e-05
  -1.303549171684e-01   1.632478769971e-04
   8.742057296429e-02  -3.183477749561e-04
  -2.309214051200e-02   3.955171389548e-04
  -4.689027192052e-02  -3.760990412722e-04
   1.054348689115e-01   2.645396302720e-04
  -1.381731493265e-01  -8.870598508333e-05
   1.372414176481e-01  -1.089301800944e-04
  -1.027573494049e-01   2.798328281385e-04
   4.317517041367e-02  -3.827148995358e-04
   2.697691500416e-02   3.918505220631e-04
  -9.052404208258e-02  -3.053578800546e-04
   1.320096237333e-01   1.441840302864e-04
  -1.412090230240e-01   5.181539260449e-05
   1.159998812869e-01  -2.354582850222e-04
  -6.244382305645e-02   3.615436064735e-04
  -6.386335661978e-03  -3.995284200514e-04
   7.367641551716e-02   3.396625231459e-04
  -1.229269362199e-01  -1.971129396648e-04
   1.422465848296e-01   6.392607616593e-06
  -1.268131876262e-01   1.856325675365e-04
   8.044679068892e-02  -3.327383492486e-04
  -1.443221719883e-02   3.984854076168e-04
  -5.511759454509e-02  -3.670426382597e-04
   1.112471902176e-01   2.458172772987e-04
  -1.401644015047e-01  -6.499234533030e-05
   1.349573959499e-01  -1.318466247770e-04
  -9.681732849265e-02   2.964176667045e-04
   3.502271412442e-02  -3.889920919767e-04
   3.532347370136e-02   3.864003357653e-04
  -9.702015455812e-02  -2.896607795271e-04
   1.351018995490e-01   1.221880393779e-04
  -1.401911453323e-01   7.470985886779e-05
   1.111205685422e-01  -2.537092357003e-04
  -5.496446951571e-02   3.707741411890e-04
  -1.463884106270e-02  -3.975813186377e-04
   8.068260056841e-02   3.271530392655e-04
  -1.269890496466e-01  -1.772339513679e-04
   1.423893704744e-01  -1.595076430897e-05
  -1.230841939830e-01   2.050192959831e-04
   7.374469556512e-02  -3.445032023803e-04
  -6.448196516411e-03   3.998519633724e-04
  -6.242486017605e-02  -3.578065444765e-04
   1.161013517365e-01   2.283739616354e-04
  -1.414342363553e-01  -4.368530289928e-05
   1.323277784517e-01  -1.518281183034e-04
  -9.102269299969e-02   3.102656755898e-04
   2.747871663607e-02  -3.934076969731e-04
   4.274624741462e-02   3.804264678269e-04
  -1.025153727403e-01  -2.749025386326e-04
   1.373310025336e-01   1.023506021564e-04
  -1.387030223044e-01   9.477034740591e-05
   1.062694508994e-01  -2.691494913378e-04
  -4.800850681067e-02   3.779121764432e-04
  -2.198472124507e-02  -3.947805010120e-04
   8.661503049183e-02   3.152378778104e-04
  -1.301067101981e-01  -1.592388371647e-04
   1.419259990879e-01  -3.559374502662e-05
  -1.192571982849e-01   2.215597726731e-04
   6.749819758857e-02  -3.539775451487e-04
   6.510974386678e-04   4.000515670882e-04
  -6.863524398006e-02  -3.488162181423e-04
   1.199025118864e-01   2.125215424879e-04
  -1.419870805309e-01  -2.490896993592e-05
   1.294995268538e-01  -1.689657314278e-04
  -8.558531760398e-02   3.216580029316e-04
   2.079129670591e-02  -3.963643907188e-04
   4.903501779130e-02   3.743521631337e-04
  -1.068986729156e-01  -2.614213202422e-04
   1.387390685481e-01   8.484397115188e-05
  -1.368936616275e-01   1.120283356415e-04
   1.017127026717e-01  -2.820059364813e-04
  -4.185946299073e-02   3.833221862032e-04
  -2.819520057861e-02  -3.915374675250e-04
   9.136794359017e-02   3.042730442840e-04
  -1.323117727475e-01  -1.433416823483e-04
   1.410638720648e-01  -5.251409180457e-05
  -1.156151847558e-01   2.354244879082e-04
   6.201956307325e-02  -3.614833647395e-04
   6.617637067048e-03   3.994766327924e-04
  -7.363543999124e-02  -3.404361441791e-04
   1.227253088927e-01   1.985071389520e-04
  -1.420278350304e-01  -8.736639210030e-06
   1.268002434552e-01  -1.833765227292e-04
  -8.083904484105e-02   3.308700029408e-04
   1.521159470892e-02  -3.982279391395e-04
   5.409119895834e-02   3.685418333301e-04
  -1.102390829864e-01  -2.494902611554e-04
   1.395836409892e-01   6.978438194915e-05
  -1.350977658227e-01   1.265473813646e-04
   9.779424449681e-02  -2.925060092600e-04
  -3.677544706785e-02   3.873375720836e-04
  -3.317859864655e-02  -3.882080209838e-04
   9.505299624646e-02   2.945481089982e-04
  -1.338573040935e-01  -1.296975854569e-04
   1.401648594895e-01  -6.672737418455e-05
  -1.125116896198e-01   2.467912223507e-04
   5.754795310617e-02  -3.673165032074e-04
   1.137989455263e-02   3.984668535985e-04
  -7.753954371088e-02  -3.329650701009e-04
   1.248628568962e-01   1.865153111475e-04
  -1.419176245100e-01   4.801277558248e-06
   1.245682677311e-01  -1.951899555379e-04
  -7.702080973351e-02   3.381567301649e-04
   1.078611910357e-02  -3.993147815100e-04
   5.806579650222e-02   3.632942287216e-04
  -1.128247455441e-01  -2.393181495680e-04
   1.402294744881e-01   5.724106708966e-05
  -1.336535058156e-01   1.384095739405e-04
   9.470662916756e-02  -3.008611528909e-04
  -3.278160990910e-02   3.902462364354e-04
  -3.709707208769e-02  -3.850839682196e-04
   9.798058909331e-02   2.862865370786e-04
  -1.351002825899e-01  -1.184106313837e-04
   1.395238406253e-01  -7.827155169016e-05
  -1.101307459574e-01   2.558276560396e-04
   5.406595256882e-02  -3.717309632732e-04
   1.512712203203e-02   3.972995922271e-04
  -8.065136268458e-02  -3.266352061462e-04
   1.266499652295e-01   1.766772256032e-04
  -1.419425541739e-01   1.570222795471e-05
   1.229196636956e-01  -2.045291627051e-04
  -7.409360528022e-02   3.437360840718e-04
   7.309273216223e-03  -3.998818355596e-04
   6.126535538087e-02   3.588417726923e-04
  -1.149743884843e-01  -2.310576900201e-04
   1.408939554974e-01   4.725277246706e-05
  -1.326637565431e-01   1.476965481731e-04
   9.235871639566e-02  -3.072497681783e-04
  -2.965637938876e-02   3.922798160747e-04
  -4.024456530475e-02  -3.823920345997e-04
   1.004243713966e-01   2.796551379432e-04
  -1.362403291622e-01  -1.095498323859e-04
   1.391599233410e-01  -8.718757466782e-05
  -1.083643286609e-01   2.626738767923e-04
   5.133826712577e-02  -3.749287100956e-04
   1.813904115912e-02   3.961892796328e-04
  -8.321693253359e-02  -3.216210767643e-04
   1.282005504376e-01   1.690874360284e-04
  -1.421041267988e-01   2.397236521505e-05
   1.216915644232e-01  -2.114945819429e-04
  -7.181557767797e-02   3.477786508336e-04
   4.526675402081e-03  -4.001263332203e-04
   6.387580430860e-02   3.553603196124e-04
  -1.167739846968e-01  -2.248215264613e-04
   1.414916547588e-01   3.984609154626e-05
  -1.319508617878e-01   1.544733367210e-04
   9.050796914621e-02  -3.118089279000e-04
  -2.717041212505e-02   3.936141963632e-04
  -4.276433810688e-02  -3.803033340934e-04
   1.023803064426e-01   2.747800102207e-04
  -1.371701246471e-01  -1.031667007449e-04
   1.388532286831e-01  -9.350579614158e-05
  -1.069692955135e-01   2.674346481905e-04
   4.918022939727e-02  -3.770614845604e-04
   2.049470384224e-02   3.952974050230e-04
  -8.519414415438e-02  -3.180545170988e-04
   1.293317559654e-01   1.638193845011e-04
  -1.421693043977e-01   2.961372862927e-05
   1.206629343199e-01  -2.161592338534e-04
  -7.003039779359e-02   3.504102835617e-04
   2.418060515247e-03  -4.001957511240e-04
   6.577444626713e-02   3.529832301805e-04
  -1.180166356384e-01  -2.206965478011e-04
   1.417718930263e-01   3.504460428296e-05
  -1.312961283757e-01   1.587845232039e-04
   8.906511028167e-02  -3.146387736416e-04
  -2.536096159733e-02   3.943795782642e-04
  -4.448928817201e-02  -3.789462038812e-04
   1.035898241227e-01   2.717578222608e-04
  -1.376292265013e-01  -9.930319610765e-05
   1.384351480059e-01  -9.724575481151e-05
  -1.058819091448e-01   2.701845545541e-04
   4.769979196246e-02  -3.782406662107e-04
   2.196680035215e-02   3.947437665193e-04
  -8.630427076940e-02  -3.160342232056e-04
   1.297966881054e-01   1.609290226589e-04
  -1.419742993615e-01   3.262514093422e-05
   1.198559770239e-01  -2.185756436111e-04
  -6.888937836225e-02   3.517218119915e-04
   1.252314830484e-03  -4.001972381831e-04
   6.666145005770e-02   3.518073358992e-04
  -1.184542964308e-01  -2.187458427294e-04
   1.416466677093e-01   3.286432915004e-05
  -1.307418888777e-01   1.606619190822e-04
   8.825331921675e-02  -3.158114277168e-04
  -2.453152588960e-02   3.946680123836e-04
  -4.511351083599e-02  -3.784097980221e-04
   1.038483457945e-01   2.706534065342e-04
  -1.375396428001e-01  -9.798585169517e-05
   1.380419217266e-01  -9.842497838995e-05
  -1.053521462236e-01   2.709766676100e-04
   4.722538460348e-02  -3.785422066446e-04
   2.225796852116e-02   3.946065343043e-04
  -8.635796525812e-02  -3.156213265979e-04
   1.296086536360e-01   1.604459858802e-04
  -1.416710327594e-01   3.301174739492e-05
   1.195779186929e-01  -2.187827118098e-04
  -6.873126679392e-02   3.517721962799e-04
   1.306834459859e-03  -4.001947916676e-04
   6.641185642647e-02   3.518848641140e-04
  -1.181196736704e-01  -2.189985796662e-04
   1.413535309107e-01   3.330428656113e-05
  -1.306075584739e-01   1.601312012906e-04
   8.840477328578e-02  -3.153707478402e-04
  -2.492891498411e-02   3.945276866266e-04
  -4.455058034999e-02  -3.787339991398e-04
   1.032799345497e-01   2.714880141474e-04
  -1.371524134072e-01  -9.921580814767e-05
   1.380191840303e-01  -9.706264785529e-05
  -1.057040944688e-01   2.698409200479e-04
   4.794890580014e-02  -3.779978790397e-04
   2.135346218224e-02   3.949097711845e-04
  -8.551004749429e-02  -3.168267891636e-04
   1.290793580730e-01   1.623652179346e-04
  -1.416061136306e-01   3.078842682776e-05
   1.201045625883e-01  -2.168001902661e-04
  -6.970615478415e-02   3.505778822855e-04
   2.533330854718e-03  -4.001953501768e-04
   6.525620098194e-02   3.532108116613e-04
  -1.173356606111e-01  -2.214416164721e-04
   1.412232840703e-01   3.634702291315e-05
  -1.311492470672e-01   1.572054782002e-04
   8.957935938598e-02  -3.133191404541e-04
  -2.643929650156e-02   3.939481057522e-04
  -4.306882226344e-02  -3.798969467729e-04
   1.022320003732e-01   2.742338644224e-04
  -1.367894301305e-01  -1.029698076520e-04
   1.385330442175e-01  -9.316936850403e-05
  -1.069543473665e-01   2.667700452915e-04
   4.967752194743e-02  -3.765803504257e-04
   1.957112436456e-02   3.956124421988e-04
  -8.411145859847e-02  -3.196068887403e-04
   1.284724749602e-01   1.666523141405e-04
  -1.419187600817e-01   2.596897138274e-05
   1.213386735938e-01  -2.126133352162e-04
  -7.157066612855e-02   3.480982662434e-04
   4.581604872568e-03  -4.001395462274e-04
   6.353254426468e-02   3.557222070760e-04
  -1.163446511799e-01  -2.260257661559e-04
   1.412762858818e-01   4.197233006412e-05
  -1.322307624563e-01   1.518698832129e-04
   9.145745841151e-02  -3.096048665112e-04
  -2.869134125178e-02   3.928533427911e-04
  -4.099179126694e-02  -3.818164505041e-04
   1.008582549184e-01   2.788243651737e-04
  -1.364382598686e-01  -1.092143076090e-04
   1.393325476549e-01  -8.673243562046e-05
  -1.087504614401e-01   2.617081916535e-04
   5.203118241994e-02  -3.742000367218e-04
   1.719349881638e-02   3.966137026322e-04
  -8.227773298097e-02  -3.238748282989e-04
   1.276513497725e-01   1.732588936926e-04
  -1.423257789421e-01   1.855189986430e-05
   1.228787286622e-01  -2.061655790700e-04
  -7.394656442560e-02   3.442354615235e-04
   7.212716550939e-03  -3.999102593147e-04
   6.125831790756e-02   3.593125874657e-04
  -1.149722664968e-01  -2.326813561669e-04
   1.411412376640e-01   5.016854488184e-05
  -1.334341731188e-01   1.440760405386e-04
   9.369293224188e-02  -3.041269775650e-04
  -3.149947768157e-02   3.911139342259e-04
  -3.828034106704e-02  -3.843660393788e-04
   9.888178980762e-02   2.851690460685e-04
  -1.357045643159e-01  -1.179157959305e-04
   1.399993733852e-01  -7.771612494626e-05
  -1.107623823566e-01   2.545586185834e-04
   5.490163772865e-02  -3.707206871244e-04
   1.409667694874e-02   3.977704140527e-04
  -7.969473940057e-02  -3.295154199448e-04
   1.261832308123e-01   1.821282619487e-04
  -1.424079596274e-01   8.522673608272e-06
   1.244751443730e-01  -1.973719308664e-04
  -7.677588765126e-02   3.388522778645e-04
   1.061827593036e-02  -3.993511200364e-04
   5.805974672297e-02   3.638444700728e-04
  -1.127785874016e-01  -2.413224396121e-04
   1.404566623882e-01   6.092385678707e-05
  -1.345338024251e-01   1.337577088617e-04
   9.633075121966e-02  -2.967561648409e-04
  -3.511056309577e-02   3.885655245237e-04
  -3.453727191698e-02  -3.873862189221e-04
   9.588358019454e-02   2.931523361358e-04
  -1.342444664337e-01  -1.290301777199e-04
   1.404284327681e-01  -6.608212885468e-05
  -1.130731942268e-01   2.452059122776e-04
   5.859609077785e-02  -3.659774252650e-04
   9.874509724665e-03   3.989053488636e-04
  -7.596404045802e-02  -3.363818021589e-04
   1.238320675280e-01   1.931791069951e-04
  -1.420905848659e-01  -4.124265185970e-06
   1.263175017308e-01  -1.861419377116e-04
  -8.038700704660e-02   3.317895143116e-04
   1.519450679328e-02  -3.982721000552e-04
   5.361083149911e-02   3.691411701560e-04
  -1.095697102146e-01  -2.518287511910e-04
   1.392847147207e-01   7.420181527870e-05
  -1.357440395267e-01   1.208542107024e-04
   9.972664707667e-02  -2.873491508230e-04
  -3.988645423208e-02   3.850115362643e-04
  -2.949747812926e-02  -3.906738066718e-04
   9.180386883281e-02   3.026120654728e-04
  -1.321585071396e-01  -1.424775534316e-04
   1.409143464651e-01  -5.181071056901e-05
  -1.160317529801e-01   2.335292256007e-04
   6.341514843623e-02  -3.597754937854e-04
   4.364029588368e-03   3.997933743467e-04
  -7.109577636202e-02  -3.442729500276e-04
   1.208198905729e-01   2.062811637509e-04
  -1.416827123889e-01  -1.936479983757e-05
   1.287265459996e-01  -1.723877173262e-04
  -8.502040724244e-02   3.228626355138e-04
   2.099905591561e-02  -3.964335171909e-04
   4.805141390179e-02   3.749639903266e-04
  -1.056121560451e-01  -2.640220438196e-04
   1.379626482367e-01   8.992598712646e-05
  -1.373610303424e-01   1.053171200505e-04
   1.040033056974e-01  -2.757409421436e-04
  -4.577964608061e-02   3.802063224858e-04
  -2.339067652204e-02  -3.939598009410e-04
   8.698814540327e-02   3.133200859490e-04
  -1.297883171957e-01  -1.581285218072e-04
   1.416625236922e-01  -3.490081646249e-05
  -1.196937328311e-01   2.193935049454e-04
   6.917463469528e-02  -3.518727173338e-04
  -2.105706530861e-03   4.001420520079e-04
  -6.547455345045e-02  -3.529170669048e-04
   1.174549263565e-01   2.212489844504e-04
  -1.413548920194e-01  -3.714665387752e-05
   1.315995459146e-01  -1.560117040541e-04
  -9.040506405842e-02   3.118454136706e-04
   2.761624707861e-02  -3.935299736759e-04
   4.179090221599e-02   3.810023478897e-04
  -1.012020067462e-01  -2.776630573720e-04
   1.365232348798e-01   1.079878379788e-04
  -1.392212423740e-01   8.709772598275e-05
   1.087539917953e-01  -2.617304864354e-04
  -5.231781722827e-02   3.738438851576e-04
  -1.663877114219e-02  -3.969048456995e-04
   8.164988392453e-02   3.249872241219e-04
  -1.271236489112e-01  -1.758141866115e-04
   1.423470327453e-01  -1.535644579586e-05
  -1.235945130313e-01   2.026375015642e-04
   7.535319637059e-02  -3.419746476457e-04
  -9.134774153302e-03   3.995946371461e-04
  -5.927482315830e-02  -3.619812617941e-04
   1.135776958833e-01   2.378565018469e-04
  -1.407333376439e-01  -5.740296626258e-05
   1.343801176460e-01  -1.368999388266e-04
  -9.600359032068e-02   2.984704290197e-04
   3.468271930015e-02  -3.892008066125e-04
   3.490161287743e-02   3.868902010798e-04
  -9.613000063096e-02  -2.924684893317e-04
   1.344720645622e-01   1.282582069162e-04
  -1.407418350112e-01   6.614301672977e-05
   1.134616446005e-01  -2.450900124327e-04
  -5.918607009771e-02   3.655749328438e-04
  -9.243731482137e-03  -3.991209229986e-04
   7.546150127727e-02   3.372819825705e-04
  -1.236414373344e-01  -1.953372628028e-04
   1.423739006980e-01   6.809411080238e-06
  -1.272321599281e-01   1.830878128601e-04
   8.173097989082e-02  -3.297595263687e-04
  -1.680942174502e-02   3.977560902597e-04
  -5.212184166158e-02  -3.710920533449e-04
   1.086228180090e-01   2.558432740309e-04
  -1.392307136557e-01  -8.004581142640e-05
   1.366683411649e-01  -1.149454135511e-04
  -1.016499710590e-01   2.824585854001e-04
   4.237426159367e-02  -3.830600035204e-04
   2.695264985733e-02   3.922255857989e-04
  -8.983376863394e-02  -3.081162528342e-04
   1.313041959124e-01   1.505721692612e-04
  -1.415615898170e-01   4.242232909650e-05
   1.180988163193e-01  -2.256003106793e-04
  -6.661226657019e-02   3.550384077950e-04
  -7.525552292377e-04  -4.001907415503e-04
   6.790765651310e-02   3.498298588245e-04
  -1.188823729074e-01  -2.164547942708e-04
   1.415481198787e-01   3.154113194908e-05
  -1.306264946380e-01   1.605962923080e-04
   8.861312445487e-02  -3.149101413880e-04
  -2.556936165791e-02   3.942098210151e-04
  -4.355345098187e-02  -3.798326398516e-04
   1.022878338764e-01   2.748904605013e-04
  -1.367121766582e-01  -1.049309421346e-04
   1.386271721618e-01  -9.008664948466e-05
  -1.076616755713e-01   2.635503800901e-04
   5.109771884760e-02  -3.747097570862e-04
   1.759886843669e-02   3.965629438971e-04
  -8.210198367170e-02  -3.242199554754e-04
   1.270716810760e-01   1.746915472984e-04
  -1.418823233715e-01   1.596579710879e-05
   1.230078760420e-01  -2.030775173052e-04
  -7.493760737606e-02   3.418720922965e-04
   9.062719996716e-03  -3.996571232864e-04
   5.896414715781e-02   3.621852502435e-04
  -1.129777054852e-01  -2.388411653708e-04
   1.401713050063e-01   5.870669503893e-05
  -1.341030958689e-01   1.350647712437e-04
   9.623213944431e-02  -2.971184488513e-04
  -3.549554949654e-02   3.885047605511e-04
  -3.367721044781e-02  -3.877149367738e-04
   9.485990238335e-02   2.945876847398e-04
  -1.335097230800e-01  -1.318265670069e-04
   1.405267816274e-01  -6.232354893037e-05
  -1.141826940409e-01   2.415081564029e-04
   6.076005986135e-02  -3.637250001221e-04
   7.115058446928e-03   3.993876476315e-04
  -7.330631362059e-02  -3.402993822080e-04
   1.221291914619e-01   2.002837559804e-04
  -1.419410660975e-01  -1.312314160836e-05
   1.281552175207e-01  -1.773683614737e-04
  -8.393388551436e-02   3.256977013747e-04
   1.978269526883e-02  -3.970007127636e-04
   4.909069211123e-02   3.738111325648e-04
  -1.062958581248e-01  -2.620723605027e-04
   1.383483530251e-01   8.809621752123e-05
  -1.375432575783e-01   1.064385382332e-04
   1.041672562866e-01  -2.760705405620e-04
  -4.605661989474e-02   3.801394312449e-04
  -2.301217440764e-02  -3.941667316812e-04
   8.665129218009e-02   3.144302603449e-04
  -1.296844915184e-01  -1.604165502385e-04
   1.420442318050e-01  -3.170565510473e-05
  -1.206967564875e-01   2.161035166198e-04
   7.072238124575e-02  -3.496447596116e-04
  -3.966767236580e-03   4.001149301410e-04
  -6.373919581769e-02  -3.557859468927e-04
   1.163686936475e-01   2.269350101181e-04
  -1.413487014774e-01  -4.468101249980e-05
   1.328755479058e-01  -1.483416328905e-04
  -9.291606348313e-02   3.061200205886e-04
   3.087936553461e-02  -3.916498598620e-04
   3.847621681001e-02   3.840969089705e-04
  -9.867545665388e-02  -2.856448555575e-04
   1.355246874956e-01   1.194363722799e-04
  -1.402367596758e-01   7.470076566435e-05
   1.117165392791e-01  -2.514568449226e-04
  -5.676661162200e-02   3.685827503423e-04
  -1.168082340762e-02  -3.985592072186e-04
   7.735428859990e-02   3.338444348741e-04
  -1.246444690946e-01  -1.903162928690e-04
   1.424246648476e-01   1.665155569090e-06
  -1.265132591843e-01   1.871343005747e-04
   8.058964044502e-02  -3.320050859844e-04
  -1.562801231609e-02   3.981262019213e-04
  -5.303881994411e-02  -3.700532482654e-04
   1.091312873229e-01   2.541629321292e-04
  -1.393592044864e-01  -7.847913695668e-05
   1.365806060089e-01  -1.159175280278e-04
  -1.015558398338e-01   2.827672517642e-04
   4.243779593171e-02  -3.830248907169e-04
   2.668631307631e-02   3.923906362463e-04
  -8.946388325111e-02  -3.089890330453e-04
   1.310426385379e-01   1.523751008174e-04
  -1.416515349500e-01   3.990613218531e-05
   1.187167735094e-01  -2.230217415469e-04
  -6.777789492340e-02   3.533220131114e-04
   7.790169067415e-04  -4.002415257793e-04
   6.637217417542e-02   3.521949133619e-04
  -1.177998815435e-01  -2.210558009841e-04
   1.413400860034e-01   3.759154129101e-05
  -1.315385041869e-01   1.544770763056e-04
   9.061503427870e-02  -3.103893477186e-04
  -2.831272567342e-02   3.928014028773e-04
  -4.068117160928e-02  -3.824236346357e-04
   1.000268612501e-01   2.813915919164e-04
  -1.357379093254e-01  -1.141792933969e-04
   1.393633804011e-01  -8.012240205667e-05
  -1.101264261945e-01   2.553403041177e-04
   5.486370159615e-02  -3.705674720340e-04
   1.335162089012e-02   3.979999868130e-04
  -7.840285623992e-02  -3.314435764117e-04
   1.249120325242e-01   1.864347684261e-04
  -1.419449687932e-01   2.234120332586e-06
   1.254826353017e-01  -1.906070851340e-04
  -7.940898935072e-02   3.338880143201e-04
   1.458145928261e-02  -3.985386347534e-04
   5.369348425150e-02   3.687568524118e-04
  -1.092823540830e-01  -2.520351399899e-04
   1.390860584602e-01   7.573439033307e-05
  -1.360718505025e-01   1.181262948549e-04
   1.009846772187e-01  -2.844449228077e-04
  -4.204043636687e-02   3.835138888945e-04
  -2.683845462252e-02  -3.921414105336e-04
   8.939459941432e-02   3.079135483861e-04
  -1.308353859440e-01  -1.512929853286e-04
   1.414650391474e-01  -4.111476185013e-05
  -1.187003439172e-01   2.236249800577e-04
   6.795349243691e-02  -3.537316947464e-04
  -1.137652464583e-03   4.001698759361e-04
  -6.595706634519e-02  -3.522242636072e-04
   1.175227570686e-01   2.209868170186e-04
  -1.413244473578e-01  -3.799182380002e-05
   1.318729167777e-01  -1.541534516079e-04
  -9.128479080485e-02   3.098464595214e-04
   2.914599969537e-02  -3.927336662306e-04
   3.989779542773e-02   3.826989219198e-04
  -9.951271412049e-02  -2.825090419765e-04
   1.357186906497e-01   1.156105638279e-04
  -1.398707795359e-01   7.819128707368e-05
   1.110916260475e-01  -2.538733098332e-04
  -5.609471752824e-02   3.696220202146e-04
  -1.217217247061e-02  -3.983677236001e-04
   7.759373480261e-02   3.328941286489e-04
  -1.246632767058e-01  -1.891882586811e-04
   1.424114048297e-01   8.266519125913e-07
  -1.265632135578e-01   1.874842930412e-04
   8.086764580913e-02  -3.319852553795e-04
  -1.610817752055e-02   3.980944326251e-04
  -5.246795751794e-02  -3.704419577910e-04
   1.087004955749e-01   2.552740826177e-04
  -1.392492937672e-01  -8.032054597563e-05
   1.370213218870e-01  -1.136963987333e-04
  -1.025264225621e-01   2.808090639883e-04
   4.381360918839e-02  -3.820953950905e-04
   2.520977487044e-02   3.931191943182e-04
  -8.826440126721e-02  -3.116195511006e-04
   1.305386987176e-01   1.566124532000e-04
  -1.420401497617e-01   3.489471155746e-05
   1.200712108966e-01  -2.184548214022e-04
  -6.987809993082e-02   3.505106586406e-04
   3.173216472801e-03  -4.002307430881e-04
   6.425857053826e-02   3.554137155236e-04
  -1.165048956399e-01  -2.271135431939e-04
   1.413113259793e-01   4.529531080071e-05
  -1.328936089815e-01   1.468902803650e-04
   9.314176466831e-02  -3.048659180551e-04
  -3.152429920496e-02   3.909781200018e-04
  -3.752607220915e-02  -3.851534668131e-04
   9.771459915435e-02   2.884319048545e-04
  -1.348803778027e-01  -1.241646831764e-04
   1.402808645005e-01  -6.941190238791e-05
  -1.127626225791e-01   2.464971984655e-04
   5.866825847290e-02  -3.659486554171e-04
   9.186147238198e-03   3.990980391068e-04
  -7.485855689079e-02  -3.384200357640e-04
   1.228850556901e-01   1.979891988091e-04
  -1.420387100588e-01  -1.137952899811e-05
   1.277688821257e-01  -1.781205836982e-04
  -8.353318499269e-02   3.256635968998e-04
   1.963624550861e-02  -3.968808973808e-04
   4.885135600138e-02   3.744858069687e-04
  -1.058339750163e-01  -2.641795044159e-04
   1.379105220501e-01   9.170158431482e-05
  -1.376338205513e-01   1.019955485804e-04
   1.050143815753e-01  -2.720527333384e-04
  -4.774953636529e-02   3.780866219289e-04
  -2.073816591729e-02  -3.953790798947e-04
   8.433473309954e-02   3.194642542699e-04
  -1.281154049537e-01  -1.687479907593e-04
   1.418088182221e-01  -2.168442902619e-05
  -1.222369814748e-01   2.068076108221e-04
   7.397368937776e-02  -3.437183104530e-04
  -8.327993043619e-03   3.997102599991e-04
  -5.927483955501e-02  -3.618534960659e-04
   1.129546913428e-01   2.387980414624e-04
  -1.401132125201e-01  -6.002530591212e-05
   1.344298154658e-01  -1.330047602238e-04
  -9.718676018826e-02   2.946998659962e-04
   3.713400054807e-02  -3.874986997771e-04
   3.166123081598e-02   3.890379507941e-04
  -9.302100984853e-02  -2.993185298577e-04
   1.325787707828e-01   1.392285119607e-04
  -1.410025386226e-01   5.317515732541e-05
   1.164049311081e-01  -2.333878846922e-04
  -6.445806848675e-02   3.587523096639e-04
  -2.637579742215e-03  -4.000882035018e-04
   6.914204337281e-02   3.472195365325e-04
  -1.193940689192e-01  -2.130742720566e-04
   1.417039359954e-01   2.887367409331e-05
  -1.307327940596e-01   1.618259022799e-04
   8.912524956013e-02  -3.149297227158e-04
  -2.657472144814e-02   3.940209507728e-04
  -4.223882787113e-02  -3.807425315047e-04
   1.011778467107e-01   2.778996259578e-04
  -1.363248328875e-01  -1.102085735807e-04
   1.395759193432e-01  -8.344208866285e-05
  -1.100652835831e-01   2.573746032269e-04
   5.471486345404e-02  -3.712994583751e-04
   1.348633738207e-02   3.979250078715e-04
  -7.852009595747e-02  -3.312985590219e-04
   1.251821927538e-01   1.868505700872e-04
  -1.424316437043e-01   1.015802166243e-06
   1.263247415795e-01  -1.888767814795e-04
  -8.060715412858e-02   3.323916264047e-04
   1.593220317115e-02  -3.982314483441e-04
   5.248149070667e-02   3.704319443124e-04
  -1.085418582545e-01  -2.559620762466e-04
   1.391919948562e-01   8.144364965372e-05
  -1.372034306395e-01   1.118275740635e-04
   1.030363515784e-01  -2.792395121185e-04
  -4.475857889460e-02   3.811386127649e-04
  -2.404728976482e-02  -3.938510880301e-04
   8.720984450382e-02   3.140113658273e-04
  -1.298779981469e-01  -1.608973100567e-04
   1.421202367369e-01  -2.997493622361e-05
  -1.211182046470e-01   2.136190933046e-04
   7.168533004904e-02  -3.476051873895e-04
  -5.505874140096e-03   4.000100330586e-04
  -6.195474892705e-02  -3.587913888304e-04
   1.148824145258e-01   2.333659618952e-04
  -1.408908400782e-01  -5.367790160979e-05
   1.338836360848e-01  -1.387427321364e-04
  -9.561611000540e-02   2.985881590802e-04
   3.491405495486e-02  -3.888364833937e-04
   3.392324283282e-02   3.877975772851e-04
  -9.478514549980e-02  -2.960845337991e-04
   1.334268541979e-01   1.349844370701e-04
  -1.408894123209e-01   5.733511188619e-05
   1.153549581929e-01  -2.365298647013e-04
  -6.290226496491e-02   3.603161253204e-04
  -4.284038931436e-03  -3.999682092602e-04
   7.043580496077e-02   3.457432892570e-04
  -1.200908057615e-01  -2.108490936823e-04
   1.416302545217e-01   2.658103959716e-05
  -1.301215360344e-01   1.636340395534e-04
   8.817621217799e-02  -3.159468255188e-04
  -2.564336802786e-02   3.942444281314e-04
  -4.288141254813e-02  -3.804120528839e-04
   1.013538072527e-01   2.773784043407e-04
  -1.361411540605e-01  -1.098230471472e-04
   1.391165366554e-01  -8.351658845980e-05
  -1.096272252763e-01   2.571867660345e-04
   5.452491002699e-02  -3.710826497294e-04
   1.332354774032e-02   3.980080633934e-04
  -7.805412428111e-02  -3.319570331809e-04
   1.245417394423e-01   1.881777089501e-04
  -1.419457083016e-01  -8.038297428965e-07
   1.262410414833e-01  -1.869864075040e-04
  -8.104645745252e-02   3.310140433975e-04
   1.691759684791e-02  -3.979388267014e-04
   5.118146654832e-02   3.715899253170e-04
  -1.073182097721e-01  -2.585691136061e-04
   1.384300309941e-01   8.508033749406e-05
  -1.372051974919e-01   1.079509226623e-04
   1.039998568063e-01  -2.761092619324e-04
  -4.647630517061e-02   3.796948314892e-04
  -2.192273523447e-02  -3.947187577827e-04
   8.522959271689e-02   3.172772138405e-04
  -1.286055139174e-01  -1.660216538054e-04
   1.420360529222e-01  -2.406815038829e-05
  -1.222779417491e-01   2.083245396409e-04
   7.399342325030e-02  -3.443208730005e-04
  -8.400659843061e-03   3.997642249675e-04
  -5.917217295532e-02  -3.619374411123e-04
   1.129734694311e-01   2.394266714693e-04
  -1.403486247748e-01  -6.140596980148e-05
   1.350459027850e-01  -1.311062508869e-04
  -9.820305491387e-02   2.929189576325e-04
   3.840532687628e-02  -3.866881561483e-04
   3.037592315710e-02   3.899624822007e-04
  -9.204885779986e-02  -3.023352026271e-04
   1.322922665354e-01   1.440711644940e-04
  -1.416176758984e-01   4.742601730570e-05
   1.179299666133e-01  -2.281451622433e-04
  -6.673634313202e-02   3.555835732362e-04
  -8.272280450705e-05  -4.002694838731e-04
   6.688914019752e-02   3.513005026791e-04
  -1.180327228258e-01  -2.206075573567e-04
   1.416800044466e-01   3.841724810375e-05
  -1.322824186539e-01   1.524432225620e-04
   9.200033403477e-02  -3.081277275504e-04
  -3.029779066933e-02   3.918608593716e-04
  -3.849462407817e-02  -3.843170729814e-04
   9.830399362669e-02   2.869301717259e-04
  -1.351380887777e-01  -1.229897203968e-04
   1.404662728848e-01  -6.971314237378e-05
  -1.131101489424e-01   2.460074096455e-04
   5.932750537428e-02  -3.653282568583e-04
   8.241508149765e-03   3.993061941770e-04
