   0.000000000000e+00   1.000000000000e-04
  -1.027357467290e-02  -9.548689284417e-05
   1.952012034642e-02   8.291251353964e-05
  -2.718821942344e-02  -6.335944111132e-05
   3.269656916305e-02   3.844219216269e-05
  -3.531963872736e-02  -1.029986730655e-05
   3.488553542569e-02  -1.872126164992e-05
  -3.166854738436e-02   4.615123762410e-05
   2.578931106965e-02  -6.970899450807e-05
  -1.757388583944e-02   8.736814136508e-05
   7.934584777109e-03  -9.766843370300e-05
   2.237020887055e-03   9.972423191146e-05
  -1.233881914555e-02  -9.337841753571e-05
   2.148625863451e-02   7.913760304012e-05
  -2.866390816396e-02  -5.823857143633e-05
   3.340638436033e-02   3.241807073034e-05
  -3.549312867942e-02  -3.874480102811e-06
   3.453520134049e-02  -2.501448059984e-05
  -3.052510825508e-02   5.177194468839e-05
   2.405079872519e-02  -7.417871688843e-05
  -1.564074444256e-02   9.032158290490e-05
   5.757926153547e-03  -9.885526567825e-05
   4.636190653031e-03   9.903327010072e-05
  -1.447524308454e-02  -9.087375813631e-05
   2.313829251215e-02   7.503923703431e-05
  -2.999207227725e-02  -5.288328555977e-05
   3.421168309083e-02   2.625263254811e-05
  -3.544703183837e-02   2.569618798745e-06
   3.384122176547e-02  -3.119401991039e-05
  -2.941536545314e-02   5.717722734717e-05
   2.234273748715e-02  -7.834853357243e-05
  -1.342402222966e-02   9.289535094706e-05
   3.520513322104e-03  -9.962448210301e-05
   6.780073350004e-03   9.793830584960e-05
  -1.661348178849e-02  -8.799601055854e-05
   2.490118714319e-02   7.062101201977e-05
  -3.104460258626e-02  -4.730906840215e-05
   3.473530621865e-02   1.998790471101e-05
  -3.546677129226e-02   9.005787922093e-06
   3.305345183789e-02  -3.725038378079e-05
  -2.794753072371e-02   6.233760214341e-05
   2.059594750970e-02  -8.218833859622e-05
  -1.136644828405e-02   9.509176852667e-05
   1.124932982430e-03  -9.998049124152e-05
   9.047206485414e-03   9.642791921124e-05
  -1.847418386179e-02  -8.475665663354e-05
   2.650063901601e-02   6.591772440659e-05
  -3.220384641179e-02  -4.153283603730e-05
   3.507197283860e-02   1.363653511286e-05
  -3.511885282627e-02   1.539515458801e-05
   3.226481193648e-02  -4.315047504749e-05
  -2.652775906925e-02   6.724757204591e-05
   1.855988885811e-02  -8.568356442792e-05
  -9.186376525496e-03   9.688536901644e-05
  -1.039993969237e-03  -9.992770579735e-05
   1.130397491434e-02   9.452256470694e-05
  -2.048212337867e-02  -8.115764756123e-05
   2.786483427190e-02   6.094019311815e-05
  -3.305622191097e-02  -3.559416855811e-05
   3.546120803288e-02   7.226928041376e-06
  -3.471507463509e-02   2.172783741582e-05
   3.110862176242e-02  -4.886479081083e-05
  -2.500925357718e-02   7.187226966724e-05
   1.667383711004e-02  -8.883105351885e-05
  -6.857669420151e-03   9.827865725351e-05
  -3.379600783276e-03  -9.945122445767e-05
   1.332408982700e-02   9.222724235092e-05
  -2.230484461440e-02  -7.723072623474e-05
   2.934468863192e-02   5.570499420853e-05
  -3.377349579785e-02  -2.950274137505e-05
   3.547383822828e-02   7.963067584437e-07
  -3.426441283872e-02   2.796696066219e-05
   3.000863338470e-02  -5.438471683262e-05
  -2.320804626886e-02   7.619683241557e-05
   1.461115559410e-02  -9.160123597837e-05
  -4.728489450280e-03   9.926908688011e-05
  -5.693277004007e-03  -9.856851490941e-05
   1.552107828973e-02   8.954186805156e-05
  -2.394807899012e-02  -7.298108431681e-05
   3.050993639614e-02   5.024853763567e-05
  -3.452070623278e-02  -2.328900084598e-05
   3.545634661217e-02  -5.645259694525e-06
  -3.344859207012e-02   3.408469924248e-05
   2.876375091830e-02  -5.967190248817e-05
  -2.154558161899e-02   8.021225722072e-05
   1.240956754844e-02  -9.399445929015e-05
  -2.378439041162e-03   9.983871661715e-05
  -7.819669188466e-03  -9.727764818197e-05
   1.752386964764e-02   8.649424662842e-05
  -2.571095049905e-02  -6.842529149029e-05
   3.158156280288e-02   4.457771906470e-05
  -3.488880821394e-02  -1.698673937218e-05
   3.536057619462e-02  -1.205888249827e-05
  -3.270351120336e-02   4.006911902300e-05
   2.724303685367e-02  -6.471087111440e-05
  -1.965099136108e-02   8.388571047378e-05
   1.037262275858e-02  -9.600153552336e-05
  -6.776006227412e-05   1.000014950978e-04
  -1.014953803547e-02  -9.557676766643e-05
   1.939903655287e-02   8.308431690169e-05
  -2.715243808768e-02  -6.359524902902e-05
   3.266941276826e-02   3.872327539488e-05
  -3.526621730121e-02  -1.060601858814e-05
   3.490687494980e-02  -1.841813531963e-05
  -3.175870158349e-02   4.587910458992e-05
   2.584565486833e-02  -6.948765335995e-05
  -1.763674213169e-02   8.721566386383e-05
   8.074887441996e-03  -9.760181361454e-05
   2.108436301873e-03   9.974877660249e-05
  -1.227560918754e-02  -9.348901728386e-05
   2.139808526032e-02   7.932752273010e-05
  -2.855696172008e-02  -5.849458277663e-05
   3.338647906524e-02   3.271556567568e-05
  -3.552178447897e-02  -4.187427490463e-06
   3.453022722618e-02  -2.470869271280e-05
  -3.056136725409e-02   5.149975412155e-05
   2.417371014486e-02  -7.396684542044e-05
  -1.574547176378e-02   9.018614504018e-05
   5.828077878915e-03  -9.880541275999e-05
   4.508934885270e-03   9.907681868739e-05
  -1.433626044887e-02  -9.100871867200e-05
   2.308220128921e-02   7.525086460612e-05
  -2.995339983440e-02  -5.315435463394e-05
   3.414078964257e-02   2.656413551681e-05
  -3.544275776927e-02   2.245745408274e-06
   3.391750322427e-02  -3.088791556826e-05
  -2.946802971849e-02   5.691173866977e-05
   2.239628244334e-02  -7.814479556043e-05
  -1.355905594966e-02   9.277459325231e-05
   3.659928653978e-03  -9.959719348796e-05
   6.704732310375e-03   9.800353642899e-05
  -1.651823942583e-02  -8.815033719182e-05
   2.477601972360e-02   7.085474679483e-05
  -3.099808436942e-02  -4.759980819214e-05
   3.474765688023e-02   2.030964556012e-05
  -3.544999376854e-02   8.676434386227e-06
   3.307065826048e-02  -3.694109550396e-05
  -2.805754468314e-02   6.207831015000e-05
   2.070166589950e-02  -8.199971483934e-05
  -1.143680660467e-02   9.498701170293e-05
   1.251967436746e-03  -9.997164514050e-05
   8.893855481956e-03   9.651800086867e-05
  -1.839695485525e-02  -8.493484888252e-05
   2.644812688942e-02   6.616904984669e-05
  -3.211647196992e-02  -4.184006763351e-05
   3.504306721961e-02   1.397266550263e-05
  -3.517781692644e-02   1.506156494829e-05
   3.230886483174e-02  -4.284496585016e-05
  -2.656863356024e-02   6.699409110559e-05
   1.868619821465e-02  -8.550731734079e-05
  -9.332996060857e-03   9.680204991150e-05
  -9.540599230630e-04  -9.994100790387e-05
   1.120215739254e-02   9.463291847775e-05
  -2.034068308970e-02  -8.135937315947e-05
   2.779363966458e-02   6.121409640261e-05
  -3.305142869387e-02  -3.591522443467e-05
   3.542927500250e-02   7.571692663652e-06
  -3.470917291006e-02   2.138776028960e-05
   3.120240948827e-02  -4.856193893824e-05
  -2.511365515956e-02   7.163141140213e-05
   1.674188269537e-02  -8.866944737657e-05
  -6.980976678724e-03   9.821271224681e-05
  -3.215157220472e-03  -9.948926116059e-05
   1.322794837605e-02   9.236306510930e-05
  -2.224009634283e-02  -7.745237027188e-05
   2.924039100304e-02   5.599788600180e-05
  -3.371644675331e-02  -2.984161824256e-05
   3.551242601997e-02   1.149254139629e-06
  -3.429946730942e-02   2.762744562469e-05
   3.003508910678e-02  -5.408485797492e-05
  -2.332021001537e-02   7.596546278327e-05
   1.476020616215e-02  -9.145930893504e-05
  -4.822775970690e-03   9.922517370166e-05
  -5.587845168900e-03  -9.862726937530e-05
   1.536589614346e-02   8.970230255586e-05
  -2.385063681416e-02  -7.322794273205e-05
   3.048577438555e-02   5.055864218593e-05
  -3.447496341442e-02  -2.363959854551e-05
   3.542750298818e-02  -5.282313709966e-06
  -3.352080962355e-02   3.374378566575e-05
   2.886115360197e-02  -5.938161383163e-05
  -2.160891687174e-02   7.999371663874e-05
   1.252605262133e-02  -9.386831809182e-05
  -2.549745315046e-03   9.981879897005e-05
  -7.705650462345e-03  -9.736297087998e-05
   1.744644988987e-02   8.667655068939e-05
  -2.559233374328e-02  -6.869324108472e-05
   3.149847335540e-02   4.490890246294e-05
  -3.490366924218e-02  -1.734975027353e-05
   3.538148440685e-02  -1.169288971579e-05
  -3.271288875942e-02   3.972815630800e-05
   2.733854873865e-02  -6.442681045941e-05
  -1.979847518883e-02   8.368439339231e-05
   1.047223516706e-02  -9.589665044769e-05
  -1.746655467209e-04   1.000022408941e-04
  -9.984212173473e-03  -9.568718402082e-05
   1.927851230918e-02   8.329396645078e-05
  -2.710843551605e-02  -6.388374108437e-05
   3.260697781790e-02   3.906939093244e-05
  -3.521193319106e-02  -1.098250117100e-05
   3.495574192074e-02  -1.804659322800e-05
  -3.184694456740e-02   4.554412902275e-05
   2.590093888887e-02  -6.921395667040e-05
  -1.774177942619e-02   8.702799037975e-05
   8.248455839050e-03  -9.751953814010e-05
   1.979704418913e-03   9.977652370724e-05
  -1.218743573380e-02  -9.362286521482e-05
   2.126561465259e-02   7.956015554045e-05
  -2.844648160694e-02  -5.880711497328e-05
   3.337652373026e-02   3.307812240721e-05
  -3.552884185537e-02  -4.570748263130e-06
   3.452072028794e-02  -2.433361488128e-05
  -3.063437288422e-02   5.116723822981e-05
   2.431414365212e-02  -7.370735075960e-05
  -1.584787405071e-02   9.001834447834e-05
   5.933565552440e-03  -9.874317776775e-05
   4.337006863493e-03   9.912961041572e-05
  -1.419345136785e-02  -9.117151628270e-05
   2.301821514231e-02   7.550693830294e-05
  -2.987667533586e-02  -5.348481460202e-05
   3.406181639550e-02   2.694371048467e-05
  -3.546316435813e-02   1.852392026002e-06
   3.399094450577e-02  -3.051485009185e-05
  -2.951343269797e-02   5.658675208473e-05
   2.248745975086e-02  -7.789628482123e-05
  -1.372987126820e-02   9.262729517871e-05
   3.800209147030e-03  -9.956169983497e-05
   6.607198417292e-03   9.808076787364e-05
  -1.637565415003e-02  -8.833748603824e-05
   2.464118134559e-02   7.113747990111e-05
  -3.096065811846e-02  -4.795077359361e-05
   3.473645570471e-02   2.070000146800e-05
  -3.542040116570e-02   8.276013889175e-06
   3.311999935066e-02  -3.656646286219e-05
  -2.818659938809e-02   6.176381284222e-05
   2.080231531904e-02  -8.176895385881e-05
  -1.153749640196e-02   9.485855946021e-05
   1.426033805276e-03  -9.996049272746e-05
   8.732804643839e-03   9.662513484508e-05
  -1.831332557336e-02  -8.514802769066e-05
   2.635545224641e-02   6.647256889706e-05
  -3.201247750981e-02  -4.221132045990e-05
   3.503509947061e-02   1.437743730042e-05
  -3.523448424086e-02   1.465875091180e-05
   3.234034283073e-02  -4.247441235610e-05
  -2.664089450207e-02   6.668742249385e-05
   1.884936013906e-02  -8.529435512102e-05
  -9.481226663175e-03   9.669934032117e-05
  -8.496212068859e-04  -9.995472425858e-05
   1.105130071221e-02   9.476533446955e-05
  -2.018265368371e-02  -8.160129014195e-05
   2.772972875420e-02   6.154175987773e-05
  -3.302285210276e-02  -3.630122792752e-05
   3.537787681346e-02   7.987373412086e-06
  -3.472941019670e-02   2.097902532823e-05
   3.131502444039e-02  -4.819775874296e-05
  -2.521031129870e-02   7.133979154268e-05
   1.683493662863e-02  -8.847348545111e-05
  -7.152449177488e-03   9.813296879188e-05
  -3.039082011551e-03  -9.953311697254e-05
   1.312642170201e-02   9.252347902512e-05
  -2.213458866218e-02  -7.771755785736e-05
   2.911277136484e-02   5.634899245167e-05
  -3.367608673874e-02  -3.024648595443e-05
   3.554779401644e-02   1.571877050146e-06
  -3.431632390228e-02   2.721910134527e-05
   3.008680815328e-02  -5.372487524129e-05
  -2.346996504590e-02   7.568819170805e-05
   1.491132152515e-02  -9.128731196464e-05
  -4.931414509254e-03   9.917007448593e-05
  -5.432952502067e-03  -9.869671362952e-05
   1.518854232393e-02   8.989300743526e-05
  -2.375901009451e-02  -7.352065345552e-05
   3.043702180122e-02   5.092833364895e-05
  -3.440242668298e-02  -2.405905819734e-05
   3.541891954568e-02  -4.849303859123e-06
  -3.361247888553e-02   3.333709770835e-05
   2.894817322853e-02  -5.903327654235e-05
  -2.169050890639e-02   7.973105651368e-05
   1.269050138944e-02  -9.371726321912e-05
  -2.736183833546e-03   9.979330061866e-05
  -7.587885286929e-03  -9.746181441110e-05
   1.732822159819e-02   8.689260990363e-05
  -2.544306475720e-02  -6.901204887554e-05
   3.142762539831e-02   4.530160239326e-05
  -3.491606558772e-02  -1.778095788663e-05
   3.537944298456e-02  -1.125611440204e-05
  -3.273954028052e-02   3.932170000476e-05
   2.747074124566e-02  -6.408890449030e-05
  -1.994881107985e-02   8.344315713192e-05
   1.058181017851e-02  -9.576927810312e-05
  -3.301744619567e-04   1.000020194467e-04
  -9.791030067339e-03  -9.581714844927e-05
   1.916194585624e-02   8.354030288180e-05
  -2.704091103916e-02  -6.422479263022e-05
   3.251206368310e-02   3.948045936064e-05
  -3.517049034249e-02  -1.142862253597e-05
   3.502285277590e-02  -1.760658831405e-05
  -3.192275267026e-02   4.514542087679e-05
   2.596818788312e-02  -6.888759389468e-05
  -1.789339656599e-02   8.680494433990e-05
   8.440125020983e-03  -9.742042755574e-05
   1.848773085748e-03   9.980635183018e-05
  -1.205998870045e-02  -9.377972999729e-05
   2.109696295513e-02   7.983490161514e-05
  -2.834308435221e-02  -5.917506777884e-05
   3.336337988223e-02   3.350559581451e-05
  -3.550857631263e-02  -5.024861072228e-06
   3.452142580947e-02  -2.388949559616e-05
  -3.074283276627e-02   5.077437592975e-05
   2.445746484666e-02  -7.339913391137e-05
  -1.595517749583e-02   8.981735290993e-05
   6.085555989448e-03  -9.866834170598e-05
   4.132721179705e-03   9.919068520873e-05
  -1.405277352714e-02  -9.136085418221e-05
   2.293124993483e-02   7.580716616657e-05
  -2.976189757058e-02  -5.387454926477e-05
   3.398912651716e-02   2.739055719877e-05
  -3.550141256856e-02   1.389750811439e-06
   3.404961200437e-02  -3.007404182705e-05
  -2.956302906288e-02   5.620194285030e-05
   2.262263004435e-02  -7.760292053582e-05
  -1.392163428624e-02   9.245236957511e-05
   3.940961021430e-03  -9.951678416541e-05
   6.472560883170e-03   9.816967431295e-05
  -1.619154295242e-02  -8.855686693039e-05
   2.450866842971e-02   7.146799420546e-05
  -3.092088341637e-02  -4.836158150825e-05
   3.469420242177e-02   2.115928795285e-05
  -3.539214626206e-02   7.804815574864e-06
   3.320213186181e-02  -3.612663400340e-05
  -2.831938535422e-02   6.139314339874e-05
   2.090313375615e-02  -8.149519526593e-05
  -1.168119963832e-02   9.470619822638e-05
   1.636303109467e-03  -9.994613659033e-05
   8.572063555214e-03   9.674792470912e-05
  -1.820891022346e-02  -8.539571758583e-05
   2.622060715387e-02   6.682810047319e-05
  -3.190675480659e-02  -4.264571435444e-05
   3.504300219292e-02   1.485045038843e-05
  -3.527523952529e-02   1.418606945975e-05
   3.236933887195e-02  -4.203852121326e-05
  -2.675324442072e-02   6.632759783554e-05
   1.903513838749e-02  -8.504370370389e-05
  -9.628131660232e-03   9.657595833244e-05
  -7.114832228549e-04  -9.996843872595e-05
   1.085516654460e-02   9.491922614944e-05
  -2.002152606165e-02  -8.188208940691e-05
   2.766311184015e-02   6.192259438022e-05
  -3.296057945908e-02  -3.675238532009e-05
   3.532049299205e-02   8.473606000425e-06
  -3.477927777960e-02   2.050198109407e-05
   3.143095617693e-02  -4.777143344669e-05
  -2.530179803181e-02   7.099652698620e-05
   1.696673233571e-02  -8.824297227398e-05
  -7.363063843558e-03   9.803861735047e-05
  -2.861469275038e-03  -9.958132474409e-05
   1.300604856807e-02   9.270784752982e-05
  -2.198364129757e-02  -7.802605853280e-05
   2.897679126928e-02   5.675734630540e-05
  -3.365016566752e-02  -3.071670058944e-05
   3.556545273302e-02   2.064658588829e-06
  -3.432279508952e-02   2.674165107813e-05
   3.017404517562e-02  -5.330491599129e-05
  -2.364425062458e-02   7.536420794652e-05
   1.505931869108e-02  -9.108393924680e-05
  -5.069464200308e-03   9.910329351252e-05
  -5.229917401986e-03  -9.877628877885e-05
   1.500340094205e-02   9.011260501096e-05
  -2.366549816060e-02  -7.385839810537e-05
   3.035230267616e-02   5.135768673806e-05
  -3.431513789061e-02  -2.454697231580e-05
   3.543592953807e-02  -4.346761094461e-06
  -3.370830768688e-02   3.286402217777e-05
   2.902531089620e-02  -5.862603751912e-05
  -2.180495447482e-02   7.942410455489e-05
   1.289576183455e-02  -9.354059077550e-05
  -2.925906161367e-03   9.976072288830e-05
  -7.454337413113e-03  -9.757338110277e-05
   1.716252422931e-02   8.714213121103e-05
  -2.527775469095e-02  -6.938069832249e-05
   3.136874917437e-02   4.575496750063e-05
  -3.491065536339e-02  -1.828064998594e-05
   3.536055747993e-02  -1.074834821323e-05
  -3.279559080698e-02   3.885002070766e-05
   2.762771085299e-02  -6.369651017163e-05
  -2.009432420633e-02   8.316070390727e-05
   1.071593244679e-02  -9.561886253436e-05
  -5.353062001948e-04   1.000003078414e-04
  -9.585062785064e-03  -9.596525197447e-05
   1.904358048938e-02   8.382231825397e-05
  -2.693673855793e-02  -6.461833900516e-05
   3.239549816243e-02   3.995599707421e-05
  -3.514982996339e-02  -1.194365649272e-05
   3.509335198446e-02  -1.709770861602e-05
  -3.198374800839e-02   4.468216382411e-05
   2.606237016787e-02  -6.850843749868e-05
  -1.808681614248e-02   8.654596208910e-05
   8.636600373302e-03  -9.730299005036e-05
   1.705237633208e-03   9.983732910842e-05
  -1.188435202032e-02  -9.395926867604e-05
   2.090616444278e-02   8.015069400849e-05
  -2.824936130374e-02  -5.959737038237e-05
   3.333143578553e-02   3.399807925797e-05
  -3.546434488507e-02  -5.549926344207e-06
   3.454552058772e-02  -2.337673426259e-05
  -3.087680889469e-02   5.032074544826e-05
   2.459414388046e-02  -7.304095016226e-05
  -1.608100933298e-02   8.958256224468e-05
   6.287383802705e-03  -9.858043366381e-05
   3.911394005367e-03   9.925863220062e-05
  -1.391105850309e-02  -9.157553550784e-05
   2.280717864139e-02   7.615134127940e-05
  -2.961779072005e-02  -5.432303629395e-05
   3.393226041212e-02   2.790377327486e-05
  -3.554378002788e-02   8.576644404239e-07
   3.408915044126e-02  -2.956476347973e-05
  -2.963182509351e-02   5.575722380412e-05
   2.279904973767e-02  -7.726428435355e-05
  -1.411984251191e-02   9.224837592592e-05
   4.090661388294e-03  -9.946140176895e-05
   6.290154907179e-03   9.826986428780e-05
  -1.597880806309e-02  -8.880740359235e-05
   2.438311102456e-02   7.184503736318e-05
  -3.086322263757e-02  -4.883209640488e-05
   3.462234308563e-02   2.168756899917e-05
  -3.537955511751e-02   7.263360673134e-06
   3.330868867416e-02  -3.562139849794e-05
  -2.844423971350e-02   6.096514674835e-05
   2.101665014351e-02  -8.117781581050e-05
  -1.187364206531e-02   9.452952697691e-05
   1.867568911390e-03  -9.992720227971e-05
   8.410768956215e-03   9.688502528086e-05
  -1.806865544325e-02  -8.567756238880e-05
   2.605062958475e-02   6.723505683712e-05
  -3.181092418097e-02  -4.314217702466e-05
   3.505407712591e-02   1.539162643009e-05
  -3.529296338206e-02   1.364289285836e-05
   3.241058707756e-02  -4.153727990638e-05
  -2.690566344925e-02   6.591438262264e-05
   1.922828977255e-02  -8.475401035331e-05
  -9.779933546052e-03   9.643077185767e-05
  -5.273461507133e-04  -9.998172324680e-05
   1.062541038990e-02   9.509351573131e-05
  -1.986451476754e-02  -8.220034810922e-05
   2.757863866311e-02   6.235625380013e-05
  -3.286315911863e-02  -3.726868291618e-05
   3.527194365170e-02   9.029735778323e-06
  -3.485298477266e-02   1.995667868176e-05
   3.153720275138e-02  -4.728193622503e-05
  -2.539887875017e-02   7.060098109031e-05
   1.714496686219e-02  -8.797758815098e-05
  -7.598139521387e-03   9.792835883692e-05
  -2.684040341460e-03  -9.963241526293e-05
   1.285138651366e-02   9.291567744938e-05
  -2.179179356570e-02  -7.837725545702e-05
   2.884529354080e-02   5.722172422791e-05
  -3.362791723126e-02  -3.125190377278e-05
   3.555655514105e-02   2.628086269473e-06
  -3.433275978420e-02   2.619513943944e-05
   3.029878219760e-02  -5.282492429802e-05
  -2.382737725214e-02   7.499229812477e-05
   1.520824052992e-02  -9.084801266159e-05
  -5.250514606971e-03   9.902437698637e-05
  -4.988676625338e-03  -9.886495337741e-05
   1.481959950040e-02   9.035954200960e-05
  -2.355591053511e-02  -7.424059713284e-05
   3.022819558928e-02   5.184657626349e-05
  -3.422819650534e-02  -2.510257840416e-05
   3.547458412770e-02  -3.774973543501e-06
  -3.379380795634e-02   3.232370132130e-05
   2.910177660274e-02  -5.815929744091e-05
  -2.196211728422e-02   7.907264147590e-05
   1.312795651097e-02  -9.333710747497e-05
  -3.114726289058e-03   9.971951393254e-05
  -7.289496244551e-03  -9.769704407955e-05
   1.695184344910e-02   8.742445715132e-05
  -2.511058210122e-02  -6.979784237931e-05
   3.131262455103e-02   4.626839377621e-05
  -3.487627289530e-02  -1.884916040156e-05
   3.533785829554e-02  -1.016973468924e-05
  -3.288579939468e-02   3.831327289477e-05
   2.779372433355e-02  -6.324857727546e-05
  -2.023636426860e-02   8.283583211966e-05
   1.088910770908e-02  -9.544494189677e-05
  -7.820031658041e-04   9.999612194102e-05
  -9.377487955616e-03  -9.612984251421e-05
   1.891029784615e-02   8.413923094279e-05
  -2.678978679965e-02  -6.506415903896e-05
   3.227227702069e-02   4.049512015527e-05
  -3.514891015548e-02  -1.252704113665e-05
   3.515200244863e-02  -1.651928745182e-05
  -3.203670290842e-02   4.415379015917e-05
   2.619483577437e-02  -6.807638005542e-05
  -1.830950242427e-02   8.625000486057e-05
   8.831380227832e-03  -9.716563296568e-05
   1.533935163594e-03   9.986871499892e-05
  -1.166042425672e-02  -9.416081368960e-05
   2.070810435367e-02   8.050608231960e-05
  -2.815858966493e-02  -6.007314645309e-05
   3.326818176316e-02   3.455573105949e-05
  -3.540749394159e-02  -6.145730622738e-06
   3.459957780414e-02  -2.279568520402e-05
  -3.102101599690e-02   4.980551735142e-05
   2.472333388778e-02  -7.263162819323e-05
  -1.624049129517e-02   8.931351379207e-05
   6.533053211034e-03  -9.847855477641e-05
   3.685773203958e-03   9.933174330416e-05
  -1.375686997707e-02  -9.181457261854e-05
   2.263800446714e-02   7.653913175206e-05
  -2.945874188554e-02  -5.482931044062e-05
   3.389215051738e-02   2.848255701466e-05
  -3.557440067392e-02   2.557002583722e-07
   3.411449426042e-02  -2.898653517130e-05
  -2.973282817430e-02   5.525260980455e-05
   2.300552453204e-02  -7.687950709776e-05
  -1.431563403477e-02   9.201372295739e-05
   4.263763580378e-03  -9.939471764357e-05
   6.057616754953e-03   9.838066500709e-05
  -1.575282863513e-02  -8.908758427774e-05
   2.425976265731e-02   7.226750508874e-05
  -3.077355958210e-02  -4.936228695292e-05
   3.453087841272e-02   2.228452010964e-05
  -3.539170505037e-02   6.652218181581e-06
   3.342498121872e-02  -3.505015125400e-05
  -2.855745843390e-02   6.047870164519e-05
   2.115818037269e-02  -8.081638762147e-05
  -1.211121629521e-02   9.432776428917e-05
   2.105728105846e-03  -9.990196872822e-05
   8.239220779671e-03   9.703528034896e-05
  -1.788233558452e-02  -8.599313221836e-05
   2.585917802835e-02   6.769238191942e-05
  -3.172882235751e-02  -4.369965204323e-05
   3.505234141530e-02   1.600116386665e-05
  -3.528972883010e-02   1.302881807337e-05
   3.247802041329e-02  -4.097084083797e-05
  -2.708905210724e-02   6.544713151751e-05
   1.941810089563e-02  -8.442373345269e-05
  -9.949935285426e-03   9.626287123535e-05
  -2.924559166239e-04  -9.999392342739e-05
   1.037746804335e-02   9.528665618715e-05
  -1.970963110842e-02  -8.255473138541e-05
   2.746136001180e-02   6.284251653331e-05
  -3.273826995076e-02  -3.784972131968e-05
   3.524280611517e-02   9.654991315664e-06
  -3.493719597952e-02   1.934279518129e-05
   3.162804177913e-02  -4.672825026300e-05
  -2.551665579609e-02   7.015275984592e-05
   1.736819478423e-02  -8.767668460454e-05
  -7.842573273632e-03   9.780050697565e-05
  -2.499254877173e-03  -9.968508257022e-05
   1.265063712876e-02   9.314644400545e-05
  -2.157131938532e-02  -7.877004851614e-05
   2.872407362919e-02   5.774085336891e-05
  -3.359367469626e-02  -3.185201971338e-05
   3.552121040088e-02   3.262434641641e-06
  -3.436106206359e-02   2.557985107455e-05
   3.045362729876e-02  -5.228447615387e-05
  -2.400667073578e-02   7.457101514288e-05
   1.537006299942e-02  -9.057858513855e-05
  -5.481571971812e-03   9.893270571038e-05
  -4.724342856864e-03  -9.896117115918e-05
   1.463741870123e-02   9.063230155313e-05
  -2.341455871714e-02  -7.466682858934e-05
   3.007062677192e-02   5.239449595959e-05
  -3.415411452492e-02  -2.572491031466e-05
   3.552270618301e-02  -3.133882400743e-06
  -3.386056446567e-02   3.171524181189e-05
   2.919220854751e-02  -5.763273450928e-05
  -2.216323359158e-02   7.867618784783e-05
   1.337137870198e-02  -9.310520365737e-05
  -3.307879456845e-03   9.966825539992e-05
  -7.080017413429e-03  -9.783219744445e-05
   1.670709889061e-02   8.773844489586e-05
  -2.494991868826e-02  -7.026200303860e-05
   3.124412296112e-02   4.684155330048e-05
  -3.481006569257e-02  -1.948664890178e-05
   3.532652219761e-02  -9.520709742032e-06
  -3.300543951314e-02   3.771130456816e-05
   2.795483864433e-02  -6.274379470382e-05
  -2.038498229460e-02   8.246757065945e-05
   1.111031472459e-02  -9.524695103266e-05
  -1.055846991645e-03   9.998797140993e-05
  -9.171287190218e-03  -9.630924296766e-05
   1.874620905227e-02   8.449043511560e-05
  -2.660330500826e-02  -6.556167559522e-05
   3.215598413154e-02   4.109667859213e-05
  -3.515768777694e-02  -1.317852006449e-05
   3.518870001639e-02  -1.587059995114e-05
  -3.209515836705e-02   4.356004222475e-05
   2.636887492682e-02  -6.759111743803e-05
  -1.854551585993e-02   8.591559508598e-05
   9.027334550389e-03  -9.700686573571e-05
   1.320446846930e-03   9.989983666814e-05
  -1.139717738058e-02  -9.438322307213e-05
   2.051292703903e-02   8.089942170368e-05
  -2.805685028770e-02  -6.060178455230e-05
   3.316882586448e-02   3.517855616311e-05
  -3.535322728022e-02  -6.811707886880e-06
   3.468078209727e-02  -2.214645283137e-05
  -3.116022513855e-02   4.922756700612e-05
   2.485333718482e-02  -7.217022649573e-05
  -1.644458035842e-02   8.900971748107e-05
   6.809161710988e-03  -9.836130024303e-05
   3.461208215280e-03   9.940823014890e-05
  -1.357447147410e-02  -9.207717506785e-05
   2.242493273438e-02   7.696987155239e-05
  -2.929948998642e-02  -5.539206591151e-05
   3.386038323833e-02   2.912637062879e-05
  -3.558096768606e-02  -4.166759257648e-07
   3.413815915044e-02  -2.833921134808e-05
  -2.987201310603e-02   5.468800410394e-05
   2.322623195551e-02  -7.644727383984e-05
  -1.450918888087e-02   9.174688280136e-05
   4.475457642971e-03  -9.931601215134e-05
   5.781991021366e-03   9.850095054052e-05
  -1.552573867357e-02  -8.939563078278e-05
   2.412589890366e-02   7.273454024453e-05
  -3.064438199014e-02  -4.995201558485e-05
   3.443474209911e-02   2.294942394791e-05
  -3.542873453992e-02   5.971786992140e-06
   3.353514976426e-02  -3.441197881012e-05
  -2.866478637184e-02   5.993290170693e-05
   2.134009743676e-02  -8.041051474134e-05
  -1.238199532950e-02   9.409963686785e-05
   2.343062032254e-03  -9.986857834218e-05
   8.042214462282e-03   9.719774318773e-05
  -1.764844340102e-02  -8.634170590264e-05
   2.566152301644e-02   6.819862837656e-05
  -3.165470817761e-02  -4.431728859014e-05
   3.502424933854e-02   1.667938268687e-05
  -3.527614559465e-02   1.234378940381e-05
   3.257940137480e-02  -4.033931362892e-05
  -2.728824153708e-02   6.492475328588e-05
   1.960243485431e-02  -8.405136234672e-05
  -1.015371084893e-02   9.607150803717e-05
  -1.160926414694e-05  -1.000039659676e-04
   1.012486367635e-02   9.549677854238e-05
  -1.954607575374e-02  -8.294412569715e-05
   2.730200418263e-02   6.338108388357e-05
  -3.259998166915e-02  -3.849466965236e-05
   3.523518600528e-02   1.034870574972e-05
  -3.501564145505e-02   1.865968099563e-05
   3.170724353919e-02  -4.610956574111e-05
  -2.566893771000e-02   6.965157699513e-05
   1.762601714973e-02  -8.733914602104e-05
  -8.086431128979e-03   9.765318543967e-05
  -2.292855029520e-03  -9.973823995433e-05
   1.240011537694e-02   9.339937067681e-05
  -2.133777599827e-02  -7.920289272292e-05
   2.860938540031e-02   5.831361424349e-05
  -3.353244311622e-02  -3.251713039853e-05
   3.546855049754e-02   3.967619009831e-06
  -3.441783379593e-02   2.489612098679e-05
   3.062416657520e-02  -5.168271671019e-05
  -2.417718911368e-02   7.409889916250e-05
   1.556036987883e-02  -9.027491142911e-05
  -5.760212407188e-03   9.882728732773e-05
  -4.451687469719e-03  -9.906302884455e-05
   1.444787271222e-02   9.092955837963e-05
  -2.322998964404e-02  -7.513664107843e-05
   2.989279684260e-02   5.300048073895e-05
  -3.409790586566e-02  -2.641301303783e-05
   3.556404939774e-02  -2.423107447595e-06
  -3.390940860598e-02   3.103793300091e-05
   2.931121257013e-02  -5.704619837998e-05
  -2.240008929697e-02   7.823384116077e-05
   1.361425352301e-02  -9.284303673406e-05
  -3.518311214026e-03   9.960575189096e-05
  -6.819765952981e-03  -9.797803726609e-05
   1.644373449706e-02   8.808247036171e-05
  -2.479491565971e-02  -7.077178289500e-05
   3.114756610712e-02   4.747428691392e-05
  -3.471865144932e-02  -2.019291847677e-05
   3.533808557703e-02  -8.801833701075e-06
  -3.314163898973e-02   3.704356215183e-05
   2.810404756207e-02  -6.218081288513e-05
  -2.055531652326e-02   8.205519160429e-05
   1.137941500414e-02  -9.502400560906e-05
  -1.341262256506e-03   9.997394816124e-05
  -8.959854619856e-03  -9.650193144138e-05
   1.853845352518e-02   8.487533050216e-05
  -2.638886436133e-02  -6.610983849473e-05
   3.205351299280e-02   4.175946375257e-05
  -3.516046249749e-02  -1.389815688740e-05
   3.520225143610e-02  -1.515109050175e-05
  -3.217439051034e-02   4.290090521070e-05
   2.657811854768e-02  -6.705196819482e-05
  -1.878129876995e-02   8.554097712162e-05
   9.235850905141e-03  -9.682542145348e-05
   1.056533562993e-03   9.992987983484e-05
  -1.110951194595e-02  -9.462484777583e-05
   2.032200498178e-02   8.132909135950e-05
  -2.792791982655e-02  -6.118286981825e-05
   3.303816813738e-02   3.586620779068e-05
  -3.531484699906e-02  -7.547079617356e-06
   3.477754850407e-02  -2.142877183033e-05
  -3.128483269962e-02   4.858568522742e-05
   2.499863037713e-02  -7.165607771915e-05
  -1.669574640697e-02   8.867043241451e-05
   7.099675692000e-03  -9.822681657296e-05
   3.233421398387e-03   9.948642318874e-05
  -1.334956148505e-02  -9.236260710170e-05
   2.217808969997e-02   7.744241855079e-05
  -2.914946516554e-02  -5.600984965677e-05
   3.382193145791e-02   2.983498208583e-05
  -3.555929449879e-02  -1.159868057587e-06
   3.417559393991e-02  -2.762294210731e-05
  -3.004572355967e-02   5.406299955221e-05
   2.344641595340e-02  -7.596596362904e-05
  -1.470984418603e-02   9.144654444790e-05
   4.735945150627e-03  -9.922448637833e-05
   5.477340532930e-03   9.862907702909e-05
  -1.530170406956e-02  -8.972971794217e-05
   2.396526283599e-02   7.324549177468e-05
  -3.047765982891e-02  -5.060081874703e-05
   3.434816528323e-02   2.368128539806e-05
  -3.548135947026e-02   5.222146703140e-06
   3.362793123885e-02  -3.370586145626e-05
  -2.877938603596e-02   5.932714256459e-05
   2.156697572329e-02  -7.995961694777e-05
  -1.266990660590e-02   9.384340294459e-05
   2.581306161095e-03  -9.982525244115e-05
   7.804574329488e-03   9.737156139788e-05
  -1.737493748753e-02  -8.672209891037e-05
   2.546873085432e-02   6.875213552354e-05
  -3.157499653582e-02  -4.499452194401e-05
   3.496369527519e-02   1.742649234454e-05
  -3.526744142316e-02   1.158810414198e-05
   3.271305539997e-02  -3.964255826548e-05
  -2.748738806749e-02   6.434581908302e-05
   1.978868162998e-02  -8.363559622573e-05
  -1.040324609065e-02   9.585592205345e-05
   3.023625530001e-04  -1.000102612556e-04
   9.874023453275e-03   9.572190858339e-05
  -1.935796608516e-02  -8.336763882170e-05
   2.710050892989e-02   6.397135252533e-05
  -3.246348369223e-02  -3.920234505786e-05
   3.524150587764e-02   1.111048598893e-05
  -3.507498868464e-02   1.790653695261e-05
   3.178676476532e-02  -4.542539409410e-05
  -2.586286280971e-02   6.909704561436e-05
   1.790264395061e-02  -8.696338124785e-05
  -8.328789810164e-03   9.748455344697e-05
  -2.049048399543e-03  -9.979093921128e-05
   1.210582397638e-02   9.367323927004e-05
  -2.110413482169e-02  -7.967395428101e-05
   2.848894184464e-02   5.893915070211e-05
  -3.343541258563e-02  -3.324725662887e-05
   3.541337137049e-02   4.743164998747e-06
  -3.450436098552e-02   2.414411624455e-05
   3.079403962624e-02  -5.101843893849e-05
  -2.434368137706e-02   7.357467803335e-05
   1.579248716577e-02  -8.993629598424e-05
  -6.075183618697e-03   9.870662881131e-05
  -4.179541435682e-03  -9.916844590680e-05
   1.423576790121e-02   9.125021568398e-05
  -2.299932394764e-02  -7.564932696812e-05
   2.971026324554e-02   5.366316789966e-05
  -3.405480499229e-02  -2.716614519796e-05
   3.558413414290e-02  -1.642094442287e-06
  -3.395019814869e-02   3.029138714989e-05
   2.946769055448e-02  -5.639950287476e-05
  -2.265772761499e-02   7.774422239562e-05
   1.385322527165e-02  -9.254875762232e-05
  -3.761986867154e-03   9.953098457684e-05
  -6.512317285604e-03  -9.813335639559e-05
   1.617593884464e-02   8.845456876707e-05
  -2.463543436377e-02  -7.132601951767e-05
   3.101247758020e-02   4.816640832889e-05
  -3.461571593114e-02  -2.096735573304e-05
   3.537579714919e-02  -8.013558752580e-06
  -3.327783636956e-02   3.630911729605e-05
   2.824398419913e-02  -6.155844975993e-05
  -2.076190749690e-02   8.159808236360e-05
   1.168687471173e-02  -9.477474444859e-05
  -1.627356030971e-03   9.995192092260e-05
  -8.729177241994e-03  -9.670661805604e-05
   1.828205890168e-02   8.529310041412e-05
  -2.616209122950e-02  -6.670715087442e-05
   3.196210380615e-02   4.248242919082e-05
  -3.514147127733e-02  -1.468622843949e-05
   3.520090106824e-02  -1.436052907444e-05
  -3.228551265459e-02   4.217641490025e-05
   2.680852525805e-02  -6.645778635567e-05
  -1.901076876004e-02   8.512433815896e-05
   9.472715861000e-03  -9.662024281727e-05
   7.434332945498e-04   9.995767025623e-05
  -1.081273691293e-02  -9.488363989637e-05
   2.012706634023e-02   8.179367112408e-05
  -2.775920543972e-02  -6.181600997052e-05
   3.288889062946e-02   3.661790138661e-05
  -3.529847694782e-02  -8.351083528247e-06
   3.487347090922e-02  -2.064200399861e-05
  -3.139449058525e-02   4.787879557993e-05
   2.517442201988e-02  -7.108868575293e-05
  -1.698669731645e-02   8.829448167366e-05
   7.391884799842e-03  -9.807297560264e-05
   2.989840472098e-03   9.956487934273e-05
  -1.307467115921e-02  -9.266997148246e-05
   2.191283201671e-02   7.795515084096e-05
  -2.900890949240e-02  -5.668129484000e-05
   3.376047917784e-02   3.060838558379e-05
  -3.551494691601e-02  -1.973968361802e-06
   3.423922526246e-02  -2.683799531976e-05
  -3.024161571308e-02   5.337675098555e-05
   2.365788326338e-02  -7.543386138001e-05
  -1.493273538502e-02   9.111163543507e-05
   5.046393759592e-03  -9.911903401099e-05
   5.159594457431e-03   9.876295986377e-05
  -1.507503377548e-02  -9.008817588616e-05
   2.376400198177e-02   7.379976293452e-05
  -3.028421154315e-02  -5.130778691919e-05
   3.427907522574e-02   2.447905748055e-05
  -3.553393119352e-02   4.403006498616e-06
   3.370088279646e-02  -3.293089067911e-05
  -2.891690047535e-02   5.866105264712e-05
   2.183350807853e-02  -7.946272200183e-05
  -1.296063608111e-02   9.355699728932e-05
   2.831246256962e-03  -9.977042872403e-05
   7.516874836703e-03   9.755577121961e-05
  -1.707640538710e-02  -8.713262050395e-05
   2.528320871539e-02   6.935126793930e-05
  -3.147302085662e-02  -4.573103684469e-05
   3.487435739802e-02   1.824239823752e-05
  -3.527762131176e-02   1.076226261966e-05
   3.286805357608e-02  -3.888002925178e-05
  -2.767581549527e-02   6.370875567802e-05
   1.999111331927e-02  -8.317539521230e-05
  -1.070222216563e-02   9.561510896207e-05
   6.332292929033e-04  -1.000107434822e-04
   9.621582991028e-03   9.596018314333e-05
  -1.913012420282e-02  -8.382447775547e-05
   2.686616518562e-02   6.461227015535e-05
  -3.233916849283e-02  -3.997142064926e-05
   3.524691193044e-02   1.194029184222e-05
  -3.510979909864e-02   1.708263166493e-05
   3.188226073197e-02  -4.467552727589e-05
  -2.609584672169e-02   6.848845244872e-05
   1.818263758250e-02  -8.654744151942e-05
  -8.578293398738e-03   9.729296942459e-05
  -1.756466247711e-03  -9.984217935557e-05
   1.178138908747e-02   9.396631270730e-05
  -2.087566007076e-02  -8.018134429828e-05
   2.834618641743e-02   5.961685855472e-05
  -3.330330344326e-02  -3.404214375368e-05
   3.537047003020e-02   5.588330642300e-06
  -3.461214454248e-02   2.332365301899e-05
   3.095093215170e-02  -5.029026568511e-05
  -2.451891700831e-02   7.299735922298e-05
   1.607224907791e-02  -8.956186414512e-05
  -6.410389503043e-03   9.856873916831e-05
  -3.907246043655e-03  -9.927540033721e-05
   1.398523291261e-02   9.159330459700e-05
  -2.272947681939e-02  -7.620374054560e-05
   2.953492397380e-02   5.438097872066e-05
  -3.401160932364e-02  -2.798388727319e-05
   3.557560986396e-02  -7.903403701659e-07
  -3.399812860351e-02   2.947555267192e-05
   2.966111250000e-02  -5.569220079545e-05
  -2.291981321744e-02   7.720556547425e-05
   1.409479062854e-02  -9.222070084998e-05
  -4.051867033138e-03   9.944294109309e-05
  -6.169849349197e-03  -9.829642723753e-05
   1.591112409803e-02   8.885265317319e-05
  -2.445551031503e-02  -7.192380414056e-05
   3.083755237648e-02   4.891746887867e-05
  -3.451680613474e-02  -2.180899852781e-05
   3.543293853905e-02  -7.156043019288e-06
  -3.339979126703e-02   3.550683532114e-05
   2.838602537982e-02  -6.087582158159e-05
  -2.101301054691e-02   8.109553493894e-05
   1.201704986641e-02  -9.449730135791e-05
  -1.912180404765e-03   9.991976694018e-05
  -8.462929330019e-03  -9.692217648893e-05
   1.798196885555e-02   8.574250527527e-05
  -2.593668161833e-02  -6.735181383568e-05
   3.186994045028e-02   4.326481442236e-05
  -3.509069823339e-02  -1.554300255020e-05
   3.519925126838e-02  -1.349906319083e-05
  -3.243092390713e-02   4.138643603985e-05
   2.704335374535e-02  -6.580702853509e-05
  -1.923772986284e-02   8.466402376497e-05
   9.752146372499e-03  -9.639033936046e-05
   3.916699234207e-04   9.998152802235e-05
  -1.051668673210e-02  -9.515735721815e-05
   1.991296896393e-02   8.229198944200e-05
  -2.754650361828e-02  -6.250059407752e-05
   3.273675506641e-02   3.743245138644e-05
  -3.530031249066e-02  -9.223177599637e-06
   3.495324041627e-02  -1.978528820689e-05
  -3.149831310273e-02   4.710612227323e-05
   2.539070609570e-02  -7.046752969914e-05
  -1.730277150206e-02   8.788018814356e-05
   7.681297408190e-03  -9.789760960373e-05
   2.714157566442e-03   9.964234893848e-05
  -1.275215069689e-02  -9.299798577098e-05
   2.164391245541e-02   7.850608720771e-05
  -2.886835621723e-02  -5.740527755752e-05
   3.366442245158e-02   3.144659073242e-05
  -3.546118572924e-02  -2.858660913850e-06
   3.433341435770e-02  -2.598453775918e-05
  -3.044293940017e-02   5.262800344147e-05
   2.386217374798e-02  -7.484938940355e-05
  -1.519307682719e-02   9.074121337275e-05
   5.398186577453e-03  -9.899807029784e-05
   4.840497374748e-03   9.890026233670e-05
  -1.483199624444e-02  -9.046957708989e-05
   2.351590147279e-02   7.439657187651e-05
  -3.007964674130e-02  -5.207155686219e-05
   3.422568233436e-02   2.534185295669e-05
  -3.557002654238e-02   3.513821590259e-06
   3.376136275831e-02  -3.208646247463e-05
  -2.908935934338e-02   5.793432425078e-05
   2.212611001419e-02  -7.891837449602e-05
  -1.324706076503e-02   9.323826390122e-05
   3.108816815090e-03  -9.970276687187e-05
   7.179180296609e-03   9.774906493839e-05
  -1.676857997204e-02  -8.757115851364e-05
   2.509739514657e-02   6.999459105213e-05
  -3.133514305239e-02  -4.652657921635e-05
   3.476836150800e-02   1.912657496010e-05
  -3.531385557388e-02   9.866761699070e-06
   3.302792692951e-02  -3.805077830411e-05
  -2.785207084981e-02   6.301209139430e-05
   2.022547853612e-02  -8.266990530317e-05
  -1.104428838345e-02   9.534762905948e-05
   9.674625309972e-04  -1.000030387383e-04
   9.355354127820e-03   9.620996811842e-05
  -1.885381086698e-02  -8.431371799532e-05
   2.661417170978e-02   6.530229547654e-05
  -3.222832008370e-02  -4.080064294429e-05
   3.523454316814e-02   1.283834263135e-05
  -3.512461909103e-02   1.618752437130e-05
   3.200698662710e-02  -4.385989247712e-05
  -2.635612352917e-02   6.782463470006e-05
   1.845671643704e-02  -8.608924792172e-05
  -8.850044819044e-03   9.707703732759e-05
  -1.412656090100e-03  -9.989067058109e-05
   1.144299733872e-02   9.427639060742e-05
  -2.064755211566e-02  -8.072331911171e-05
   2.816635262081e-02   6.034621949082e-05
  -3.314616165830e-02  -3.490109832949e-05
   3.534875117091e-02   6.502303836727e-06
  -3.472566243379e-02   2.243415602775e-05
   3.109121683803e-02  -4.949689951967e-05
  -2.471885391758e-02   7.236619521935e-05
   1.639543080035e-02  -8.915035502655e-05
  -6.750871266010e-03   9.841127275137e-05
  -3.624624085181e-03  -9.938208236725e-05
   1.368571416680e-02   9.195777106881e-05
  -2.243465303944e-02  -7.679822176765e-05
   2.937017159301e-02   5.515234277801e-05
  -3.395129865107e-02  -2.886609644121e-05
   3.554105804292e-02   1.323751571212e-07
  -3.406783541714e-02   2.859059841946e-05
   2.988125686583e-02  -5.492343286010e-05
  -2.317470893835e-02   7.661592522797e-05
   1.435298312532e-02  -9.185746513612e-05
  -4.392807297572e-03   9.934038280083e-05
  -5.808684563662e-03  -9.846502371771e-05
   1.564680014544e-02   8.927473397926e-05
  -2.423917776044e-02  -7.256435670879e-05
   3.063123162142e-02   4.972657934212e-05
  -3.443319450710e-02  -2.271671999434e-05
   3.549489692321e-02  -6.229074468416e-06
  -3.350090560332e-02   3.463561600268e-05
   2.854597919620e-02  -6.013233509730e-05
  -2.130710077437e-02   8.054652248189e-05
   1.235393795762e-02  -9.418941965041e-05
  -2.203708629143e-03   9.987555372607e-05
  -8.148645109243e-03  -9.714745483823e-05
   1.765132164340e-02   8.622178099424e-05
  -2.571892160295e-02  -6.804195185031e-05
   3.176023822648e-02   4.410613503488e-05
  -3.500766802841e-02  -1.646849808712e-05
   3.521259916658e-02  -1.256712302138e-05
  -3.260292497325e-02   4.053047879749e-05
   2.726934496913e-02  -6.509794286980e-05
  -1.947455485234e-02   8.415865545485e-05
   1.008119657628e-02  -9.613456096654e-05
   1.728004131953e-05   9.999925526531e-05
  -1.022172403785e-02  -9.544379560317e-05
   1.966321354549e-02   8.282302819529e-05
  -2.729568839810e-02  -6.323558686877e-05
   3.259441801267e-02   3.830843684394e-05
  -3.530757534667e-02  -1.016315468946e-05
   3.500834151855e-02  -1.885777803241e-05
  -3.161142650261e-02   4.626722899987e-05
   2.564808918247e-02  -6.979183660042e-05
  -1.762724761898e-02   8.742545587932e-05
   7.973541623483e-03  -9.769871767915e-05
   2.392498256315e-03   9.971761077483e-05
  -1.239347466719e-02  -9.334484411964e-05
   2.137965291477e-02   7.909310187292e-05
  -2.871182162090e-02  -5.818094716952e-05
   3.353125857424e-02   3.234937317261e-05
  -3.541384534469e-02  -3.813269924391e-06
   3.445231913846e-02  -2.506243985262e-05
  -3.063465980300e-02   5.181525653048e-05
   2.407007649175e-02  -7.421125789063e-05
