   0.000000000000e+00   2.000000000000e-04
  -2.047356344000e-02   1.922218765119e-04
  -3.895249932388e-02   1.683485194835e-04
  -5.419681566424e-02   1.303988564894e-04
  -6.518433648926e-02   8.155260568025e-05
  -7.067016898156e-02   2.588170668763e-05
  -6.997172905572e-02  -3.195882951773e-05
  -6.348889054525e-02  -8.712128907963e-05
  -5.196171379076e-02  -1.349977126025e-04
  -3.600198949939e-02  -1.715964747623e-04
  -1.676915644417e-02  -1.938464346289e-04
   3.767441560488e-03  -1.998656790720e-04
   2.373404581896e-02  -1.891531399645e-04
   4.182796067661e-02  -1.626224545384e-04
   5.667103686461e-02  -1.224937159733e-04
   6.664483774373e-02  -7.211442777444e-05
   7.080128114302e-02  -1.570523768058e-05
   6.917961339152e-02   4.200572583761e-05
   6.200358319315e-02   9.620336131589e-05
   4.947624824384e-02   1.423691917458e-04
   3.258715159707e-02   1.766295100839e-04
   1.315285566963e-02   1.960985013440e-04
  -7.177328793411e-03   1.991508076817e-04
  -2.710807649178e-02   1.855417316480e-04
  -4.495660850749e-02   1.564035001652e-04
  -5.882477658786e-02   1.141697125939e-04
  -6.760270128955e-02   6.238993009144e-05
  -7.095482881089e-02   5.405659742446e-06
  -6.851971824236e-02  -5.203266716891e-05
  -6.011210777655e-02  -1.051338846889e-04
  -4.654270584885e-02  -1.494443630511e-04
  -2.932551845478e-02  -1.812453807112e-04
  -9.771195467600e-03  -1.978829866210e-04
   1.085407288981e-02  -1.979673936044e-04
   3.067455474049e-02  -1.814777857408e-04
   4.766900143061e-02  -1.497918923626e-04
   6.058481795757e-02  -1.055808326389e-04
   6.869620228701e-02  -5.255270380944e-05
   7.113326003920e-02   4.871847269959e-06
   6.734739904133e-02   6.189843409034e-05
   5.787199054431e-02   1.137456130791e-04
   4.382974652528e-02   1.560716716876e-04
   2.614966065694e-02   1.853453015646e-04
   5.999691877204e-03   1.991124837013e-04
  -1.465913074937e-02   1.962010711016e-04
  -3.380952572447e-02   1.768543238638e-04
  -5.014819619962e-02   1.427123387984e-04
  -6.256778574628e-02   9.663832922345e-05
  -6.970856788802e-02   4.247520965591e-05
  -7.074213728037e-02  -1.524554868737e-05
  -6.591913305360e-02  -7.168433478810e-05
  -5.584816993447e-02  -1.221255462120e-04
  -4.102333759095e-02  -1.623631451255e-04
  -2.250252714544e-02  -1.890216023152e-04
  -2.192442521857e-03  -1.998489577188e-04
   1.804468643316e-02  -1.939398896160e-04
   3.687951140703e-02  -1.718050203698e-04
   5.287841990978e-02  -1.352972303922e-04
   6.432904417374e-02  -8.746296175011e-05
   7.015148548581e-02  -3.231257432123e-05
   7.024238365496e-02   2.552831323581e-05
   6.469134393625e-02   8.123189263240e-05
   5.356845540064e-02   1.301535618516e-04
   3.773597361764e-02   1.681895275485e-04
   1.892041529534e-02   1.921374412824e-04
  -1.269530628542e-03   1.999954593939e-04
  -2.154902870165e-02   1.911152290442e-04
  -4.021649473994e-02   1.662325173006e-04
  -5.530394374680e-02   1.274250789736e-04
  -6.558801381598e-02   7.795772179141e-05
  -7.060842617140e-02   2.198183187191e-05
  -6.987437515677e-02  -3.583365950068e-05
  -6.305613072975e-02  -9.066496016969e-05
  -5.082217210400e-02  -1.379136590359e-04
  -3.457782465194e-02  -1.736149302337e-04
  -1.556172075724e-02  -1.947877119428e-04
   5.007538122862e-03  -1.996616118601e-04
   2.526724319581e-02  -1.878135750162e-04
   4.315543236452e-02  -1.602318468156e-04
   5.733489852373e-02  -1.192448392345e-04
   6.697740616759e-02  -6.829364416733e-05
   7.109435597211e-02  -1.162826448297e-05
   6.899196186386e-02   4.601849809016e-05
   6.105287124853e-02   9.981243569773e-05
   4.827739888267e-02   1.452484701494e-04
   3.149896873721e-02   1.785349247403e-04
   1.180302105794e-02   1.968816650054e-04
  -8.896849031540e-03   1.987317626015e-04
  -2.857067409360e-02   1.839278370573e-04
  -4.586160432711e-02   1.537291912795e-04
  -5.959143587317e-02   1.106706931870e-04
  -6.829811077123e-02   5.834551563392e-05
  -7.101195826441e-02   1.133866503439e-06
  -6.783640612734e-02  -5.616496589927e-05
  -5.925251618337e-02  -1.087620402115e-04
  -4.563598367958e-02  -1.522709496589e-04
  -2.793393516852e-02  -1.830427214996e-04
  -7.979754753186e-03  -1.984801620575e-04
   1.238365035230e-02  -1.972901017904e-04
   3.181087650634e-02  -1.795868916379e-04
   4.882835506904e-02  -1.468527268844e-04
   6.164252508975e-02  -1.018195986992e-04
   6.904790448514e-02  -4.826574878728e-05
   7.080416920490e-02   9.313810386121e-06
   6.687380391622e-02   6.611080830549e-05
   5.719525326705e-02   1.173887315001e-04
   4.249685516176e-02   1.588471288627e-04
   2.440773681262e-02   1.869967259642e-04
   4.490272022535e-03   1.994824193232e-04
  -1.599175188533e-02   1.952670893193e-04
  -3.533371069134e-02   1.746950942941e-04
  -5.151010935024e-02   1.394830202188e-04
  -6.319135292747e-02   9.259611873553e-05
  -6.980150198340e-02   3.797309424773e-05
  -7.073040769236e-02  -1.982718579443e-05
  -6.550656020084e-02  -7.598085394285e-05
  -5.465219711969e-02  -1.257785940881e-04
  -3.946089652299e-02  -1.650418442370e-04
  -2.109595124798e-02  -1.904907717773e-04
  -7.179985488569e-04  -1.999962672775e-04
   1.983795908948e-02  -1.927461815502e-04
   3.848019743902e-02  -1.693423591822e-04
   5.379533887011e-02  -1.317636545201e-04
   6.486447943030e-02  -8.316836339121e-05
   7.059205543885e-02  -2.761242521165e-05
   7.014348312729e-02   3.026214235768e-05
   6.375002310028e-02   8.560086886653e-05
   5.229021808054e-02   1.337685508968e-04
   3.650081190925e-02   1.707447271628e-04
   1.737569610956e-02   1.934304566743e-04
  -3.231753152657e-03   1.999042886833e-04
  -2.328815825398e-02   1.896194097566e-04
  -4.139208743369e-02   1.634557852085e-04
  -5.630834949207e-02   1.236117782115e-04
  -6.648547108858e-02   7.341373588613e-05
  -7.081784888562e-02   1.706618289935e-05
  -6.926431306398e-02  -4.070136563690e-05
  -6.218314516028e-02  -9.505885907741e-05
  -4.983246954185e-02  -1.414723740964e-04
  -3.304093247101e-02  -1.760503146694e-04
  -1.355892145390e-02  -1.958760776520e-04
   6.796833083055e-03  -1.992871078420e-04
   2.667436112767e-02  -1.860111220770e-04
   4.457498373041e-02  -1.571596009329e-04
   5.863681856650e-02  -1.151403442653e-04
   6.753540577901e-02  -6.348117666580e-05
   7.089938021434e-02  -6.521588534958e-06
   6.857186507661e-02   5.097927522498e-05
   6.036241301008e-02   1.042252653650e-04
   4.686019749049e-02   1.487516932832e-04
   2.959056527012e-02   1.808120263767e-04
   1.006501058933e-02   1.977222811087e-04
  -1.048285334111e-02   1.980736285027e-04
  -3.036027105646e-02   1.818270513330e-04
  -4.749651149502e-02   1.503361034760e-04
  -6.046294968377e-02   1.062552596096e-04
  -6.857693741270e-02   5.329141725701e-05
  -7.111962952691e-02  -4.132096991613e-06
  -6.748171493206e-02  -6.122136607732e-05
  -5.803625973633e-02  -1.131882896180e-04
  -4.396291192785e-02  -1.556721080494e-04
  -2.634764531044e-02  -1.851227691237e-04
  -6.284303286674e-03  -1.990756381280e-04
   1.443358044160e-02  -1.963449178317e-04
   3.369509137877e-02  -1.771521667087e-04
   5.001864069314e-02  -1.431232579419e-04
   6.240605190767e-02  -9.712142612032e-05
   6.966698145589e-02  -4.298849665776e-05
   7.083145324857e-02   1.475052554948e-05
   6.597947187763e-02   7.125104007965e-05
   5.586920219449e-02   1.217793504750e-04
   4.114101407078e-02   1.621171082531e-04
   2.268985177051e-02   1.888842587992e-04
   2.297036874793e-03   1.998165638214e-04
  -1.800933680733e-02   1.939913855950e-04
  -3.679131284092e-02   1.719138637221e-04
  -5.276989678232e-02   1.354411215469e-04
  -6.431743840902e-02   8.761908741461e-05
  -7.019843841659e-02   3.245544689532e-05
  -7.023012478643e-02  -2.541668168116e-05
  -6.465344154056e-02  -8.115612819746e-05
  -5.361123525353e-02  -1.301128356562e-04
  -3.780744447433e-02  -1.681829057975e-04
  -1.890067902119e-02  -1.921567221339e-04
   1.324472434718e-03  -2.000224018977e-04
   2.151772659986e-02  -1.911331336378e-04
   4.016932950986e-02  -1.662327574777e-04
   5.536203182717e-02  -1.273985591829e-04
   6.565928307982e-02  -7.789305060552e-05
   7.056465892836e-02  -2.187843558837e-05
   6.981022300864e-02   3.596212256346e-05
   6.308075706935e-02   9.080299394535e-05
   5.082234387878e-02   1.380463785227e-04
   3.445096330136e-02   1.737178353226e-04
   1.542372289526e-02   1.948295911839e-04
  -5.063534894494e-03   1.996198801595e-04
  -2.534387696430e-02   1.876769206046e-04
  -4.331354492031e-02   1.599925168768e-04
  -5.745194611182e-02   1.189025119005e-04
  -6.697833037088e-02   6.786619336954e-05
  -7.107625921241e-02   1.114894836555e-05
  -6.900384211947e-02  -4.651266534318e-05
  -6.098301276267e-02  -1.002819369891e-04
  -4.807799309239e-02  -1.456463234401e-04
  -3.129673062659e-02  -1.788139253884e-04
  -1.165906358482e-02  -1.970086365644e-04
   9.095762168226e-03  -1.986883229244e-04
   2.884786028309e-02  -1.837030195866e-04
   4.605480198909e-02  -1.533253212253e-04
   5.964995037954e-02  -1.101144634082e-04
   6.836067781249e-02  -5.768138391828e-05
   7.108797295786e-02  -4.108227334816e-07
   6.776136050078e-02   5.689015343762e-05
   5.902058196471e-02   1.094191753194e-04
   4.541127384380e-02   1.527899067376e-04
   2.772369509776e-02   1.833688615557e-04
   7.656193832072e-03   1.985717909377e-04
  -1.277659097935e-02   1.971158175030e-04
  -3.210722508819e-02   1.791384512215e-04
  -4.902522489998e-02   1.461539855018e-04
  -6.184023207449e-02   1.009176547827e-04
  -6.919354099730e-02   4.722233785060e-05
  -7.076396838705e-02  -1.041902573910e-05
  -6.668101467534e-02  -6.718178126610e-05
  -5.697594792109e-02  -1.183294282418e-04
  -4.222325131914e-02  -1.595752688462e-04
  -2.398176279812e-02  -1.874432494710e-04
  -3.998772105220e-03  -1.995933847418e-04
   1.638404455561e-02  -1.950184930691e-04
   3.565893936278e-02  -1.741006021661e-04
   5.186628893097e-02  -1.385833237399e-04
   6.346455875756e-02  -9.145220587780e-05
   6.983810609399e-02  -3.667348663053e-05
   7.061657822446e-02   2.116974547083e-05
   6.536540888436e-02   7.725028161275e-05
   5.438493404979e-02   1.268668100366e-04
   3.897683645935e-02   1.658456887812e-04
   2.054128406962e-02   1.909207580325e-04
   2.303525061466e-04   1.999973742253e-04
  -2.032774721439e-02   1.923037819832e-04
  -3.900837239909e-02   1.684741375360e-04
  -5.420582684164e-02   1.305209239216e-04
  -6.504930619961e-02   8.164319361586e-05
  -7.063615834913e-02   2.592902798831e-05
  -7.009833469788e-02  -3.196711645589e-05
  -6.350555302958e-02  -8.718800379284e-05
  -5.180560031968e-02  -1.350983565536e-04
  -3.592886299427e-02  -1.716922860503e-04
  -1.681563975013e-02  -1.939067291129e-04
   3.860962806160e-03  -1.998619776413e-04
   2.398199783372e-02  -1.890475741141e-04
   4.195091103371e-02  -1.623853501175e-04
   5.664263217115e-02  -1.221247087455e-04
   6.671491858356e-02  -7.163208034236e-05
   7.094698829915e-02  -1.513163389129e-05
   6.911918384773e-02   4.263223586659e-05
   6.175512610809e-02   9.681634199616e-05
   4.930858665795e-02   1.428950053108e-04
   3.246108635629e-02   1.770086342651e-04
   1.281797048423e-02   1.962763934019e-04
  -7.627308500881e-03   1.990723221672e-04
  -2.738381788755e-02   1.851758109468e-04
  -4.512084359199e-02   1.557595820416e-04
  -5.909892110823e-02   1.132810197522e-04
  -6.784345424708e-02   6.130331058341e-05
  -7.089807700493e-02   4.198253396133e-06
  -6.828696401667e-02  -5.325122165664e-05
  -5.993482907381e-02  -1.062499963141e-04
  -4.628343278592e-02  -1.503569904626e-04
  -2.878453016329e-02  -1.818561261509e-04
  -9.143651101615e-03  -1.981013133472e-04
   1.131165780259e-02  -1.977408112807e-04
   3.108764071430e-02  -1.808030647054e-04
   4.819529152570e-02  -1.486977431556e-04
   6.099538681533e-02  -1.041248409644e-04
   6.875858950201e-02  -5.083893873164e-05
   7.102090493728e-02   6.698286574410e-06
   6.723506861650e-02   6.368360709866e-05
   5.755425077400e-02   1.153400910791e-04
   4.316142030239e-02   1.573226887219e-04
   2.539807299960e-02   1.861122177129e-04
   5.368166860205e-03   1.993021071207e-04
  -1.535055312724e-02   1.957752115594e-04
  -3.462464448661e-02   1.758146279563e-04
  -5.076995509160e-02   1.411076221228e-04
  -6.283292365872e-02   9.458339196840e-05
  -6.983614868842e-02   4.013630078688e-05
  -7.079300242608e-02  -1.768335915612e-05
  -6.562071654319e-02  -7.402372554192e-05
  -5.514992291573e-02  -1.241542818256e-04
  -4.023495375530e-02  -1.638822073166e-04
  -2.173275630463e-02  -1.898820985901e-04
  -1.239446528472e-03  -1.999565014827e-04
   1.913663611590e-02  -1.932473950945e-04
   3.775084066189e-02  -1.703308567326e-04
   5.342871936069e-02  -1.331434854134e-04
   6.477110957309e-02  -8.479658781460e-05
   7.044359897071e-02  -2.933634027213e-05
   7.007907339252e-02   2.857812762060e-05
   6.408747135737e-02   8.408859419789e-05
   5.283466343193e-02   1.325572206171e-04
   3.689108599561e-02   1.699249838937e-04
   1.775992657597e-02   1.930381766852e-04
  -2.593946645414e-03   1.999461049970e-04
  -2.266099875284e-02   1.900815006449e-04
  -4.110031115775e-02   1.642793176316e-04
  -5.613694197010e-02   1.246948341592e-04
  -6.618834330417e-02   7.464960895370e-05
  -7.066610817302e-02   1.835610435135e-05
  -6.949519234853e-02  -3.946722660739e-05
  -6.250000278162e-02  -9.399248181741e-05
  -4.998780306021e-02  -1.406513116955e-04
  -3.329654627246e-02  -1.755135666137e-04
  -1.408609761674e-02  -1.956494677910e-04
   6.334219995377e-03  -1.993798011555e-04
   2.649539188643e-02  -1.863897103037e-04
   4.439197720440e-02  -1.577572649289e-04
   5.829454826487e-02  -1.158911742474e-04
   6.736513471490e-02  -6.432153313449e-05
   7.105478663587e-02  -7.369986247230e-06
   6.871133180052e-02   5.020738777266e-05
   6.034058020785e-02   1.035840832881e-04
   4.700275348055e-02   1.482702983619e-04
   2.997959954079e-02   1.805188487634e-04
   1.032426939487e-02   1.976327158724e-04
  -1.044643673889e-02   1.981653724351e-04
  -3.020231230303e-02   1.820576030005e-04
  -4.718720280178e-02   1.506722024060e-04
  -6.037117145694e-02   1.066617079521e-04
  -6.871340920289e-02   5.371319940318e-05
  -7.111740214901e-02  -3.746599029228e-06
  -6.734840645545e-02  -6.089485116595e-05
  -5.811927690339e-02  -1.129315991344e-04
  -4.421067771949e-02  -1.555031104545e-04
  -2.639414658487e-02  -1.850460441486e-04
  -6.179003435961e-03  -1.990657383197e-04
   1.434652003892e-02  -1.963710834899e-04
   3.349503341732e-02  -1.771995854885e-04
   5.005062671403e-02  -1.431746733266e-04
   6.256977844279e-02  -9.714474497776e-05
   6.961344027178e-02  -4.296335839839e-05
   7.066913475111e-02   1.481568334973e-05
   6.603548313126e-02   7.134276743418e-05
   5.599535440501e-02   1.218934572605e-04
   4.100747805964e-02   1.622350694383e-04
   2.246460643875e-02   1.889647149998e-04
   2.295837456051e-03   1.998261606061e-04
  -1.797453381933e-02   1.939185420951e-04
  -3.700401050832e-02   1.717450826906e-04
  -5.299570813704e-02   1.351573646390e-04
  -6.426770751491e-02   8.722618037087e-05
  -7.010253002889e-02   3.198914550248e-05
  -7.033176968955e-02  -2.592006304092e-05
  -6.468687136464e-02  -8.166451530542e-05
  -5.334034486137e-02  -1.305742259211e-04
  -3.751014297519e-02  -1.685302142702e-04
  -1.880695191514e-02  -1.923415312608e-04
   1.480801620629e-03  -2.000194988931e-04
   2.191821438146e-02  -1.909179534854e-04
   4.049626640840e-02  -1.657880311648e-04
   5.540303234240e-02  -1.267440659538e-04
   6.569639422024e-02  -7.708155558639e-05
   7.075081841319e-02  -2.096613883035e-05
   6.981805512394e-02   3.691401555970e-05
   6.275759313173e-02   9.170692994702e-05
   5.050314573727e-02   1.388033897524e-04
   3.427610341779e-02   1.742526260042e-04
   1.507776725000e-02   1.950888562261e-04
  -5.645101927184e-03   1.995532569629e-04
  -2.577752525276e-02   1.872548836485e-04
  -4.349766825441e-02   1.592351380213e-04
  -5.770455072754e-02   1.178656953011e-04
  -6.730495238745e-02   6.661550266990e-05
  -7.110223061871e-02   9.770923840421e-06
  -6.871096010326e-02  -4.789561066903e-05
  -6.072551861143e-02  -1.015386988404e-04
  -4.785597340124e-02  -1.466684881082e-04
  -3.078816266115e-02  -1.795076150834e-04
  -1.093591595914e-02  -1.972851363457e-04
   9.642057241832e-03  -1.984925418669e-04
   2.922037074712e-02  -1.830378101473e-04
   4.654827894204e-02  -1.522331756710e-04
   6.015015253207e-02  -1.086589836913e-04
   6.849213985986e-02  -5.596423363070e-05
   7.091884032871e-02   1.420167871815e-06
   6.761965048261e-02   5.867468947737e-05
   5.880008350326e-02   1.110121180385e-04
   4.480827542059e-02   1.540507702922e-04
   2.691917106738e-02   1.841619662086e-04
   7.018991573713e-03   1.988036553082e-04
  -1.335607135643e-02   1.967557111658e-04
  -3.286901474850e-02   1.781975920640e-04
  -4.971431199619e-02   1.446780165194e-04
  -6.211993070157e-02   9.901049984627e-05
  -6.924207669276e-02   4.504488350575e-05
  -7.082435003832e-02  -1.268781041280e-05
  -6.651352137462e-02  -6.936325106913e-05
  -5.634864456542e-02  -1.202338362386e-04
  -4.142195098303e-02  -1.610160736881e-04
  -2.329163745448e-02  -1.882801900843e-04
  -3.223935500067e-03  -1.997466545686e-04
   1.738821090899e-02  -1.944513761809e-04
   3.654490276308e-02  -1.728252624894e-04
   5.235970737794e-02  -1.366875982442e-04
   6.379019726589e-02  -8.909172593969e-05
   7.014207794406e-02  -3.403385876444e-05
   7.058077107957e-02   2.388411133633e-05
   6.482174786002e-02   7.980682807408e-05
   5.366864110497e-02   1.290295491829e-04
   3.828212587932e-02   1.674215185345e-04
   1.961220653680e-02   1.917697907343e-04
  -9.719765818901e-04   2.000210881925e-04
  -2.138261238880e-02   1.914648476276e-04
  -3.973847983537e-02   1.668262162567e-04
  -5.487174256007e-02   1.281941904881e-04
  -6.564718082108e-02   7.881130214063e-05
  -7.077878285960e-02   2.280930213609e-05
  -6.973255890684e-02  -3.510889253872e-05
  -6.298347841744e-02  -9.007456567670e-05
  -5.117454112149e-02  -1.374851583461e-04
  -3.490735755215e-02  -1.733724788432e-04
  -1.549277161037e-02  -1.947103283586e-04
   5.049437222860e-03  -1.996893901839e-04
   2.496012043036e-02  -1.878987201267e-04
   4.295891243734e-02  -1.603434084285e-04
   5.754982237570e-02  -1.193330418238e-04
   6.711485092663e-02  -6.830267804218e-05
   7.085848121690e-02  -1.154518588630e-05
   6.886252248442e-02   4.616928488005e-05
   6.126130491022e-02   1.000127441226e-04
   4.829522199251e-02   1.454778914327e-04
   3.111500085861e-02   1.787331101566e-04
   1.155682443395e-02   1.969705007283e-04
  -8.833227885525e-03   1.986659715556e-04
  -2.872902877303e-02   1.836848111036e-04
  -4.632931056383e-02   1.532758801536e-04
  -5.978191140171e-02   1.099913528004e-04
  -6.811927300213e-02   5.748283056354e-05
  -7.100164659387e-02   1.631634662752e-07
  -6.800017260164e-02  -5.717539548446e-05
  -5.902334651160e-02  -1.097299314043e-04
  -4.503242637085e-02  -1.530756681735e-04
  -2.752981198774e-02  -1.835659463407e-04
  -7.759521243536e-03  -1.986493050557e-04
   1.293364440647e-02  -1.970581845706e-04
   3.257136694834e-02  -1.789117278018e-04
   4.920106742582e-02  -1.457356823541e-04
   6.168317291812e-02  -1.003360547917e-04
   6.926166601068e-02  -4.652865267854e-05
   7.102616139284e-02   1.118692126037e-05
   6.655173175318e-02   6.797198237403e-05
   5.650849802869e-02   1.190485894318e-04
   4.199607995374e-02   1.601286016899e-04
   2.391524376873e-02   1.877731790186e-04
   3.551580958266e-03   1.996528944003e-04
  -1.704612418149e-02   1.947509107542e-04
  -3.594366667603e-02   1.734830541306e-04
  -5.190934644025e-02   1.376559840540e-04
  -6.377551749377e-02   9.027993427237e-05
  -7.017847770807e-02   3.532023900744e-05
  -7.043868929963e-02  -2.260655953656e-05
  -6.491042937512e-02  -7.862865829248e-05
  -5.417336099100e-02  -1.280527163908e-04
  -3.874806640804e-02  -1.667419925249e-04
  -1.983622147005e-02  -1.914359040259e-04
   5.907927112031e-04  -2.000415459800e-04
   2.074393693694e-02  -1.918409311960e-04
   3.931694099226e-02  -1.675378655472e-04
   5.480447764817e-02  -1.291706974947e-04
   6.551585560990e-02  -7.995357418251e-05
   7.051867904328e-02  -2.402853160966e-05
   6.978819389744e-02   3.390081509322e-05
   6.339399609534e-02   8.898582839385e-05
   5.147331051596e-02   1.366155637602e-04
   3.504728941851e-02   1.727775859440e-04
   1.589473474465e-02   1.944181117858e-04
  -4.429714774812e-03   1.997250631405e-04
  -2.461438681944e-02   1.882604952042e-04
  -4.287458000676e-02   1.609783404595e-04
  -5.728876324736e-02   1.201676252852e-04
  -6.676802361738e-02   6.927357253284e-05
  -7.089296575851e-02   1.257762434653e-05
  -6.916867572198e-02  -4.517738292308e-05
  -6.137763575986e-02  -9.915374199354e-05
  -4.834538301249e-02  -1.448073936806e-04
  -3.151500739822e-02  -1.782961253100e-04
  -1.210943235111e-02  -1.968155234208e-04
   8.579065017973e-03  -1.988098089298e-04
   2.860585378971e-02  -1.840963115554e-04
   4.596104629650e-02  -1.539107107982e-04
   5.941043977042e-02  -1.108086887923e-04
   6.814231270013e-02  -5.841697627068e-05
   7.118158871517e-02  -1.119168094730e-06
   6.796794261057e-02   5.628072099327e-05
   5.903468807819e-02   1.089522522998e-04
   4.541982209702e-02   1.524713698832e-04
   2.797830024539e-02   1.831940613786e-04
   7.908035217150e-03   1.985332519136e-04
  -1.279293277444e-02   1.971801360032e-04
  -3.214409468499e-02   1.792496906278e-04
  -4.885168732167e-02   1.462685111855e-04
  -6.172410791356e-02   1.010108732171e-04
  -6.933244957320e-02   4.726623075555e-05
  -7.085565281260e-02  -1.044990852508e-05
  -6.652558640391e-02  -6.728097060473e-05
  -5.686222513652e-02  -1.184631906161e-04
  -4.230998080317e-02  -1.597124819998e-04
  -2.395663170307e-02  -1.875543733672e-04
  -3.715587520350e-03  -1.996299618081e-04
   1.659792251904e-02  -1.949271063287e-04
   3.565388993979e-02  -1.738557395642e-04
   5.194771852394e-02  -1.381845005942e-04
   6.372824072494e-02  -9.090191750948e-05
   6.992995608815e-02  -3.598864825839e-05
   7.042183432279e-02   2.193327899513e-05
   6.521518081252e-02   7.801282014028e-05
   5.435030959104e-02   1.275558513175e-04
   3.871462051811e-02   1.663903336027e-04
   2.002190344963e-02   1.912363486026e-04
  -1.655140393050e-04   2.000102375070e-04
  -2.055211279637e-02   1.919828276629e-04
  -3.938124488470e-02   1.678197292922e-04
  -5.467358976061e-02   1.295470794524e-04
  -6.522126674930e-02   8.039776646224e-05
  -7.052779735803e-02   2.451077202068e-05
  -7.004205597212e-02  -3.343571521169e-05
  -6.342674598595e-02  -8.858788987701e-05
  -5.136752441457e-02  -1.363030795419e-04
  -3.524424992428e-02  -1.725640839414e-04
  -1.626081260896e-02  -1.943323452039e-04
   4.345490514729e-03  -1.997796415210e-04
   2.467531812027e-02  -1.884326700504e-04
   4.267090323930e-02  -1.612422430650e-04
   5.700536319174e-02  -1.205127336542e-04
   6.681604871528e-02  -6.967528934466e-05
   7.107468678740e-02  -1.298599197808e-05
   6.909201044025e-02   4.480177208993e-05
   6.126141345041e-02   9.882409778776e-05
   4.855822657458e-02   1.445412468104e-04
   3.179620321346e-02   1.781240332490e-04
   1.208339181058e-02   1.967461967133e-04
  -8.644385434529e-03   1.988219762802e-04
  -2.836746195267e-02   1.841752680567e-04
  -4.573068474931e-02   1.540565821103e-04
  -5.952558992912e-02   1.110026119855e-04
  -6.827120621925e-02   5.861968692396e-05
  -7.101012806807e-02   1.309760975794e-06
  -6.784964210734e-02  -5.610223916366e-05
  -5.925329565159e-02  -1.088008700253e-04
  -4.559573264409e-02  -1.523747045541e-04
  -2.784772119300e-02  -1.831553111345e-04
  -7.855013103372e-03  -1.985355255961e-04
   1.254473096787e-02  -1.972227080345e-04
   3.199838326454e-02  -1.793416320926e-04
   4.901093165800e-02  -1.463945465541e-04
   6.178364026668e-02  -1.011417514045e-04
   6.912236324033e-02  -4.739412320792e-05
   7.078926619921e-02   1.032091386581e-05
   6.674349374003e-02   6.716626818958e-05
   5.693631710546e-02   1.183835235889e-04
   4.211854809372e-02   1.596612135155e-04
   2.393097093680e-02   1.875126326162e-04
   3.942920241534e-03   1.995991496913e-04
  -1.656602013122e-02   1.949131846505e-04
  -3.587766307037e-02   1.738400671592e-04
  -5.196732041884e-02   1.381451743171e-04
  -6.351068505684e-02   9.084513632799e-05
  -6.993546023399e-02   3.592749314781e-05
  -7.064411054658e-02  -2.200739122454e-05
  -6.518750830374e-02  -7.810646352041e-05
  -5.410799713455e-02  -1.276477006183e-04
  -3.871768822420e-02  -1.664585841181e-04
  -2.020418969395e-02  -1.912848595414e-04
   2.506086287246e-04  -2.000419261550e-04
   2.080356188307e-02  -1.919780137644e-04
   3.935915831672e-02  -1.677657823402e-04
   5.449936430718e-02  -1.294591256818e-04
   6.531393355361e-02  -8.028911265732e-05
   7.073301008695e-02  -2.437492493338e-05
   6.994636857714e-02   3.359462926447e-05
   6.320465720508e-02   8.873951865205e-05
   5.141878143884e-02   1.364232457314e-04
   3.536683734417e-02   1.726505818054e-04
   1.606690569443e-02   1.943742957793e-04
  -4.618488560972e-03   1.997471607141e-04
  -2.463833390016e-02   1.883128290688e-04
  -4.257576684021e-02   1.610511916317e-04
  -5.721091854013e-02   1.202615812929e-04
  -6.702434723228e-02   6.936204370515e-05
  -7.092878516869e-02   1.263052692863e-05
  -6.890434321003e-02  -4.515424314519e-05
  -6.136069665945e-02  -9.914225800194e-05
  -4.861050106679e-02  -1.448134606326e-04
  -3.150620072974e-02  -1.783246592191e-04
  -1.181612897434e-02  -1.968381137707e-04
   8.603697818956e-03  -1.987948855863e-04
   2.837616623086e-02  -1.840443717357e-04
   4.602321639658e-02  -1.538273220288e-04
   5.971203612978e-02  -1.106751320991e-04
   6.812516098857e-02  -5.822251967538e-05
   7.091658901353e-02  -8.912441354488e-07
   6.799878891627e-02   5.651006204492e-05
   5.924334785910e-02   1.091759565752e-04
   4.526318982009e-02   1.526745738738e-04
   2.761771002012e-02   1.833312169403e-04
   7.882446878460e-03   1.985688967966e-04
  -1.267683840198e-02   1.971150266106e-04
  -3.238945637573e-02   1.790838998572e-04
  -4.919860159968e-02   1.459839416275e-04
  -6.166646790421e-02   1.006134794803e-04
  -6.914479742044e-02   4.680157850573e-05
  -7.099905634729e-02  -1.094041568496e-05
  -6.667793955053e-02  -6.777521041381e-05
  -5.657796230004e-02  -1.189192337950e-04
  -4.193822382588e-02  -1.600633231841e-04
  -2.393318443215e-02  -1.877554552890e-04
  -3.690996563706e-03  -1.996707864878e-04
   1.701136511057e-02  -1.947920003468e-04
   3.605158000432e-02  -1.735216252249e-04
   5.192177969785e-02  -1.376655336990e-04
   6.366583659161e-02  -9.025207125485e-05
   7.018373922334e-02  -3.525614103660e-05
   7.055387047610e-02   2.271001388987e-05
   6.488176048669e-02   7.876588418669e-05
   5.401119875353e-02   1.281957805430e-04
   3.869080091521e-02   1.668565811114e-04
   1.985077463558e-02   1.914978708135e-04
  -7.301287340012e-04   2.000267127689e-04
  -2.097822465941e-02   1.917182124514e-04
  -3.941383239204e-02   1.672883860028e-04
  -5.480924668318e-02   1.288010796689e-04
  -6.562034345522e-02   7.948284143352e-05
  -7.063795028032e-02   2.347914389733e-05
  -6.971210064228e-02  -3.449022339507e-05
  -6.320013094263e-02  -8.955617275630e-05
  -5.136163326544e-02  -1.371073670233e-04
  -3.493140387861e-02  -1.731441915873e-04
  -1.559062263790e-02  -1.946157931971e-04
   4.791008943954e-03  -1.997114839374e-04
   2.481017245156e-02  -1.880159162913e-04
   4.301136732800e-02  -1.605145919496e-04
   5.754162119952e-02  -1.195110898704e-04
   6.696655379626e-02  -6.845949624178e-05
   7.082984523659e-02  -1.166671089211e-05
   6.900178495363e-02   4.609979585924e-05
   6.128494786902e-02   1.000031816559e-04
   4.815482434823e-02   1.455089788790e-04
   3.108068178349e-02   1.787726152816e-04
   1.164299700728e-02   1.969951979989e-04
  -8.902374654247e-03   1.986529030333e-04
  -2.893959248450e-02   1.835992125377e-04
  -4.639374679341e-02   1.530908981508e-04
  -5.971712603953e-02   1.097076666343e-04
  -6.818391837887e-02   5.711489347699e-05
  -7.113122578642e-02  -2.743918259565e-07
  -6.791686978833e-02  -5.765184442354e-05
  -5.879018563901e-02  -1.101886521385e-04
  -4.491114496826e-02  -1.534566135288e-04
  -2.744421658673e-02  -1.838232156039e-04
  -7.467600846199e-03  -1.987393905995e-04
   1.331665455544e-02  -1.969357409178e-04
   3.277121976886e-02  -1.785537934693e-04
   4.929976636215e-02  -1.451553059768e-04
   6.190026606556e-02  -9.956494285788e-05
   6.945344027864e-02  -4.560783929724e-05
   7.093745399635e-02   1.219041029831e-05
   6.631102992602e-02   6.896278893409e-05
   5.634704420375e-02   1.199306048511e-04
   4.177107595518e-02   1.608199278507e-04
   2.342983125614e-02   1.881943637133e-04
   3.008683591017e-03   1.997311004645e-04
  -1.740571021606e-02   1.944490619538e-04
  -3.626924572225e-02   1.728082168420e-04
  -5.234784825392e-02   1.366402598271e-04
  -6.408637005739e-02   8.897882364676e-05
  -7.016332008242e-02   3.383032713496e-05
  -7.029563833738e-02  -2.415535258216e-05
  -6.478853270102e-02  -8.010393181404e-05
  -5.385829844262e-02  -1.293287414983e-04
  -3.812493357301e-02  -1.676911089003e-04
  -1.917292639272e-02  -1.919441592263e-04
   1.119882700397e-03  -2.000401829588e-04
   2.132061050176e-02  -1.913103693244e-04
   3.999989248480e-02  -1.664923755764e-04
   5.529871208308e-02  -1.276646461339e-04
   6.567347230405e-02  -7.809794398408e-05
   7.055472749738e-02  -2.197688288449e-05
   6.977375291132e-02   3.598319296367e-05
   6.307584913803e-02   9.092802813083e-05
   5.080151147834e-02   1.382370555075e-04
   3.432089550702e-02   1.739131636698e-04
   1.521733023890e-02   1.949517100662e-04
  -5.257686737821e-03   1.995915828774e-04
  -2.554849879651e-02   1.874364488084e-04
  -4.357673337396e-02   1.594980328475e-04
  -5.768935079527e-02   1.181386800160e-04
  -6.707998337510e-02   6.685654622835e-05
  -7.106481063887e-02   9.958843587680e-06
  -6.892361470537e-02  -4.778643312177e-05
  -6.075865331361e-02  -1.015200296242e-04
  -4.764377010841e-02  -1.467111928156e-04
  -3.073621456867e-02  -1.795634504465e-04
  -1.107008803872e-02  -1.973192481563e-04
   9.734702275467e-03  -1.984709220556e-04
   2.953848965172e-02  -1.829090537854e-04
   4.665824813834e-02  -1.519564703415e-04
   6.004424118378e-02  -1.082347213499e-04
   6.856787576442e-02  -5.541544478942e-05
   7.111985399272e-02   2.070663313580e-06
   6.751137549589e-02   5.938239765590e-05
   5.843938443716e-02   1.116928726412e-04
   4.461271188157e-02   1.546133129828e-04
   2.680123407293e-02   1.845378403231e-04
   6.588544904749e-03   1.989295140307e-04
  -1.393657961500e-02   1.965639388198e-04
  -3.316386934593e-02   1.776537651258e-04
  -4.985208588674e-02   1.438031456206e-04
  -6.244819548571e-02   9.785302480325e-05
  -6.952972655282e-02   4.366598375304e-05
  -7.067767481324e-02  -1.418729573351e-05
  -6.614374468461e-02  -7.083965572354e-05
  -5.611116219901e-02  -1.215436246662e-04
  -4.109031119277e-02  -1.620377766211e-04
  -2.255989851487e-02  -1.888958111246e-04
  -2.399217645414e-03  -1.998477558296e-04
   1.792508240518e-02  -1.939830879832e-04
   3.701107479831e-02  -1.717999802531e-04
   5.300771744622e-02  -1.351558510199e-04
   6.427140605467e-02  -8.713710595945e-05
   7.011632343188e-02  -3.180031291562e-05
   7.033623984032e-02   2.620061339344e-05
   6.463165915884e-02   8.200637353104e-05
   5.321272966068e-02   1.309254655644e-04
   3.734146442257e-02   1.688247146443e-04
   1.860078074124e-02   1.925094709687e-04
  -1.755269473460e-03   1.999953004614e-04
  -2.223420604590e-02   1.906476253619e-04
  -4.076924433274e-02   1.652408637078e-04
  -5.560791504425e-02   1.259226908881e-04
  -6.585902424383e-02   7.602206333740e-05
  -7.082364966070e-02   1.973456069516e-05
  -6.971769409416e-02  -3.822184004642e-05
  -6.249821794574e-02  -9.297072848528e-05
  -5.014510670701e-02  -1.398941382159e-04
  -3.381033872995e-02  -1.750473462527e-04
  -1.449170490850e-02  -1.954796291255e-04
   6.278339067516e-03  -1.994590439650e-04
   2.637127001211e-02  -1.866360392690e-04
   4.401989159690e-02  -1.581008137587e-04
   5.812319584225e-02  -1.162737321140e-04
   6.755186052429e-02  -6.467083044013e-05
   7.112336404653e-02  -7.621411214444e-06
   6.850198417003e-02   5.006983599672e-05
   6.030246051043e-02   1.035412733912e-04
   4.722253721787e-02   1.483040908092e-04
   2.996417896198e-02   1.805986071364e-04
   1.000238727511e-02   1.976892629658e-04
  -1.058400194446e-02   1.981215505299e-04
  -3.011711150802e-02   1.818702699039e-04
  -4.734540141258e-02   1.503177361844e-04
  -6.073011198013e-02   1.061139215174e-04
  -6.876094830577e-02   5.297447790913e-05
  -7.088064131208e-02  -4.616769144164e-06
  -6.728423106251e-02  -6.181060302085e-05
  -5.813210335141e-02  -1.138118642389e-04
  -4.383265867016e-02  -1.562515527397e-04
  -2.575051585343e-02  -1.855399362709e-04
  -5.758373357069e-03  -1.991994454716e-04
   1.463870125844e-02  -1.960899083944e-04
   3.406504697009e-02  -1.764791429831e-04
   5.069114114351e-02  -1.420089101170e-04
   6.278427609052e-02  -9.558175839946e-05
   6.953889403670e-02  -4.112201357877e-05
   7.071082993029e-02   1.678557052710e-05
   6.596859569730e-02   7.328743888732e-05
   5.539904752547e-02   1.236349541990e-04
   4.014727421816e-02   1.635744315582e-04
   2.179100825121e-02   1.897364565906e-04
   1.594761499332e-03   1.999271148271e-04
  -1.901250810822e-02   1.932855490237e-04
  -3.799074766428e-02   1.703575749771e-04
  -5.349561253859e-02   1.330801870277e-04
  -6.454579704930e-02   8.461258092417e-05
  -7.043105554974e-02   2.903445692685e-05
  -7.031859489994e-02  -2.899422213678e-05
  -6.402427286509e-02  -8.459167177597e-05
  -5.242551869461e-02  -1.330668870729e-04
  -3.666970994378e-02  -1.703417322962e-04
  -1.772781711972e-02  -1.932870984003e-04
   2.958187661293e-03  -1.999607636809e-04
   2.328505506506e-02  -1.897844551661e-04
   4.140511763078e-02  -1.636230178004e-04
   5.616091474571e-02  -1.236987706346e-04
   6.642916054081e-02  -7.337152821557e-05
   7.096964533725e-02  -1.686437190437e-05
   6.930202390084e-02   4.106365612700e-05
   6.195137524106e-02   9.552826688632e-05
   4.960888457956e-02   1.419542627029e-04
   3.291961780298e-02   1.764429474780e-04
   1.324518999613e-02   1.960752867797e-04
  -7.358727312860e-03   1.991800762183e-04
  -2.714600450603e-02   1.855043275533e-04
  -4.484933862345e-02   1.562151481187e-04
  -5.895491361570e-02   1.137745861701e-04
  -6.787957131686e-02   6.174986231210e-05
  -7.092643071669e-02   4.531833655691e-06
  -6.822880993091e-02  -5.305759907165e-05
  -5.993395257477e-02  -1.061873122310e-04
  -4.635839155324e-02  -1.503947378445e-04
  -2.874555118230e-02  -1.819420155384e-04
  -8.951971535291e-03  -1.981584491016e-04
   1.147423373026e-02  -1.976864566387e-04
   3.117989809405e-02  -1.805732289595e-04
   4.836963408578e-02  -1.482513358887e-04
   6.123435625998e-02  -1.034413837528e-04
   6.884568444342e-02  -4.993272197836e-05
   7.091893333054e-02   7.765312039227e-06
   6.710325530866e-02   6.481416941913e-05
   5.737181860278e-02   1.164204999559e-04
   4.274465090932e-02   1.582246929971e-04
   2.478774101214e-02   1.866972473389e-04
   4.784482618145e-03   1.994483721393e-04
  -1.589713687361e-02   1.954031248869e-04
  -3.525861157189e-02   1.748882286961e-04
  -5.137323369189e-02   1.396351530740e-04
  -6.316366120956e-02   9.263406401528e-05
  -6.990967553243e-02   3.784597984977e-05
  -7.074557971359e-02  -2.013355060233e-05
  -6.535246142855e-02  -7.642766523346e-05
  -5.449641091187e-02  -1.262853294623e-04
  -3.931915526920e-02  -1.655089360711e-04
  -2.077568486958e-02  -1.908051506498e-04
  -2.171054320558e-04  -2.000353426956e-04
   2.029311835078e-02  -1.924043850112e-04
   3.883213348159e-02  -1.685598826613e-04
   5.417948659129e-02  -1.305303124278e-04
   6.522242381638e-02  -8.151998979599e-05
   7.067958186034e-02  -2.564252053775e-05
   6.993038503853e-02   3.239630776700e-05
   6.340180575880e-02   8.770035121573e-05
   5.178134694810e-02   1.356205197604e-04
   3.567001159871e-02   1.721329385660e-04
   1.631370556289e-02   1.941497629601e-04
  -4.269292811740e-03   1.997965976976e-04
  -2.426528588773e-02   1.886031965427e-04
  -4.238357019057e-02   1.615288569379e-04
  -5.714390053071e-02   1.208519277090e-04
  -6.690689080764e-02   6.999117727586e-05
  -7.083617930804e-02   1.323985725945e-05
  -6.899641506071e-02  -4.461545351811e-05
  -6.153027409053e-02  -9.871804119969e-05
  -4.867495688555e-02  -1.445245746952e-04
  -3.154727473468e-02  -1.781636049229e-04
  -1.197647727527e-02  -1.967854989830e-04
   8.442227954842e-03  -1.988275673086e-04
   2.837177325298e-02  -1.841265406535e-04
   4.606206517345e-02  -1.539132033519e-04
   5.964222719977e-02  -1.107294308851e-04
   6.805876038303e-02  -5.822822602345e-05
   7.098160257376e-02  -8.386292960731e-07
   6.805242560270e-02   5.662361842449e-05
   5.914291884339e-02   1.093315011929e-04
   4.514104928039e-02   1.528330627097e-04
   2.759252874955e-02   1.834527809893e-04
   7.807990071257e-03   1.986182647176e-04
  -1.289993420766e-02   1.970527611792e-04
  -3.258824377576e-02   1.788740629488e-04
  -4.925957260357e-02   1.456143185744e-04
  -6.173447957016e-02   1.000965689536e-04
  -6.928137883873e-02   4.616166574163e-05
  -7.101753811676e-02  -1.166414493926e-05
  -6.649842174426e-02  -6.851776087703e-05
  -5.636992695104e-02  -1.195999673164e-04
  -4.176496334910e-02  -1.606067224716e-04
  -2.363425365718e-02  -1.880939376556e-04
  -3.240637123353e-03  -1.997401872128e-04
   1.740670400315e-02  -1.945456803453e-04
   3.631699240235e-02  -1.729496170592e-04
   5.219927612718e-02  -1.367917650182e-04
   6.395314039345e-02  -8.912286223405e-05
   7.027317963726e-02  -3.394525676422e-05
   7.040545472172e-02   2.409465216472e-05
   6.466972803381e-02   8.009839858459e-05
   5.375054613647e-02   1.293543705208e-04
   3.821910005294e-02   1.677263634994e-04
   1.920618141150e-02   1.919718107702e-04
  -1.322257136198e-03   2.000266169726e-04
  -2.148750612400e-02   1.912141696224e-04
  -3.996594440121e-02   1.662939800321e-04
  -5.531691893053e-02   1.273659436916e-04
  -6.586286089254e-02   7.770172923487e-05
  -7.063007898160e-02   2.149374896329e-05
  -6.960587012861e-02  -3.651345363562e-05
  -6.293516478169e-02  -9.144665489327e-05
  -5.079058777412e-02  -1.386933523303e-04
  -3.415914628556e-02  -1.742622225212e-04
  -1.483017657063e-02  -1.951385386129e-04
   5.551164367139e-03  -1.995667786074e-04
   2.565499411407e-02  -1.871836789931e-04
   4.378563235798e-02  -1.590264301278e-04
   5.802677889360e-02  -1.174625706657e-04
   6.719887496682e-02  -6.600865849452e-05
   7.091936719153e-02  -9.009829758051e-06
   6.883292565198e-02   4.874740483310e-05
   6.072451100682e-02   1.024120500749e-04
   4.734474235822e-02   1.474523549373e-04
   3.020848224989e-02   1.800602012107e-04
   1.066122393990e-02   1.974934793449e-04
  -1.003103030577e-02   1.982858526919e-04
  -2.999326210204e-02   1.823568533855e-04
  -4.717147307383e-02   1.510464488312e-04
  -6.027854127483e-02   1.070135251128e-04
  -6.856716623340e-02   5.397847374154e-05
  -7.115287719401e-02  -3.605235167938e-06
  -6.747756623938e-02  -6.089567151320e-05
  -5.805865691570e-02  -1.130561428593e-04
  -4.401464381107e-02  -1.556883143460e-04
  -2.630395937230e-02  -1.852100828606e-04
  -6.107018385927e-03  -1.991304758078e-04
   1.463524096014e-02  -1.962574314109e-04
   3.387368011054e-02  -1.768311961490e-04
   5.023891012631e-02  -1.425087710912e-04
   6.264162379498e-02  -9.619029640686e-05
   6.976950760947e-02  -4.176644541686e-05
   7.074492838508e-02   1.618048564981e-05
   6.577115819841e-02   7.275802305369e-05
   5.552791969772e-02   1.232023206172e-04
   4.057170258485e-02   1.632766911867e-04
   2.192209922156e-02   1.895972756496e-04
   1.477556779522e-03   1.999236612781e-04
  -1.882314319604e-02   1.933840345948e-04
  -3.761252865127e-02   1.705466447524e-04
  -5.349241536989e-02   1.333390502327e-04
  -6.476608233465e-02   8.488843351025e-05
  -7.032722136466e-02   2.928446781030e-05
  -7.007568218106e-02  -2.877583593750e-05
  -6.416308658519e-02  -8.441060116452e-05
  -5.271410527570e-02  -1.329485385764e-04
  -3.658553717386e-02  -1.702912899011e-04
  -1.751292829179e-02  -1.932724748832e-04
   2.807591796899e-03  -1.999559180307e-04
   2.304216061572e-02  -1.897890030045e-04
   4.155597966675e-02  -1.636241558113e-04
   5.640524233831e-02  -1.236600429005e-04
   6.628535772798e-02  -7.327786550324e-05
   7.075208418197e-02  -1.673641996395e-05
   6.946148219403e-02   4.121214613406e-05
   6.212885772666e-02   9.570121143944e-05
   4.936453964329e-02   1.421307340094e-04
   3.264002466875e-02   1.765727651800e-04
   1.334181439875e-02   1.961279226139e-04
  -7.298999355434e-03   1.991523518327e-04
  -2.748567170590e-02   1.853783650502e-04
  -4.512389935860e-02   1.559617198745e-04
  -5.881449719931e-02   1.134010869868e-04
  -6.778709134845e-02   6.129717183265e-05
  -7.116944892725e-02   4.028506110555e-06
  -6.830490523377e-02  -5.359018014085e-05
  -5.957536691411e-02  -1.066942882473e-04
  -4.607670060162e-02  -1.508024577661e-04
  -2.878656271492e-02  -1.822065597153e-04
  -8.812169445663e-03  -1.982588650365e-04
   1.198656321968e-02  -1.975875227089e-04
   3.151421860759e-02  -1.802438019752e-04
   4.831526766755e-02  -1.477085837222e-04
   6.130700264451e-02  -1.027353110871e-04
   6.918667546365e-02  -4.910381771807e-05
   7.096566045094e-02   8.671055084567e-06
   6.672190989206e-02   6.570996566048e-05
   5.712552136426e-02   1.172060918631e-04
   4.273354966295e-02   1.588331142683e-04
   2.446193458849e-02   1.870785849832e-04
   4.126807689510e-03   1.995389654119e-04
  -1.628073350295e-02   1.951586080958e-04
  -3.533765438028e-02   1.743234176849e-04
  -5.168750468771e-02   1.387954567606e-04
  -6.363382990708e-02   9.156118211096e-05
  -6.994547476459e-02   3.660689562101e-05
  -7.042384506915e-02  -2.142227913024e-05
  -6.522871474111e-02  -7.764252671449e-05
  -5.445475120376e-02  -1.273329708389e-04
  -3.883146536303e-02  -1.663001430937e-04
  -2.002590171132e-02  -1.912390039383e-04
   2.162734698598e-04  -2.000447585426e-04
   2.054424985172e-02  -1.919861515835e-04
   3.938732964776e-02  -1.677401711569e-04
   5.479325982910e-02  -1.293430362437e-04
   6.533603103443e-02  -8.004278854494e-05
   7.049879726007e-02  -2.401052509905e-05
   6.995462751900e-02   3.403991362313e-05
   6.336817151835e-02   8.923334060371e-05
   5.120952193554e-02   1.369118681445e-04
   3.489263585571e-02   1.730398156774e-04
   1.584893179559e-02   1.945725148949e-04
  -4.711000932483e-03   1.997004084425e-04
  -2.507605309672e-02   1.879798694103e-04
  -4.313003877778e-02   1.603911494871e-04
  -5.735931172576e-02   1.192775284935e-04
  -6.696018803191e-02   6.812174935818e-05
  -7.108450652810e-02   1.122644087032e-05
  -6.899491123611e-02  -4.662556002317e-05
