   0.000000000000e+00   0.000000000000e+00
   1.483296616840e-11   6.734532922491e-09
   5.213800081991e-11   1.346896980880e-08
   1.295936572131e-10   2.020312092590e-08
   2.054698428555e-10   2.693713538541e-08
   3.584272936718e-10   3.367028250088e-08
   4.759450231270e-10   4.040351925148e-08
   6.924077041967e-10   4.713520236402e-08
   8.527218138401e-10   5.386730960679e-08
   1.121319092004e-09   6.059723293699e-08
   1.361731129713e-09   6.732713528067e-08
   1.659979237486e-09   7.405532252398e-08
   1.980964892235e-09   8.078235361888e-08
   2.282484695574e-09   8.750925752501e-08
   2.715059947405e-09   9.423193241095e-08
   3.039073562552e-09   1.009569360575e-07
   3.558790141451e-09   1.076750852770e-07
   3.894358745629e-09   1.143983811885e-07
   4.476425190027e-09   1.211122447130e-07
   4.895114894197e-09   1.278310459290e-07
   5.512079194752e-09   1.345411374571e-07
   6.019077622149e-09   1.412545306583e-07
   6.604798147551e-09   1.479635006170e-07
   7.254616616979e-09   1.546683112306e-07
   7.835880666443e-09   1.613750980827e-07
   8.622604527909e-09   1.680703972781e-07
   9.159999447167e-09   1.747770781439e-07
   1.004222788542e-08   1.814640831114e-07
   1.062734221461e-08   1.881659087704e-07
   1.158975051911e-08   1.948446525715e-07
   1.224470887162e-08   2.015398677610e-07
   1.316844503626e-08   2.082171180584e-07
   1.396617744478e-08   2.149005265089e-07
   1.487172686648e-08   2.215752207125e-07
   1.585803052401e-08   2.282424574596e-07
   1.666462187895e-08   2.349203698542e-07
   1.778954550249e-08   2.415736058896e-07
   1.857626360686e-08   2.482497160227e-07
   1.986037405405e-08   2.548861962831e-07
   2.066872937862e-08   2.615573511909e-07
   2.195039559884e-08   2.681887994522e-07
   2.285272289068e-08   2.748489125063e-07
   2.413433070982e-08   2.814751797312e-07
   2.524964680560e-08   2.881131005682e-07
   2.640872405103e-08   2.947449226933e-07
   2.769288416196e-08   3.013629744964e-07
   2.875504507260e-08   3.079990723596e-07
   3.028669594920e-08   3.145884093371e-07
   3.130517177002e-08   3.212243223689e-07
   3.291322549448e-08   3.277998069591e-07
   3.392838681797e-08   3.344318883950e-07
   3.559322414762e-08   3.409950385685e-07
   3.679652232698e-08   3.476031447801e-07
   3.837242157210e-08   3.541689047060e-07
   3.973827764008e-08   3.607542953824e-07
   4.116210957368e-08   3.673305609390e-07
   4.283773457962e-08   3.738752560297e-07
   4.416120487388e-08   3.804571627189e-07
   4.601448885752e-08   3.869740320092e-07
   4.720992851509e-08   3.935657830904e-07
   4.920534852100e-08   4.000578913505e-07
   5.050980355356e-08   4.066312154986e-07
   5.251560148117e-08   4.131137051814e-07
   5.392609309489e-08   4.196680551022e-07
   5.577492753135e-08   4.261627445065e-07
   5.749736972491e-08   4.326701541629e-07
   5.922759109968e-08   4.391730229704e-07
   6.121768652907e-08   4.456367923619e-07
   6.270526002050e-08   4.521659807499e-07
   6.492512662237e-08   4.585894497853e-07
   6.640426804546e-08   4.651136665392e-07
   6.878454272317e-08   4.715047081874e-07
   7.026738553995e-08   4.780221819588e-07
   7.255008964278e-08   4.844179543542e-07
   7.426719750641e-08   4.908940351653e-07
   7.647322155706e-08   4.972920174485e-07
   7.850103252932e-08   5.037127649387e-07
   8.040296942159e-08   5.101491875100e-07
   8.271562853390e-08   5.165163349551e-07
   8.448656947715e-08   5.229659378612e-07
   8.712326707641e-08   5.292705460819e-07
   8.877462959176e-08   5.357324084569e-07
   9.142998777157e-08   5.420229814128e-07
   9.316205492897e-08   5.484643163562e-07
   9.584612372162e-08   5.547389534730e-07
   9.786071116276e-08   5.611239140999e-07
   1.002665541796e-07   5.674360826052e-07
   1.025568264622e-07   5.737636531618e-07
   1.047442448806e-07   5.801050847738e-07
   1.074861541742e-07   5.863408476826e-07
   1.094496925811e-07   5.927141447285e-07
   1.123542069364e-07   5.989081363828e-07
   1.141991961618e-07   6.052955204028e-07
   1.172812503563e-07   6.114436736019e-07
   1.193069490869e-07   6.177884288787e-07
   1.222356775983e-07   6.239533037038e-07
   1.244476634588e-07   6.302528730624e-07
   1.271394710265e-07   6.364526395429e-07
   1.298475859751e-07   6.426431803494e-07
   1.322730348500e-07   6.488854617156e-07
   1.352720854412e-07   6.550047806873e-07
   1.373844515121e-07   6.613016896656e-07
   1.407130206923e-07   6.673395198403e-07
   1.428536120137e-07   6.736214272509e-07
   1.462346320573e-07   6.796337789331e-07
   1.484005971239e-07   6.859010709690e-07
   1.516100948534e-07   6.919366548259e-07
   1.542049338914e-07   6.981003814064e-07
   1.571979784729e-07   7.041702234849e-07
   1.601523114859e-07   7.102421052935e-07
   1.626998897869e-07   7.164000284575e-07
   1.660887614472e-07   7.223601625202e-07
   1.685043948585e-07   7.285375747428e-07
   1.721859300810e-07   7.344148978902e-07
   1.744298178435e-07   7.406222250419e-07
   1.780781250100e-07   7.464919022884e-07
   1.805731129152e-07   7.526295461569e-07
   1.841525173231e-07   7.585001230538e-07
   1.869860815392e-07   7.645443913893e-07
   1.900971545562e-07   7.705146259346e-07
   1.933785157153e-07   7.764358008585e-07
   1.962400983967e-07   7.824550023571e-07
   2.000251745833e-07   7.882347900484e-07
   2.025365814964e-07   7.943305384436e-07
   2.064634173919e-07   8.000577711568e-07
   2.089717374114e-07   8.061434836358e-07
   2.130489040927e-07   8.118145270594e-07
   2.157821559732e-07   8.178300171072e-07
   2.194989913939e-07   8.235788701671e-07
   2.225774854254e-07   8.294902066965e-07
   2.260114112538e-07   8.352992667639e-07
   2.297125917410e-07   8.410277949364e-07
   2.326962285620e-07   8.469449973624e-07
   2.366984771641e-07   8.525742643239e-07
   2.394085899516e-07   8.585546049735e-07
   2.437987325674e-07   8.640576732901e-07
   2.465546733021e-07   8.700130186519e-07
   2.508090617173e-07   8.755353950154e-07
   2.536995273301e-07   8.814400159661e-07
   2.577400448399e-07   8.870058331284e-07
   2.612371622083e-07   8.927207526547e-07
   2.648511811945e-07   8.983937665860e-07
   2.687397171200e-07   9.039773098103e-07
   2.718645949216e-07   9.097802757392e-07
   2.763292403915e-07   9.151737237895e-07
   2.793071004829e-07   9.210071710452e-07
   2.839276748843e-07   9.263330901245e-07
   2.867630576465e-07   9.321970260557e-07
   2.913285180349e-07   9.375198328673e-07
   2.946112263441e-07   9.432317441165e-07
   2.989126519620e-07   9.486167976291e-07
   3.025713172592e-07   9.541950761869e-07
   3.062851818759e-07   9.597479886694e-07
   3.105957132943e-07   9.651011341364e-07
   3.140172398684e-07   9.707316048460e-07
   3.187691628214e-07   9.759216965396e-07
   3.217733300349e-07   9.816732587263e-07
   3.266760955654e-07   9.867926648730e-07
   3.298563636786e-07   9.924722731298e-07
   3.347713497369e-07   9.975653267668e-07
   3.381998438630e-07   1.003146894300e-06
   3.425810448862e-07   1.008398533203e-06
   3.465855868652e-07   1.013768360898e-06
   3.506282281138e-07   1.019116234085e-06
   3.552758506594e-07   1.024245478876e-06
   3.587064204047e-07   1.029787535476e-06
   3.636963028806e-07   1.034776122204e-06
   3.669844016236e-07   1.040352742099e-06
   3.723147994287e-07   1.045197774813e-06
   3.756405703617e-07   1.050745692898e-06
   3.806385583281e-07   1.055685741696e-06
   3.843121004119e-07   1.061092794061e-06
   3.890488714423e-07   1.066105023079e-06
   3.934241322042e-07   1.071238079258e-06
   3.974999003255e-07   1.076471632134e-06
   4.023306734704e-07   1.081415766869e-06
   4.059793001536e-07   1.086789857698e-06
   4.114466716549e-07   1.091472769396e-06
   4.148991420875e-07   1.096903751079e-06
   4.203372795233e-07   1.101572338040e-06
   4.237986190782e-07   1.106983910037e-06
   4.291639438092e-07   1.111655524791e-06
   4.332200880558e-07   1.116820622344e-06
   4.380533953404e-07   1.121673915109e-06
   4.425542322198e-07   1.126645820405e-06
   4.467856414526e-07   1.131713743815e-06
   4.521024833552e-07   1.136341192233e-06
   4.559539611378e-07   1.141540382214e-06
   4.615698466026e-07   1.146022654708e-06
   4.650579079037e-07   1.151350257631e-06
   4.708519963965e-07   1.155734171400e-06
   4.746850631333e-07   1.160904343206e-06
   4.802395325357e-07   1.165358821473e-06
   4.843704483854e-07   1.170387650255e-06
   4.893075242143e-07   1.175072365113e-06
   4.942565438835e-07   1.179739886427e-06
   4.987447643429e-07   1.184589305169e-06
   5.042586923185e-07   1.188994162303e-06
   5.080724604248e-07   1.194108535484e-06
   5.140057376718e-07   1.198308230919e-06
   5.178348937044e-07   1.203397601596e-06
   5.239228720235e-07   1.207501604714e-06
   5.277964809143e-07   1.212552980410e-06
   5.334185937421e-07   1.216831442895e-06
   5.379171968227e-07   1.221589547830e-06
   5.431713157159e-07   1.226003195769e-06
   5.483645952353e-07   1.230430451493e-06
   5.527818158529e-07   1.235192153246e-06
   5.585489704522e-07   1.239336671735e-06
   5.626588553446e-07   1.244215576689e-06
   5.689820265484e-07   1.248079211978e-06
   5.728426088708e-07   1.253051490011e-06
   5.789806969961e-07   1.256969266667e-06
   5.831108511000e-07   1.261798241621e-06
   5.891033380789e-07   1.265753417145e-06
   5.938840400096e-07   1.270258248123e-06
   5.990808108789e-07   1.274556552834e-06
   6.044447350975e-07   1.278762917284e-06
   6.091048009261e-07   1.283289819551e-06
   6.153288864658e-07   1.287059613986e-06
   6.194916945801e-07   1.291800989200e-06
   6.258660982897e-07   1.295467390354e-06
   6.298589499095e-07   1.300270215713e-06
   6.363994957644e-07   1.303824198772e-06
   6.408353544331e-07   1.308390109025e-06
   6.468296954074e-07   1.312179214457e-06
   6.516916437485e-07   1.316512255945e-06
   6.570752496505e-07   1.320574559985e-06
   6.629191947521e-07   1.324392840006e-06
   6.676847853772e-07   1.328737315140e-06
   6.739770975260e-07   1.332299645144e-06
   6.781545610451e-07   1.336917831433e-06
   6.849304087320e-07   1.340202274030e-06
   6.892370131191e-07   1.344732770248e-06
   6.958738362647e-07   1.348053578535e-06
   7.003088147471e-07   1.352495453978e-06
   7.064359683645e-07   1.356047355511e-06
   7.117506860946e-07   1.360006971510e-06
   7.173174050103e-07   1.363820811535e-06
   7.232574362933e-07   1.367422750029e-06
   7.279455524531e-07   1.371673233802e-06
   7.345991393016e-07   1.374864698361e-06
   7.390841895809e-07   1.379199220229e-06
   7.460680490193e-07   1.382177857130e-06
   7.503133227918e-07   1.386618240828e-06
   7.570348964208e-07   1.389703198776e-06
   7.618483653391e-07   1.393811207566e-06
   7.682482155474e-07   1.397036861295e-06
   7.736919077424e-07   1.400771727290e-06
   7.791293757993e-07   1.404496200736e-06
   7.853529408232e-07   1.407768604985e-06
   7.903305664787e-07   1.411721096351e-06
   7.972991489570e-07   1.414541420150e-06
   8.016965357545e-07   1.418794399031e-06
   8.087262407117e-07   1.421543164667e-06
   8.132405061083e-07   1.425705994224e-06
   8.203183057432e-07   1.428389388146e-06
   8.252936903918e-07   1.432262231827e-06
   8.315611457755e-07   1.435375445522e-06
   8.371822528332e-07   1.438846559475e-06
   8.428810677990e-07   1.442257525685e-06
   8.495004287265e-07   1.445112613673e-06
   8.544061896510e-07   1.448958875848e-06
   8.613930147161e-07   1.451560527614e-06
   8.659321496247e-07   1.455597823108e-06
   8.733762175335e-07   1.457888293497e-06
   8.780824300034e-07   1.461799973207e-06
   8.850730557543e-07   1.464322278201e-06
   8.901065150198e-07   1.468009795123e-06
   8.965980276014e-07   1.470797238629e-06
   9.026535229326e-07   1.473832032578e-06
   9.083395060604e-07   1.477077006857e-06
   9.149616345738e-07   1.479728393566e-06
   9.198839308802e-07   1.483414564767e-06
   9.273018877286e-07   1.485533890116e-06
   9.320590506592e-07   1.489295149378e-06
   9.395001401051e-07   1.491357613022e-06
   9.441503967024e-07   1.495159258110e-06
   9.513193866626e-07   1.497352534209e-06
   9.567763155847e-07   1.500614146744e-06
   9.633496935155e-07   1.503146650921e-06
   9.694042655660e-07   1.505992853706e-06
   9.750025027697e-07   1.509116752962e-06
   9.820225766624e-07   1.511302834260e-06
   9.871845843722e-07   1.514677983096e-06
   9.947056492117e-07   1.516495362061e-06
   9.993171188323e-07   1.520201861926e-06
   1.006883951914e-06   1.521946071129e-06
   1.011899562099e-06   1.525357873257e-06
   1.019264578705e-06   1.527191693562e-06
   1.024727856350e-06   1.530274410643e-06
   1.031145353666e-06   1.532701172401e-06
   1.037515714742e-06   1.535140244469e-06
   1.043369395890e-06   1.537910700310e-06
   1.050599257153e-06   1.539726681315e-06
   1.055566546629e-06   1.543067545354e-06
   1.063156634273e-06   1.544593810825e-06
   1.068038590062e-06   1.547963802221e-06
   1.075912766893e-06   1.549247699959e-06
   1.080952511729e-06   1.552478166022e-06
   1.088138735053e-06   1.554195071310e-06
   1.093797112556e-06   1.556961323314e-06
   1.100476288679e-06   1.558991903071e-06
   1.107142942085e-06   1.561009857846e-06
   1.112804346874e-06   1.563722220725e-06
   1.120046512862e-06   1.565288970090e-06
   1.125168333629e-06   1.568353371521e-06
   1.133150484963e-06   1.569342953321e-06
   1.138085059751e-06   1.572510586680e-06
   1.145803877512e-06   1.573641847538e-06
   1.150897311832e-06   1.576663083251e-06
   1.158337009192e-06   1.577951171072e-06
   1.164342376126e-06   1.580269579704e-06
   1.170885371882e-06   1.582172542641e-06
   1.177512479985e-06   1.583992020060e-06
   1.183209078269e-06   1.586484348278e-06
   1.190881707149e-06   1.587480004926e-06
   1.196095280576e-06   1.590298453579e-06
   1.203984503587e-06   1.591081558627e-06
   1.208832628164e-06   1.594143558562e-06
   1.216777749380e-06   1.594834484957e-06
   1.222225545577e-06   1.597406937482e-06
   1.229630611101e-06   1.598460339195e-06
   1.235554600000e-06   1.600630395712e-06
   1.242027059310e-06   1.602357776356e-06
   1.249065613461e-06   1.603623432143e-06
   1.254901716616e-06   1.605804543221e-06
   1.262568358259e-06   1.606531367521e-06
   1.267579233752e-06   1.609323329107e-06
   1.275646559214e-06   1.609683955989e-06
   1.280814204373e-06   1.612318262527e-06
   1.288853473591e-06   1.612647179056e-06
   1.294193298461e-06   1.615108947724e-06
   1.301449688390e-06   1.616013789952e-06
   1.307708628030e-06   1.617698348724e-06
   1.314371377602e-06   1.619035067818e-06
   1.321496992134e-06   1.619971542502e-06
   1.327057706496e-06   1.622163237811e-06
   1.334834920512e-06   1.622517465701e-06
   1.340096294063e-06   1.624917859879e-06
   1.348388650551e-06   1.624792362779e-06
   1.353442061349e-06   1.627328962822e-06
   1.361291096327e-06   1.627516724675e-06
   1.366842610629e-06   1.629601363608e-06
   1.374333785183e-06   1.630035831324e-06
   1.380760934496e-06   1.631341635507e-06
   1.387132318285e-06   1.632673043095e-06
   1.394287255065e-06   1.633314417011e-06
   1.400007424286e-06   1.635158076185e-06
   1.408115924471e-06   1.634929930193e-06
   1.413281306762e-06   1.637210844107e-06
   1.421380942618e-06   1.636933038410e-06
   1.426495057146e-06   1.639221854201e-06
   1.434605737195e-06   1.638877069127e-06
   1.440381141565e-06   1.640549011405e-06
   1.447625203232e-06   1.640907981737e-06
   1.453995433468e-06   1.642012518011e-06
   1.460426832146e-06   1.643040558568e-06
   1.467972354314e-06   1.643051269360e-06
   1.473640866612e-06   1.644714123377e-06
   1.481588751423e-06   1.644307802232e-06
   1.486659882549e-06   1.646467918488e-06
   1.495020082038e-06   1.645630288306e-06
   1.500381512842e-06   1.647488379282e-06
   1.508341665722e-06   1.646953223090e-06
   1.513979585514e-06   1.648517548078e-06
   1.521188924800e-06   1.648614843621e-06
   1.527949055162e-06   1.649099113476e-06
   1.534396099247e-06   1.649848838521e-06
   1.541837316745e-06   1.649646357347e-06
   1.547277197286e-06   1.651289681373e-06
   1.555450453602e-06   1.650343255894e-06
   1.560760072319e-06   1.652067479649e-06
   1.569100003191e-06   1.650899482511e-06
   1.574260462845e-06   1.652724261237e-06
   1.582106978469e-06   1.651963921688e-06
   1.588072834901e-06   1.652975991567e-06
   1.595378913363e-06   1.652674269360e-06
   1.602101624333e-06   1.652906769575e-06
   1.608227705124e-06   1.653693166476e-06
   1.615824952509e-06   1.653020442667e-06
   1.621467166857e-06   1.654231700371e-06
   1.629758135693e-06   1.652815713533e-06
   1.634831201475e-06   1.654543032936e-06
   1.643002274200e-06   1.653180108744e-06
   1.648377427102e-06   1.654565976698e-06
   1.656400927965e-06   1.653284187062e-06
   1.662393475959e-06   1.654006130569e-06
   1.669343004515e-06   1.653740429018e-06
   1.676124686898e-06   1.653615335456e-06
   1.682397028726e-06   1.653980266745e-06
   1.690230039744e-06   1.652726245588e-06
   1.695636456918e-06   1.653924941133e-06
   1.703730587146e-06   1.652337564513e-06
   1.708872422262e-06   1.653764254645e-06
   1.717282593199e-06   1.651781554394e-06
   1.722735823709e-06   1.652840035071e-06
   1.730428721293e-06   1.651535197085e-06
   1.736367295987e-06   1.652038000489e-06
   1.743395096232e-06   1.651368731836e-06
   1.750487445435e-06   1.650599293896e-06
   1.756564703796e-06   1.650878110316e-06
   1.764198901709e-06   1.649469103345e-06
   1.769518908414e-06   1.650506215363e-06
   1.777880362328e-06   1.648248974579e-06
   1.783133867102e-06   1.649310559336e-06
   1.791294178321e-06   1.647197032204e-06
   1.796579971762e-06   1.648176830019e-06
   1.804278895565e-06   1.646496185480e-06
   1.810545965036e-06   1.646351277895e-06
   1.817455793284e-06   1.645470183102e-06
   1.824368006441e-06   1.644554170815e-06
   1.830218726551e-06   1.644787627678e-06
   1.838104384380e-06   1.642723117656e-06
   1.843551100373e-06   1.643355146680e-06
   1.851780801098e-06   1.640830250432e-06
   1.856769656342e-06   1.641928983878e-06
   1.864866418578e-06   1.639479968050e-06
   1.870439059560e-06   1.639867172746e-06
   1.878121728243e-06   1.637815200944e-06
   1.884240378996e-06   1.637522174301e-06
   1.890820011350e-06   1.636669908129e-06
   1.897921629845e-06   1.635181048562e-06
   1.903897182389e-06   1.634968023477e-06
   1.911781959430e-06   1.632495669993e-06
   1.916898931158e-06   1.633231170067e-06
   1.925003967669e-06   1.630424441965e-06
   1.930187014660e-06   1.631032128079e-06
   1.938375145638e-06   1.628047213156e-06
   1.943836726176e-06   1.628271234274e-06
   1.951137014603e-06   1.626268485262e-06
   1.957343310493e-06   1.625543587171e-06
   1.964031076276e-06   1.624207453209e-06
   1.971249162106e-06   1.622193147817e-06
   1.976874271566e-06   1.622082112363e-06
   1.984585788959e-06   1.619392477438e-06
   1.989769852856e-06   1.619765689428e-06
   1.998057913862e-06   1.616286822964e-06
   2.003167680750e-06   1.616697969611e-06
   2.010978429704e-06   1.613726751773e-06
   2.016399926136e-06   1.613696091296e-06
   2.023778468624e-06   1.611185841210e-06
   2.030182916887e-06   1.609860659797e-06
   2.036549644715e-06   1.608550173311e-06
   2.043560267427e-06   1.606388019184e-06
   2.049111956831e-06   1.606048754183e-06
   2.057062157288e-06   1.602609488386e-06
   2.062208599081e-06   1.602730420912e-06
   2.070176478850e-06   1.599181994316e-06
   2.075111021699e-06   1.599521668636e-06
   2.082958402654e-06   1.596044450727e-06
   2.088610535246e-06   1.595391552582e-06
   2.095744212677e-06   1.592763286678e-06
   2.101921238659e-06   1.591355367030e-06
   2.108082520597e-06   1.589935285933e-06
   2.115337966360e-06   1.587024768637e-06
   2.120884570985e-06   1.586354839298e-06
   2.128609196862e-06   1.582732066806e-06
   2.133458387571e-06   1.582937738621e-06
   2.141411520024e-06   1.578919057239e-06
   2.146556877741e-06   1.578666354581e-06
   2.154269232622e-06   1.574882819557e-06
   2.159687003816e-06   1.574196360869e-06
   2.166511138088e-06   1.571545088060e-06
   2.172885496705e-06   1.569473512533e-06
   2.179069779462e-06   1.567628372451e-06
   2.186210352722e-06   1.564411841590e-06
   2.191370241412e-06   1.563925667250e-06
   2.199021996548e-06   1.559905914427e-06
   2.204016323977e-06   1.559590758374e-06
   2.211956979106e-06   1.555067284866e-06
   2.216873040411e-06   1.554801505225e-06
   2.224213641080e-06   1.551039070038e-06
   2.229733464626e-06   1.549845292084e-06
   2.236601257150e-06   1.546673192771e-06
   2.242964689191e-06   1.544186441617e-06
   2.248720451741e-06   1.542545096169e-06
   2.255727210747e-06   1.539037880820e-06
   2.260934035787e-06   1.538128964314e-06
   2.268684093663e-06   1.533435005335e-06
   2.273466138700e-06   1.533086833543e-06
   2.281020761072e-06   1.528583213181e-06
   2.285910055177e-06   1.528012367917e-06
   2.293303033926e-06   1.523652534328e-06
   2.298889895700e-06   1.521964218485e-06
   2.305342487733e-06   1.518928634234e-06
   2.311512706478e-06   1.516278194262e-06
   2.317201698005e-06   1.514322587056e-06
   2.324383252832e-06   1.510035925678e-06
   2.329407186163e-06   1.509026361342e-06
   2.336801855518e-06   1.504310654176e-06
   2.341414635854e-06   1.503871118021e-06
   2.349013775637e-06   1.498734293575e-06
   2.354010226022e-06   1.497627146173e-06
   2.361053854859e-06   1.493257589153e-06
   2.366394113583e-06   1.491534688848e-06
   2.372668461408e-06   1.488289330534e-06
   2.379040070173e-06   1.484841183180e-06
   2.384587250655e-06   1.482670846643e-06
   2.391477713629e-06   1.478292047538e-06
   2.396198404256e-06   1.477379225638e-06
   2.403610176368e-06   1.472051763586e-06
   2.408329163629e-06   1.471070921613e-06
   2.415684284389e-06   1.465724224389e-06
   2.420391348340e-06   1.464691369631e-06
   2.427163374067e-06   1.460201256559e-06
   2.432676018325e-06   1.457754824916e-06
   2.438857773727e-06   1.454146990446e-06
   2.445019541923e-06   1.450522589884e-06
   2.450159125469e-06   1.448578119565e-06
   2.457019677126e-06   1.443672604399e-06
   2.461808915121e-06   1.442243669379e-06
   2.469100245235e-06   1.436489793598e-06
   2.473502539774e-06   1.435649044342e-06
   2.480522522152e-06   1.430248147434e-06
   2.485322080703e-06   1.428645877576e-06
   2.492051789683e-06   1.423636179299e-06
   2.497434862586e-06   1.420930030981e-06
   2.503150773365e-06   1.417594308999e-06
   2.509219193715e-06   1.413585490129e-06
   2.514362483665e-06   1.411172018133e-06
   2.521219555335e-06   1.405649263494e-06
   2.525685047960e-06   1.404363848904e-06
   2.532613206007e-06   1.398595670255e-06
   2.536990680502e-06   1.397392580758e-06
   2.544010109735e-06   1.391337392517e-06
   2.548744417305e-06   1.389402535658e-06
   2.555004697303e-06   1.384618869788e-06
   2.560220478319e-06   1.381709338031e-06
   2.565860199887e-06   1.377966672884e-06
   2.572012529651e-06   1.373212668997e-06
   2.576848660077e-06   1.370872922597e-06
   2.583348788519e-06   1.365349680212e-06
   2.587654015732e-06   1.363926408145e-06
   2.594605167932e-06   1.357423597318e-06
   2.598956590625e-06   1.355829557923e-06
   2.605556081643e-06   1.349869919719e-06
   2.610046514270e-06   1.347923635096e-06
   2.616148253727e-06   1.342805298498e-06
   2.621489559097e-06   1.339109389315e-06
   2.626862410620e-06   1.335299827515e-06
   2.632690758530e-06   1.330536619669e-06
   2.637234804646e-06   1.328263325529e-06
   2.643756026681e-06   1.322003472626e-06
   2.648046582864e-06   1.320144696585e-06
   2.654668493408e-06   1.313547340120e-06
   2.658705889981e-06   1.312112001151e-06
   2.665073402814e-06   1.305896875521e-06
   2.669678613611e-06   1.303215703669e-06
   2.675572682560e-06   1.297837420176e-06
   2.680638111485e-06   1.294105929216e-06
   2.685611446798e-06   1.290513465291e-06
   2.691430620725e-06   1.285099644918e-06
   2.695946150507e-06   1.282358377067e-06
   2.702250274971e-06   1.275791254148e-06
   2.706172550846e-06   1.274206959064e-06
   2.712506594307e-06   1.267436970197e-06
   2.716599070222e-06   1.265399076608e-06
   2.722827293972e-06   1.258711638920e-06
   2.727207474538e-06   1.255954617931e-06
   2.732635294639e-06   1.250866433666e-06
   2.737634908156e-06   1.246650683628e-06
   2.742546504688e-06   1.242570714174e-06
   2.748258950296e-06   1.236655341850e-06
   2.752376446479e-06   1.234223470869e-06
   2.758358990895e-06   1.227566158462e-06
   2.762239425449e-06   1.225567101106e-06
   2.768498829979e-06   1.218134940016e-06
   2.772409765952e-06   1.215968023404e-06
   2.778154498699e-06   1.209555946739e-06
   2.782392262244e-06   1.206537658724e-06
   2.787712994468e-06   1.200960271690e-06
   2.792692983491e-06   1.196102886247e-06
   2.797207150807e-06   1.192271950373e-06
   2.802586456799e-06   1.186343248729e-06
   2.806545220170e-06   1.183707133661e-06
   2.812500930310e-06   1.176261450699e-06
   2.816230039089e-06   1.174065903964e-06
   2.822037560630e-06   1.166812788017e-06
   2.825719251672e-06   1.164628704599e-06
   2.831306817607e-06   1.157751059927e-06
   2.835573474412e-06   1.154027902737e-06
   2.840528777254e-06   1.148546846218e-06
   2.845181981076e-06   1.143741161136e-06
   2.849420158478e-06   1.139905300529e-06
   2.854793355941e-06   1.133156295377e-06
   2.858616106852e-06   1.130241091293e-06
   2.864190377031e-06   1.122818148195e-06
   2.867604930971e-06   1.120829342711e-06
   2.873207180851e-06   1.113166317669e-06
   2.876921054833e-06   1.110296808044e-06
   2.882201528555e-06   1.103293051644e-06
   2.886158815643e-06   1.099667293019e-06
   2.890739257245e-06   1.094339533862e-06
   2.895374812561e-06   1.088788535991e-06
   2.899478836632e-06   1.084579653425e-06
   2.904562779648e-06   1.077669518384e-06
   2.907999466064e-06   1.075124451731e-06
   2.913327583556e-06   1.067381632117e-06
   2.916734644309e-06   1.064799667603e-06
   2.922103708154e-06   1.056758079234e-06
   2.925529515214e-06   1.054003406872e-06
   2.930369421116e-06   1.047248466649e-06
   2.934265893785e-06   1.043051129844e-06
   2.938703497135e-06   1.037256351365e-06
   2.943143576126e-06   1.031368469841e-06
   2.946814808823e-06   1.027600301614e-06
   2.951621995739e-06   1.020490544640e-06
   2.954978140818e-06   1.017496614988e-06
   2.960148236694e-06   1.009141980803e-06
   2.963286997951e-06   1.006654426482e-06
   2.968191090802e-06   9.988844435919e-07
   2.971487282889e-06   9.958035823040e-07
   2.976168330505e-06   9.885057895750e-07
   2.979946075877e-06   9.838344331824e-07
   2.983936426434e-06   9.784406769905e-07
   2.988079859358e-06   9.724926797847e-07
   2.991578551202e-06   9.684461057729e-07
   2.996289527334e-06   9.605582228277e-07
   2.999392941876e-06   9.575927346522e-07
   3.004114912307e-06   9.494629902166e-07
   3.007039712814e-06   9.469258223901e-07
   3.011764595925e-06   9.385763593420e-07
   3.014988490337e-06   9.349418258506e-07
   3.019242037319e-06   9.278978410885e-07
   3.022712048342e-06   9.233084201659e-07
   3.026435375518e-06   9.178069314010e-07
   3.030519348285e-06   9.110166853402e-07
   3.033776455659e-06   9.068856579998e-07
   3.038089335714e-06   8.991220210762e-07
   3.040891482228e-06   8.963681324928e-07
   3.045412206864e-06   8.876791730437e-07
   3.048274911970e-06   8.845711077447e-07
   3.052621683536e-06   8.762453818551e-07
   3.055532353085e-06   8.728167351843e-07
   3.059437641006e-06   8.658133786301e-07
   3.062853317380e-06   8.604347121956e-07
   3.066342822543e-06   8.546982283099e-07
   3.070097911825e-06   8.479016442458e-07
   3.072976730644e-06   8.441831614347e-07
   3.077066741917e-06   8.359460978613e-07
   3.079782327559e-06   8.326597469380e-07
   3.083993551090e-06   8.237246303496e-07
   3.086540113676e-06   8.209060260498e-07
   3.090482971683e-06   8.127302835034e-07
   3.093312227709e-06   8.086745799766e-07
   3.096989182330e-06   8.012697417799e-07
   3.100147899910e-06   7.957503226080e-07
   3.103204178401e-06   7.905314042328e-07
   3.106716412713e-06   7.834089885258e-07
   3.109457178902e-06   7.792385771266e-07
   3.113311556832e-06   7.704983049142e-07
   3.115709007857e-06   7.675239750739e-07
   3.119492982510e-06   7.588001220779e-07
   3.121903832778e-06   7.555977979042e-07
   3.125622141429e-06   7.468695794850e-07
   3.128253973460e-06   7.425564655919e-07
   3.131472927049e-06   7.356588660427e-07
   3.134370564727e-06   7.300067406201e-07
   3.137221875080e-06   7.244431066569e-07
   3.140563247897e-06   7.166238051814e-07
   3.142984887026e-06   7.127126771504e-07
   3.146420945942e-06   7.041963407023e-07
   3.148610476076e-06   7.011210905257e-07
   3.152172019291e-06   6.917435489265e-07
   3.154421950155e-06   6.881975357351e-07
   3.157690166858e-06   6.798527024795e-07
   3.160043663981e-06   6.756190242177e-07
   3.162988537203e-06   6.684964116962e-07
   3.165759278589e-06   6.620541339893e-07
   3.168292674234e-06   6.566194010726e-07
   3.171250352824e-06   6.489954235530e-07
   3.173385926051e-06   6.452582071824e-07
   3.176599770927e-06   6.360651295876e-07
   3.178637270164e-06   6.325934785310e-07
   3.181785561527e-06   6.233861069244e-07
   3.183739833317e-06   6.201177847969e-07
   3.186675166895e-06   6.116682321209e-07
   3.188917960752e-06   6.066675035542e-07
   3.191549627276e-06   5.994797317687e-07
   3.193985728629e-06   5.931753005308e-07
   3.196161677776e-06   5.881360432935e-07
   3.198895092386e-06   5.799052898724e-07
   3.200861377109e-06   5.757495304543e-07
   3.203718550606e-06   5.664663778552e-07
   3.205442581021e-06   5.634222033755e-07
   3.208219066156e-06   5.542214399756e-07
   3.210049662124e-06   5.503185760222e-07
   3.212680528369e-06   5.415769330609e-07
   3.214639101207e-06   5.366409059002e-07
   3.216859969556e-06   5.299810921087e-07
   3.219066941338e-06   5.232300563772e-07
   3.221036569220e-06   5.177762392874e-07
   3.223477187413e-06   5.091995493282e-07
   3.225112493781e-06   5.055418658861e-07
   3.227583680241e-06   4.963604942875e-07
   3.229145759534e-06   4.928973921814e-07
   3.231630070562e-06   4.831875581492e-07
   3.233216482749e-06   4.792703640519e-07
   3.235408918168e-06   4.710801670355e-07
   3.237129906904e-06   4.659275150828e-07
   3.239097169100e-06   4.588808089525e-07
   3.241069652158e-06   4.515811737316e-07
   3.242693002487e-06   4.465964623773e-07
   3.244757473784e-06   4.381959542492e-07
   3.246175271554e-06   4.343793213394e-07
   3.248368866635e-06   4.245273962205e-07
   3.249708432651e-06   4.209694853879e-07
   3.251754938732e-06   4.117258945225e-07
   3.253090921691e-06   4.078574922406e-07
   3.254982915450e-06   3.993319183911e-07
   3.256511543011e-06   3.935166133325e-07
   3.258121794866e-06   3.868068402816e-07
   3.259746064618e-06   3.797347696466e-07
   3.261089675736e-06   3.748519757692e-07
   3.262891741530e-06   3.657123087153e-07
   3.264087341553e-06   3.617195548850e-07
   3.265868951116e-06   3.521610294441e-07
   3.266940496089e-06   3.489101354777e-07
   3.268650023513e-06   3.394074614695e-07
   3.269813082079e-06   3.348663466229e-07
   3.271343843181e-06   3.264595633434e-07
   3.272560775933e-06   3.208991664627e-07
   3.273833678773e-06   3.145119783694e-07
   3.275209458021e-06   3.067452181659e-07
   3.276311834563e-06   3.016051008530e-07
   3.277745141208e-06   2.925358451482e-07
   3.278650987830e-06   2.890569520083e-07
   3.280076464709e-06   2.793395168195e-07
   3.280970216418e-06   2.755044106991e-07
   3.282321755955e-06   2.658537756447e-07
   3.283207572607e-06   2.615692102607e-07
   3.284357883086e-06   2.536330047072e-07
   3.285337004940e-06   2.475338715629e-07
   3.286336354040e-06   2.408137535114e-07
   3.287393453787e-06   2.328895947805e-07
   3.288181986998e-06   2.283803289348e-07
   3.289260247315e-06   2.192717184470e-07
   3.289962238199e-06   2.153736726106e-07
   3.291040284052e-06   2.052437926143e-07
   3.291679931082e-06   2.016375412818e-07
   3.292628966560e-06   1.925141282379e-07
   3.293282494434e-06   1.879354648854e-07
   3.294122310366e-06   1.796079032991e-07
   3.294828790341e-06   1.731612264968e-07
   3.295490538768e-06   1.670739567094e-07
   3.296211946483e-06   1.592408771506e-07
   3.296756308467e-06   1.545222645853e-07
   3.297503913973e-06   1.447922931746e-07
   3.297957745192e-06   1.410612432936e-07
   3.298634188414e-06   1.314223134688e-07
   3.299040345465e-06   1.278160728604e-07
   3.299646780457e-06   1.182755343776e-07
   3.300060667266e-06   1.132271472662e-07
   3.300542435956e-06   1.054143911931e-07
   3.300944560173e-06   9.918811700548e-08
   3.301316888238e-06   9.311114105425e-08
   3.301728822306e-06   8.454680467023e-08
   3.302012305669e-06   7.989660856761e-08
   3.302379213734e-06   7.054406323011e-08
   3.302590870847e-06   6.710812490210e-08
   3.302905753064e-06   5.707344921227e-08
   3.303086744099e-06   5.295636996638e-08
   3.303320624229e-06   4.371120241808e-08
   3.303464430408e-06   3.899668253895e-08
   3.303616427281e-06   3.139116252986e-08
   3.303732273453e-06   2.444662614403e-08
   3.303815342395e-06   1.830730481224e-08
   3.303880587372e-06   9.958622105102e-09
   3.303906134512e-06   5.849881563866e-09
   3.303911007921e-06  -3.821566524039e-09
   3.303892262816e-06  -7.732007163700e-09
   3.303827898350e-06  -1.775163512298e-08
   3.303766394182e-06  -2.145395322113e-08
   3.303643354268e-06  -3.034348464550e-08
   3.303523285147e-06  -3.564066696482e-08
   3.303348730429e-06  -4.345645425362e-08
   3.303155888116e-06  -5.036040818791e-08
   3.302959794520e-06  -5.580349654798e-08
   3.302682091745e-06  -6.434006504242e-08
   3.302455407600e-06  -6.882517768256e-08
   3.302083123629e-06  -7.876827386300e-08
   3.301834755524e-06  -8.223271232932e-08
   3.301404521969e-06  -9.181257877247e-08
   3.301097843952e-06  -9.586254794766e-08
   3.300611181131e-06  -1.051024562103e-07
   3.300215150102e-06  -1.105153076894e-07
   3.299737247287e-06  -1.175995009719e-07
   3.299236525732e-06  -1.245178523628e-07
   3.298756479646e-06  -1.301990376146e-07
   3.298112489470e-06  -1.392438312749e-07
   3.297649657675e-06  -1.433154404699e-07
   3.296921410703e-06  -1.528024047058e-07
   3.296440372700e-06  -1.563204593236e-07
   3.295619338558e-06  -1.663530862598e-07
   3.295056647361e-06  -1.706340035184e-07
   3.294242428514e-06  -1.792327144945e-07
   3.293582061158e-06  -1.844647356598e-07
   3.292787455627e-06  -1.916312660170e-07
   3.291939053404e-06  -1.991985811666e-07
   3.291196578877e-06  -2.045684585378e-07
   3.290221689333e-06  -2.131998197242e-07
   3.289530926471e-06  -2.170216323400e-07
   3.288402694120e-06  -2.269988503272e-07
   3.287668525813e-06  -2.308128997680e-07
   3.286498646781e-06  -2.404024121539e-07
   3.285713831662e-06  -2.443126318709e-07
   3.284558192907e-06  -2.528409926412e-07
   3.283574372717e-06  -2.587415868138e-07
   3.282475489084e-06  -2.657613532571e-07
   3.281329350170e-06  -2.729991608935e-07
   3.280355572952e-06  -2.778569323803e-07
   3.278994085897e-06  -2.869341851681e-07
   3.278035816393e-06  -2.910686102510e-07
   3.276543028261e-06  -3.008686309261e-07
   3.275617630647e-06  -3.041575958527e-07
   3.274096789410e-06  -3.135437719896e-07
   3.273015385639e-06  -3.180201888185e-07
   3.271506186953e-06  -3.266056545057e-07
   3.270257112300e-06  -3.322804088188e-07
   3.268916260605e-06  -3.386099505192e-07
   3.267419270106e-06  -3.461653951703e-07
   3.266150429315e-06  -3.513120295295e-07
   3.264416368858e-06  -3.604925468868e-07
   3.263278349780e-06  -3.640118997920e-07
   3.261443708666e-06  -3.735066589180e-07
   3.260247897999e-06  -3.771590428886e-07
   3.258327462009e-06  -3.868094051570e-07
   3.257003975819e-06  -3.911645127279e-07
   3.255236529595e-06  -3.989939141508e-07
   3.253689507141e-06  -4.047880302129e-07
   3.252020541912e-06  -4.113518010225e-07
   3.250151887472e-06  -4.192508400539e-07
   3.248690833947e-06  -4.237790184042e-07
   3.246641626659e-06  -4.325885509150e-07
   3.245255735625e-06  -4.362059212296e-07
   3.242989813156e-06  -4.461334201054e-07
   3.241559073189e-06  -4.497580058220e-07
   3.239360719578e-06  -4.587060245655e-07
   3.237800139844e-06  -4.629396460006e-07
   3.235675764975e-06  -4.709259471920e-07
   3.233766900527e-06  -4.772200331040e-07
   3.231869461593e-06  -4.832577072865e-07
   3.229724604076e-06  -4.907552391069e-07
   3.228032603169e-06  -4.950994087003e-07
   3.225543824072e-06  -5.044342862212e-07
   3.223910839773e-06  -5.081020793556e-07
   3.221346489056e-06  -5.174848507222e-07
   3.219736098278e-06  -5.207411300845e-07
   3.217165737899e-06  -5.297526169194e-07
   3.215260627395e-06  -5.345344259298e-07
   3.212852926404e-06  -5.421736396878e-07
   3.210710548053e-06  -5.480655137527e-07
   3.208592629692e-06  -5.536668225632e-07
   3.206028068554e-06  -5.616823704184e-07
   3.204058647036e-06  -5.661401579411e-07
   3.201252776511e-06  -5.751562371443e-07
   3.199482864661e-06  -5.782432158476e-07
   3.196552022815e-06  -5.875858510969e-07
   3.194619366765e-06  -5.913287716182e-07
   3.191701982371e-06  -6.002302433084e-07
   3.189599908066e-06  -6.046324134230e-07
   3.186975822744e-06  -6.116518344902e-07
   3.184460913555e-06  -6.179494478668e-07
   3.182023007673e-06  -6.237127087742e-07
   3.179127042969e-06  -6.316562793537e-07
   3.177039551934e-06  -6.353927822412e-07
   3.173895641995e-06  -6.442610027166e-07
   3.171827799590e-06  -6.476815662281e-07
   3.168490096170e-06  -6.571655838587e-07
   3.166381535070e-06  -6.605703486445e-07
   3.163246135789e-06  -6.687633216982e-07
   3.160839527249e-06  -6.733688334791e-07
   3.157850595435e-06  -6.805804815924e-07
   3.154996125060e-06  -6.870257070512e-07
   3.152429916915e-06  -6.920274241496e-07
   3.149244353976e-06  -6.997176087566e-07
   3.146882983324e-06  -7.035749418142e-07
   3.143289383238e-06  -7.128006599185e-07
   3.141044260184e-06  -7.159427342988e-07
   3.137482164067e-06  -7.247319412602e-07
   3.135147070347e-06  -7.280789503024e-07
   3.131611702653e-06  -7.364696380166e-07
   3.128864117646e-06  -7.413771236381e-07
   3.125707530045e-06  -7.478988382703e-07
   3.122624136956e-06  -7.539937970630e-07
   3.119806517880e-06  -7.588820005705e-07
   3.116156099195e-06  -7.670664486834e-07
   3.113590805406e-06  -7.707244142089e-07
   3.109762951997e-06  -7.793595595295e-07
   3.107366275659e-06  -7.821662963426e-07
   3.103390122958e-06  -7.911262745617e-07
   3.100718611889e-06  -7.948436721916e-07
   3.096952841922e-06  -8.027182329694e-07
   3.094038170329e-06  -8.071940924979e-07
   3.090650716492e-06  -8.133841666495e-07
   3.087120563657e-06  -8.200022778515e-07
   3.084049672789e-06  -8.247888594833e-07
   3.080153174102e-06  -8.325491450908e-07
   3.077495407772e-06  -8.356237967537e-07
   3.073268083013e-06  -8.443653866731e-07
   3.070543900191e-06  -8.475231583237e-07
   3.066262190069e-06  -8.562118178705e-07
   3.063474243286e-06  -8.594398268735e-07
   3.059496286164e-06  -8.668127187212e-07
   3.056185362872e-06  -8.717255302409e-07
   3.052480937816e-06  -8.779232546537e-07
   3.048692439444e-06  -8.843080125995e-07
   3.045561707310e-06  -8.883354398201e-07
   3.041310835438e-06  -8.961009260992e-07
   3.038337347566e-06  -8.994332168288e-07
   3.033731350346e-06  -9.081721807915e-07
   3.030918799286e-06  -9.108160637673e-07
   3.026441591273e-06  -9.189023931125e-07
   3.023333212460e-06  -9.223806381795e-07
   3.018973398827e-06  -9.298670947929e-07
   3.015392490569e-06  -9.347240127905e-07
   3.011628027482e-06  -9.400901805845e-07
   3.007556060507e-06  -9.463488634041e-07
   3.004123862623e-06  -9.504898681537e-07
   2.999438247569e-06  -9.584925511579e-07
   2.996373624328e-06  -9.613296739385e-07
   2.991586262981e-06  -9.694424281129e-07
   2.988542667615e-06  -9.720816667140e-07
   2.983632988666e-06  -9.803638109220e-07
   2.980243804402e-06  -9.839212311231e-07
   2.975790142841e-06  -9.906203175557e-07
   2.972011991051e-06  -9.952026734152e-07
   2.967963712753e-06  -1.000514809105e-06
   2.963430188907e-06  -1.007175196605e-06
   2.959870205918e-06  -1.010889633963e-06
   2.955013904795e-06  -1.018311798170e-06
   2.951807177644e-06  -1.020864728901e-06
   2.946565202507e-06  -1.029211428745e-06
   2.943230231250e-06  -1.032007208674e-06
   2.938164784314e-06  -1.039653588470e-06
   2.934665559858e-06  -1.042788271286e-06
   2.929950755190e-06  -1.049268413156e-06
   2.925720105771e-06  -1.054311576020e-06
   2.921477225470e-06  -1.059314209765e-06
   2.916779219895e-06  -1.065490060710e-06
   2.913151766243e-06  -1.068663181323e-06
   2.907856552215e-06  -1.076298589750e-06
   2.904347629697e-06  -1.079026270813e-06
   2.898871152496e-06  -1.086965449042e-06
   2.895498637914e-06  -1.089211302262e-06
   2.890200929683e-06  -1.096498520845e-06
   2.886293794797e-06  -1.100039370742e-06
   2.881298301978e-06  -1.106362580763e-06
   2.876903813929e-06  -1.111041787761e-06
   2.872642220045e-06  -1.115311362724e-06
   2.867560885918e-06  -1.121616218715e-06
   2.863620957039e-06  -1.124931783459e-06
   2.858010840593e-06  -1.132418399766e-06
   2.854507813653e-06  -1.134511547306e-06
   2.848833905007e-06  -1.141991189584e-06
   2.845126737859e-06  -1.144488120513e-06
   2.839459715839e-06  -1.151782200243e-06
   2.835382523485e-06  -1.155079309025e-06
   2.830383738211e-06  -1.160574431196e-06
   2.825695353406e-06  -1.165241736789e-06
   2.821114439893e-06  -1.169584582168e-06
   2.815651981771e-06  -1.175978753993e-06
   2.811721960535e-06  -1.178636675773e-06
   2.805953074197e-06  -1.185609735931e-06
   2.802205840490e-06  -1.187728804987e-06
   2.796090810327e-06  -1.195359277899e-06
   2.792198997223e-06  -1.197714130445e-06
   2.786508874203e-06  -1.204195213918e-06
   2.782248038253e-06  -1.207300324684e-06
   2.776931264325e-06  -1.212777226127e-06
   2.771822696073e-06  -1.217706828278e-06
   2.767212358507e-06  -1.221441624954e-06
   2.761629899661e-06  -1.227312157304e-06
   2.757549661625e-06  -1.229741425510e-06
   2.751302294022e-06  -1.236959043350e-06
   2.747346340508e-06  -1.239010423265e-06
   2.741157597813e-06  -1.245945295645e-06
   2.737195614618e-06  -1.247914329148e-06
   2.731202170242e-06  -1.254276594497e-06
   2.726516536165e-06  -1.257723226443e-06
   2.721092020273e-06  -1.262712832613e-06
   2.715897580320e-06  -1.267143135570e-06
   2.711221046669e-06  -1.270408826950e-06
   2.705168855778e-06  -1.276545146060e-06
   2.700846889880e-06  -1.278953260283e-06
   2.694454691718e-06  -1.285667261038e-06
   2.690526125625e-06  -1.287155229190e-06
   2.684065676104e-06  -1.293872549809e-06
   2.679709137462e-06  -1.296160313855e-06
   2.673503649085e-06  -1.302210281941e-06
   2.668756421567e-06  -1.305203611327e-06
   2.663328246166e-06  -1.309537069005e-06
   2.657721764159e-06  -1.314173062045e-06
   2.652765167038e-06  -1.317439924469e-06
   2.646490755043e-06  -1.323297845338e-06
   2.642260308882e-06  -1.325011365724e-06
   2.635645403494e-06  -1.331419190206e-06
   2.631381674858e-06  -1.333112360009e-06
   2.624598775617e-06  -1.339716095431e-06
   2.620189871576e-06  -1.341606757427e-06
