   0.000000000000e+00   0.000000000000e+00
   2.190951678134e-10   6.729870135437e-09
   8.220666427469e-10   1.343507034030e-08
   1.946804313886e-09   2.007945860803e-08
   3.323418052847e-09   2.666068144116e-08
   5.299929537470e-09   3.311231631552e-08
   7.537484846434e-09   3.945372078875e-08
   1.018737731981e-08   4.563768672786e-08
   1.338213548768e-08   5.160107574735e-08
   1.660749007802e-08   5.745008715932e-08
   2.065480101256e-08   6.293446641544e-08
   2.457119863746e-08   6.832220990087e-08
   2.916294691667e-08   7.331594459129e-08
   3.396047121871e-08   7.805363641460e-08
   3.884424498077e-08   8.257523217794e-08
   4.449312501248e-08   8.652942848676e-08
   4.971057351746e-08   9.048929297284e-08
   5.585503545333e-08   9.370393699368e-08
   6.166759729899e-08   9.685773873101e-08
   6.787734630572e-08   9.949524132751e-08
   7.441944656157e-08   1.016053873935e-07
   8.054942250596e-08   1.037136035549e-07
   8.756484100013e-08   1.047948171971e-07
   9.383197195723e-08   1.061431237331e-07
   1.008083495999e-07   1.064915963463e-07
   1.074881937254e-07   1.067055164165e-07
   1.140668688753e-07   1.066057807126e-07
   1.211089671301e-07   1.055388588968e-07
   1.273385539719e-07   1.049205390518e-07
   1.343087651569e-07   1.028800636365e-07
   1.404853572057e-07   1.013077872137e-07
   1.469048790107e-07   9.882116901508e-08
   1.531722922022e-07   9.590512553767e-08
   1.588839843131e-07   9.321292253039e-08
   1.650050617091e-07   8.907617597230e-08
   1.701969338327e-07   8.586626076234e-08
   1.757295660167e-07   8.113865276284e-08
   1.806266830155e-07   7.683599728466e-08
   1.852879034704e-07   7.211339187621e-08
   1.898519326960e-07   6.650648004864e-08
   1.936773088494e-07   6.180503171840e-08
   1.976186299826e-07   5.538072938847e-08
   2.007923124254e-07   5.014268883115e-08
   2.038412669173e-07   4.372305548089e-08
   2.064249643234e-07   3.741267111631e-08
   2.085307862014e-07   3.144120114913e-08
   2.103909641550e-07   2.418107720506e-08
   2.116563621378e-07   1.836736912810e-08
   2.126331774056e-07   1.093966186363e-08
   2.131133099013e-07   4.614291360210e-09
   2.131867235321e-07  -2.199073976572e-09
   2.128139910790e-07  -9.337510084834e-09
   2.120668249062e-07  -1.540207728481e-08
   2.107798238200e-07  -2.288374359104e-08
   2.092350027786e-07  -2.873016034775e-08
   2.071140173725e-07  -3.568533330214e-08
   2.046784629280e-07  -4.189398659515e-08
   2.018878696281e-07  -4.779360408085e-08
   1.985024230432e-07  -5.433733220716e-08
   1.951023385314e-07  -5.936876173225e-08
   1.909109944316e-07  -6.557773772652e-08
   1.867761022661e-07  -7.033804191275e-08
   1.820712535251e-07  -7.549309857059e-08
   1.770571316050e-07  -8.032031837270e-08
   1.720341785287e-07  -8.423475547982e-08
   1.662340515581e-07  -8.883612100705e-08
   1.608209192468e-07  -9.189659716347e-08
   1.545949823780e-07  -9.562815464719e-08
   1.485672583020e-07  -9.831819766586e-08
   1.422808385183e-07  -1.007611189164e-07
   1.355835915150e-07  -1.031536222998e-07
   1.293234387059e-07  -1.044054270507e-07
   1.222512105313e-07  -1.061193198157e-07
   1.158129753558e-07  -1.065904342181e-07
   1.088279025549e-07  -1.071904806353e-07
   1.020118201405e-07  -1.071611188854e-07
   9.539432782174e-08  -1.065350952025e-07
   8.831739951674e-08  -1.059189499917e-07
   8.199964239866e-08  -1.043010113270e-07
   7.507877612290e-08  -1.028118069075e-07
   6.881959600508e-08  -1.005068807822e-07
   6.245574000113e-08  -9.797701812795e-08
   5.618604726787e-08  -9.509450192069e-08
   5.048946446852e-08  -9.161170901467e-08
   4.446308456622e-08  -8.805966861547e-08
   3.927200006871e-08  -8.385216233697e-08
   3.387401474150e-08  -7.953076877946e-08
   2.902692101302e-08  -7.477111154905e-08
   2.448114312833e-08  -6.971676465514e-08
   2.005136724600e-08  -6.445074127279e-08
   1.632138347693e-08  -5.881465180966e-08
   1.256982669875e-08  -5.304627807218e-08
   9.514224588901e-09  -4.698472778294e-08
   6.658177996557e-09  -4.077358368972e-08
   4.249483291248e-09  -3.438669353413e-08
   2.322498961407e-09  -2.785330128406e-08
   6.851577672403e-10  -2.121658169682e-08
  -3.939557226913e-10  -1.448890185145e-08
  -1.134703371142e-09  -7.700833070160e-09
  -1.399112253116e-09  -8.854257882551e-10
  -1.240592860411e-09   5.935755060805e-09
  -6.279158260372e-10   1.273381486808e-08
   3.547864075594e-10   1.947870672245e-08
   1.885775159734e-09   2.614072310616e-08
   3.676849389573e-09   3.270804869933e-08
   6.040585881557e-09   3.912503677985e-08
   8.720305034368e-09   4.539429854906e-08
   1.176040843139e-08   5.148780184188e-08
   1.536962408269e-08   5.732552040952e-08
   1.902280888970e-08   6.301783233818e-08
   2.342405699448e-08   6.833248101842e-08
   2.779138195799e-08   7.349263670112e-08
   3.271416607118e-08   7.826581941628e-08
   3.791271875978e-08   8.272330317317e-08
   4.316032293649e-08   8.695156408762e-08
   4.910356687393e-08   9.060094069743e-08
   5.471469311770e-08   9.418512875158e-08
   6.108114310548e-08   9.706660890282e-08
   6.724007666725e-08   9.979018878643e-08
   7.368038347737e-08   1.020281282023e-07
   8.043607951044e-08   1.037062676671e-07
   8.683064043982e-08   1.053248109407e-07
   9.393287869429e-08   1.059865716287e-07
   1.004352818350e-07   1.067841826543e-07
   1.074627610739e-07   1.066745427974e-07
   1.142490052345e-07   1.063512821685e-07
   1.209047495993e-07   1.057044895077e-07
   1.278907728318e-07   1.041618666296e-07
   1.341892774638e-07   1.029266727692e-07
   1.410154301325e-07   1.004244473279e-07
   1.471595035757e-07   9.825208961551e-08
   1.534364310150e-07   9.523304030952e-08
   1.595065186561e-07   9.181921327815e-08
   1.650824863137e-07   8.851585087969e-08
   1.708785908122e-07   8.396509089655e-08
   1.758716398901e-07   8.015306383626e-08
   1.810446225625e-07   7.498482483252e-08
   1.856080488920e-07   7.020377897364e-08
   1.899179935849e-07   6.495827985757e-08
   1.940119768578e-07   5.902532917065e-08
   1.974603729703e-07   5.379130374157e-08
   2.008648272174e-07   4.708504604723e-08
   2.035767940342e-07   4.143720804174e-08
   2.060834512488e-07   3.466779340195e-08
   2.080970024314e-07   2.814724999080e-08
   2.096597353723e-07   2.178840649464e-08
   2.108746085460e-07   1.444545804659e-08
   2.115667406327e-07   8.343310466448e-09
   2.118740301950e-07   8.093883224378e-10
   2.117279689826e-07  -5.590632910380e-09
   2.111358015765e-07  -1.257215939253e-08
   2.100887152682e-07  -1.958759440499e-08
   2.086877128793e-07  -2.576740274016e-08
   2.066983567323e-07  -3.307797521620e-08
   2.045114652115e-07  -3.884767313217e-08
   2.016822602893e-07  -4.569371024825e-08
   1.986138144063e-07  -5.159412258276e-08
   1.951423868287e-07  -5.738868392268e-08
   1.911234086355e-07  -6.350072638916e-08
   1.871060497115e-07  -6.829001357577e-08
   1.822712264697e-07  -7.409427304904e-08
   1.775965798929e-07  -7.839376670946e-08
   1.722661672831e-07  -8.319187626884e-08
   1.667688853463e-07  -8.738743822594e-08
   1.612040348550e-07  -9.088359320951e-08
   1.549331939446e-07  -9.482408732994e-08
   1.491097633598e-07  -9.730292910764e-08
   1.424170069843e-07  -1.004307739652e-07
   1.361026250792e-07  -1.023697452612e-07
   1.294184528306e-07  -1.042195555919e-07
   1.224987132909e-07  -1.057868074590e-07
   1.159909604744e-07  -1.063636311746e-07
   1.087073643774e-07  -1.072869708684e-07
   1.021942131228e-07  -1.069628787311e-07
   9.503750446409e-08  -1.068258101329e-07
   8.827115168171e-08  -1.059219043156e-07
   8.161019329706e-08  -1.045586657211e-07
   7.463091425872e-08  -1.030750101809e-07
   6.845199391895e-08  -1.006769123583e-07
   6.165450224170e-08  -9.838192409873e-08
   5.569692474777e-08  -9.525720873153e-08
   4.954123905064e-08  -9.197823662297e-08
   4.366810934837e-08  -8.827995969347e-08
   3.832887318500e-08  -8.408204789643e-08
   3.274042246665e-08  -7.976922609568e-08
   2.806331445129e-08  -7.487190076654e-08
   2.315575786491e-08  -6.987051611295e-08
   1.894076623240e-08  -6.445575329977e-08
   1.497908085968e-08  -5.880810531996e-08
   1.125202988485e-08  -5.294648305267e-08
   8.212678155014e-09  -4.680272264989e-08
   5.214192709336e-09  -4.052637578058e-08
   2.942732860889e-09  -3.403854083265e-08
   8.894985381772e-10  -2.742923589816e-08
  -6.566741646977e-10  -2.069986494648e-08
  -1.744094556280e-09  -1.388792953384e-08
  -2.452904898682e-09  -7.007890368100e-09
  -2.668562202003e-09  -1.167191289381e-10
  -2.441459553967e-09   6.795491367549e-09
  -1.803790508481e-09   1.366382045056e-08
  -6.938762071539e-10   2.048222826869e-08
   8.858778966385e-10   2.721293528118e-08
   2.757669149234e-09   3.383762733513e-08
   5.308474050372e-09   4.029752548089e-08
   7.943433544683e-09   4.663247495461e-08
   1.129781160115e-08   5.271954278413e-08
   1.484158526569e-08   5.862522546297e-08
   1.874605050526e-08   6.429412055643e-08
   2.327553685595e-08   6.961074561809e-08
   2.765062965053e-08   7.480397650149e-08
   3.296296305957e-08   7.945363746776e-08
   3.798723986568e-08   8.401050322751e-08
   4.367863617825e-08   8.804449446206e-08
   4.955572470292e-08   9.173549478293e-08
   5.535806314399e-08   9.521423566342e-08
   6.199008450005e-08   9.792291602647e-08
   6.799696142440e-08   1.007290340385e-07
   7.493554072193e-08   1.025870014482e-07
   8.144201545949e-08   1.044108925857e-07
   8.822010835613e-08   1.056707690045e-07
   9.532278285680e-08   1.062593484434e-07
   1.018304294076e-07   1.069773556633e-07
   1.091990268811e-07   1.064282387803e-07
   1.156928721578e-07   1.063015673346e-07
   1.227785574533e-07   1.050399627536e-07
   1.295152890323e-07   1.036364812105e-07
   1.359881691911e-07   1.020120282272e-07
   1.428598773399e-07   9.923063630573e-08
   1.488113419884e-07   9.712615770504e-08
   1.553589747803e-07   9.340869961684e-08
   1.610750046880e-07   9.030489630451e-08
   1.668596859883e-07   8.629332737059e-08
   1.724298017876e-07   8.179386962223e-08
   1.773524246693e-07   7.773164732567e-08
   1.825171956756e-07   7.206310254151e-08
   1.867680554430e-07   6.755947662779e-08
   1.911410951160e-07   6.148263007393e-08
   1.948860142015e-07   5.591705317443e-08
   1.982733024168e-07   5.007657477956e-08
   2.014342559513e-07   4.329350198828e-08
   2.039043453164e-07   3.765611604891e-08
   2.062449286033e-07   3.025420620587e-08
   2.079283602927e-07   2.420548201562e-08
   2.092973969670e-07   1.707209177403e-08
   2.101890102602e-07   1.009592125221e-08
   2.106168287088e-07   3.651375246977e-09
   2.106047155130e-07  -4.050439169000e-09
   2.101720966654e-07  -1.014581340138e-08
   2.092175283418e-07  -1.773908368209e-08
   2.079004950264e-07  -2.414780002338e-08
   2.061079768146e-07  -3.087329985361e-08
   2.038146092369e-07  -3.783629706268e-08
   2.012980487719e-07  -4.360869683804e-08
   1.980537163561e-07  -5.062224483065e-08
   1.947769914078e-07  -5.596743331323e-08
   1.907974546013e-07  -6.220606886684e-08
   1.866131558378e-07  -6.764071737693e-08
   1.821413487336e-07  -7.265017369276e-08
   1.770241282918e-07  -7.810921650562e-08
   1.721058969075e-07  -8.209011320140e-08
   1.663051934860e-07  -8.696293366783e-08
   1.607664262129e-07  -9.044212053644e-08
   1.546656265958e-07  -9.412629833781e-08
   1.483583411141e-07  -9.737457251057e-08
   1.421772077151e-07  -9.974501185856e-08
   1.352510598786e-07  -1.025097059493e-07
   1.288997178950e-07  -1.039019254012e-07
   1.217777043873e-07  -1.056809616233e-07
   1.150268039260e-07  -1.064822822982e-07
   1.081010840809e-07  -1.069815112874e-07
   1.009205672596e-07  -1.072526853272e-07
   9.428260822226e-08  -1.065747116885e-07
   8.698747088569e-08  -1.060566179374e-07
   8.044961009805e-08  -1.045196889172e-07
   7.349366598834e-08  -1.029422337723e-07
   6.688569986631e-08  -1.007611276410e-07
   6.053875139777e-08  -9.808983539237e-08
   5.397974665359e-08  -9.523892994252e-08
   4.819862515907e-08  -9.166268537024e-08
   4.205637126492e-08  -8.801036531545e-08
   3.665264267950e-08  -8.375087718667e-08
   3.126804801539e-08  -7.925631377167e-08
   2.619566530811e-08  -7.441705901969e-08
   2.167030588319e-08  -6.918808839295e-08
   1.712756298717e-08  -6.377662132932e-08
   1.335394938976e-08  -5.798483603655e-08
   9.620566083152e-09  -5.202691492772e-08
   6.495916334305e-09  -4.580527664050e-08
   3.722276419126e-09  -3.940066020112e-08
   1.303949760919e-09  -3.283197071430e-08
  -5.378151694561e-10  -2.611925625178e-08
  -2.093544305160e-09  -1.929180207699e-08
  -3.081010547105e-09  -1.239371041130e-08
  -3.681658608217e-09  -5.429541785047e-09
  -3.804941699108e-09   1.550563848679e-09
  -3.484596862124e-09   8.521030543165e-09
  -2.669411031708e-09   1.546691571971e-08
  -1.495521649497e-09   2.233291908478e-08
   2.640941901823e-10   2.911235062715e-08
   2.311344477057e-09   3.576785439545e-08
   4.895429713918e-09   4.226600454779e-08
   7.897266198812e-09   4.858070257482e-08
   1.116256871515e-08   5.471452719137e-08
   1.510650546804e-08   6.055324766438e-08
   1.904322640333e-08   6.622952373421e-08
   2.373212173457e-08   7.151011048657e-08
   2.846621377479e-08   7.657909318786e-08
   3.362015076628e-08   8.128797251050e-08
   3.921848473187e-08   8.558254509445e-08
   4.469892647975e-08   8.969457689348e-08
   5.098750239515e-08   9.314086828597e-08
   5.690104955962e-08   9.651407864468e-08
   6.350308509954e-08   9.918795037638e-08
   7.002635026647e-08   1.015883680228e-07
   7.661781014031e-08   1.036127256472e-07
   8.371401792624e-08   1.048948630586e-07
   9.026420600225e-08   1.062331731417e-07
   9.758811839998e-08   1.065024997947e-07
   1.043054104461e-07   1.068856071446e-07
   1.114039384186e-07   1.064419661106e-07
   1.184213034906e-07   1.055755102469e-07
   1.250618761510e-07   1.046170865584e-07
   1.321939341396e-07   1.024971150753e-07
   1.384870724781e-07   1.008572760457e-07
   1.452954668340e-07   9.786951087046e-08
   1.514642315673e-07   9.512514074470e-08
   1.575713921640e-07   9.175780894921e-08
   1.636257943211e-07   8.766129197288e-08
   1.689721960563e-07   8.403800244434e-08
   1.746205990733e-07   7.886169166371e-08
   1.793921178004e-07   7.459380730649e-08
   1.842543306619e-07   6.901170425314e-08
   1.885801345693e-07   6.359562014976e-08
   1.924760687125e-07   5.812622001900e-08
   1.962418726329e-07   5.152028037342e-08
   1.992524650969e-07   4.605083913022e-08
   2.021958203278e-07   3.886823736906e-08
   2.044545324907e-07   3.280358165785e-08
   2.064033360737e-07   2.587101528922e-08
   2.078961062987e-07   1.879185780960e-08
   2.088743430547e-07   1.243997327305e-08
   2.094688597241e-07   4.634831275386e-09
   2.095646190986e-07  -1.549435412667e-09
   2.091923592997e-07  -9.210123104607e-09
   2.083897455925e-07  -1.588441449815e-08
   2.071322406152e-07  -2.266405389119e-08
   2.053399656068e-07  -2.998911213534e-08
   2.032999738705e-07  -3.589562432824e-08
   2.005346970354e-07  -4.326358121122e-08
   1.976685051339e-07  -4.891699547237e-08
   1.941370065228e-07  -5.542812268783e-08
   1.902968345857e-07  -6.134548595620e-08
   1.862281255171e-07  -6.657524158032e-08
   1.814024461926e-07  -7.259052680797e-08
   1.768066874007e-07  -7.686831721103e-08
   1.712742469611e-07  -8.223120813517e-08
   1.659404053506e-07  -8.618072774850e-08
   1.601057136363e-07  -9.022123361027e-08
   1.538888274369e-07  -9.408143330170e-08
   1.479368369748e-07  -9.675485525690e-08
   1.410443696457e-07  -1.001344507201e-07
   1.348037177300e-07  -1.019195846086e-07
   1.277361192395e-07  -1.041817032918e-07
   1.209296975391e-07  -1.055202557941e-07
   1.140924879843e-07  -1.063633346273e-07
   1.067346026366e-07  -1.072354971957e-07
   1.001300034665e-07  -1.068790367445e-07
   9.265080914431e-08  -1.068857886319e-07
   8.598491500159e-08  -1.057513192974e-07
   7.892196742525e-08  -1.045498355496e-07
   7.201328871208e-08  -1.028433493178e-07
   6.559393880632e-08  -1.004499524035e-07
   5.866610617685e-08  -9.805013879434e-08
   5.272037325164e-08  -9.474898437465e-08
   4.627149883887e-08  -9.143919963978e-08
   4.053740167588e-08  -8.748604237348e-08
   3.493784428884e-08  -8.322321805754e-08
   2.942127957715e-08  -7.868009526691e-08
   2.468036519029e-08  -7.362697279217e-08
   1.970442806676e-08  -6.844405634178e-08
   1.561565695969e-08  -6.280825394244e-08
   1.153628983453e-08  -5.699488860317e-08
   7.993419376104e-09  -5.089984977650e-08
   4.928236832826e-09  -4.457747138654e-08
   2.067773407234e-09  -3.808237676775e-08
  -8.504471665412e-11  -3.140723721523e-08
  -2.036465481030e-09  -2.459595218275e-08
  -3.375446698899e-09  -1.768750497237e-08
  -4.324617973837e-09  -1.069383058819e-08
  -4.803624236654e-09  -3.649819326582e-09
  -4.813991156507e-09   3.390374524677e-09
  -4.330512411747e-09   1.044674014611e-08
  -3.461800695334e-09   1.742591668200e-08
  -2.027363956051e-09   2.435198520016e-08
  -2.248534460739e-10   3.116184828282e-08
   2.025833094086e-09   3.783993811885e-08
   4.838869366281e-09   4.434243724108e-08
   7.811635451681e-09   5.068316224763e-08
   1.155547369303e-08   5.674559118286e-08
   1.531885508971e-08   6.263549328626e-08
   1.974339350686e-08   6.818607888701e-08
   2.443258331617e-08   7.346162298084e-08
   2.931239854921e-08   7.847132124833e-08
   3.489371174605e-08   8.298987581003e-08
   4.022081556102e-08   8.737778522989e-08
   4.639990300794e-08   9.111590115989e-08
   5.234929956826e-08   9.469209952528e-08
   5.875266982264e-08   9.773024722343e-08
   6.541918875845e-08   1.002887412975e-07
   7.186634437397e-08   1.026631104131e-07
   7.904625561743e-08   1.041621081669e-07
   8.564210510684e-08   1.057239262986e-07
   9.291126607565e-08   1.063390298553e-07
   9.984844921018e-08   1.068045745347e-07
   1.068510473035e-07   1.067614108875e-07
   1.141052105852e-07   1.059662482609e-07
   1.207737403564e-07   1.052874891531e-07
   1.280179118211e-07   1.033878582433e-07
   1.345219357133e-07   1.018046408917e-07
   1.413343670569e-07   9.918866855640e-08
   1.477988198527e-07   9.637214088204e-08
   1.539396034095e-07   9.333814131241e-08
   1.602252473748e-07   8.926394309014e-08
   1.657352079198e-07   8.573700191991e-08
   1.715001229733e-07   8.079836820592e-08
   1.765365585716e-07   7.638799920843e-08
   1.814759536891e-07   7.113126321477e-08
   1.860602902704e-07   6.554814558249e-08
   1.900859347386e-07   6.024119351426e-08
   1.940342348873e-07   5.366737354024e-08
   1.972396255305e-07   4.807868660138e-08
   2.003107004160e-07   4.112104005706e-08
   2.027747427973e-07   3.478629467335e-08
   2.048493080479e-07   2.804678397550e-08
   2.065120709629e-07   2.080260614354e-08
   2.076269579197e-07   1.440934188817e-08
   2.083607609394e-07   6.662973852826e-09
   2.085793680730e-07   2.165201620197e-10
   2.083352472098e-07  -7.292175791372e-09
   2.076294001973e-07  -1.424377568368e-08
   2.064788110744e-07  -2.099565863082e-08
   2.047784690481e-07  -2.842451917033e-08
   2.027975621087e-07  -3.451108007352e-08
   2.001349588089e-07  -4.182386500349e-08
   1.972813338460e-07  -4.775572979388e-08
   1.938366646994e-07  -5.421932252165e-08
   1.900046397947e-07  -6.033277753035e-08
   1.859634354945e-07  -6.564879709822e-08
   1.811770830135e-07  -7.170804961894e-08
   1.765403964312e-07  -7.618658965839e-08
   1.710589831707e-07  -8.152632070311e-08
   1.656586944031e-07  -8.567069651857e-08
   1.598347455902e-07  -8.973496668137e-08
   1.535801770909e-07  -9.368968825571e-08
   1.475720261333e-07  -9.646526337973e-08
   1.406757143310e-07  -9.985364585106e-08
   1.343361467542e-07  -1.017659802098e-07
   1.272571430508e-07  -1.040238633847e-07
   1.203607659495e-07  -1.054432810659e-07
   1.134713422428e-07  -1.063105809752e-07
   1.060584006578e-07  -1.071974875512e-07
   9.936455428123e-08  -1.068831984349e-07
   9.184648700378e-08  -1.068700263112e-07
   8.508524391312e-08  -1.057614031714e-07
   7.797487359668e-08  -1.045348881517e-07
   7.099203851321e-08  -1.028168820822e-07
   6.451302691632e-08  -1.003985602437e-07
   5.753245545389e-08  -9.795684452988e-08
   5.152496240290e-08  -9.462256898958e-08
   4.503518322993e-08  -9.125533150676e-08
   3.924980768945e-08  -8.725171584036e-08
   3.362198742963e-08  -8.292310317885e-08
   2.806978812236e-08  -7.831133228893e-08
   2.331499996930e-08  -7.318684492593e-08
   1.832055028099e-08  -6.792292896340e-08
   1.422988332881e-08  -6.220997261760e-08
   1.015596107181e-08  -5.631026505283e-08
   6.623137676348e-09  -5.013073288567e-08
   3.589139684823e-09  -4.372368578488e-08
   7.555828227408e-10  -3.713859721731e-08
  -1.348571528275e-09  -3.038354819981e-08
  -3.248724410018e-09  -2.348402169848e-08
  -4.525295094395e-09  -1.649847750835e-08
  -5.400062964864e-09  -9.427888681057e-09
  -5.796306254591e-09  -2.309415133283e-09
  -5.720053505848e-09   4.792127244687e-09
  -5.127981447094e-09   1.191362933548e-08
  -4.161695469922e-09   1.894080914703e-08
  -2.604053573875e-09   2.591352879991e-08
  -6.783913244612e-10   3.275797723211e-08
   1.688281856250e-09   3.946176037274e-08
   4.659533844496e-09   4.597857337833e-08
   7.739886455482e-09   5.232651418788e-08
   1.165643778901e-08   5.837771402812e-08
   1.554768938998e-08   6.425168470377e-08
   2.011721534133e-08   6.977203977805e-08
   2.497994634372e-08   7.499542079228e-08
   2.996184185510e-08   7.996484552031e-08
   3.574442873569e-08   8.439117410649e-08
   4.116812098477e-08   8.871815929596e-08
   4.751578884713e-08   9.234569660611e-08
   5.360538707122e-08   9.581142009726e-08
   6.010188552666e-08   9.874974615371e-08
   6.695327084033e-08   1.011338569335e-07
   7.344632445257e-08   1.034125365318e-07
   8.079298482526e-08   1.047056007685e-07
   8.745519439365e-08   1.061268290441e-07
   9.480358108159e-08   1.065650288022e-07
   1.018570314719e-07   1.068038430681e-07
   1.088526876455e-07   1.066314745354e-07
   1.162273963775e-07   1.055480928907e-07
   1.228713333672e-07   1.047294580291e-07
   1.301608746314e-07   1.025683039440e-07
   1.366764991353e-07   1.007569862287e-07
   1.434308466782e-07   9.796976766440e-08
   1.499251009819e-07   9.483007854590e-08
   1.559548992584e-07   9.167381327446e-08
   1.622196662065e-07   8.727468399319e-08
   1.676290331879e-07   8.356800452644e-08
   1.732781256178e-07   7.841303380497e-08
   1.782308282388e-07   7.371166323555e-08
   1.829858135672e-07   6.835114111790e-08
   1.874561381370e-07   6.243377919492e-08
   1.912852505428e-07   5.702559864740e-08
   1.950475336874e-07   5.021053802701e-08
   1.980632647484e-07   4.442407658145e-08
   2.008871417486e-07   3.737923831746e-08
   2.031407986192e-07   3.077123242420e-08
   2.049494546874e-07   2.401680609567e-08
   2.063523410596e-07   1.655301915053e-08
   2.072018039619e-07   1.009142296079e-08
   2.076353681185e-07   2.285265257187e-09
   2.075717458013e-07  -4.313322840450e-09
   2.070197923820e-07  -1.175446160410e-08
   2.059978613521e-07  -1.884688121516e-08
   2.045451316006e-07  -2.552856278675e-08
   2.025101833208e-07  -3.296357504350e-08
   2.002171591612e-07  -3.904888295101e-08
   1.972333570585e-07  -4.621514294004e-08
   1.940457239390e-07  -5.216433267574e-08
   1.903020481112e-07  -5.842836966502e-08
   1.861346350310e-07  -6.446480263833e-08
   1.817977185526e-07  -6.962286945196e-08
   1.767109680724e-07  -7.545751697478e-08
   1.717695563945e-07  -7.981191139581e-08
   1.660320554984e-07  -8.484184337153e-08
   1.603391624506e-07  -8.880933542247e-08
   1.542802528515e-07  -9.257667266424e-08
   1.477854126673e-07  -9.623408871768e-08
   1.415467603630e-07  -9.875232051261e-08
   1.344765593326e-07  -1.017482588021e-07
   1.279294208130e-07  -1.033880108033e-07
   1.207172286459e-07  -1.052432290470e-07
   1.136773278453e-07  -1.063095796249e-07
   1.066706266266e-07  -1.068138707029e-07
   9.919881990899e-08  -1.072637533525e-07
   9.241582937000e-08  -1.066035667313e-07
   8.489962908187e-08  -1.061301251983e-07
   7.811688827547e-08  -1.046409840394e-07
   7.103444325083e-08  -1.029892405648e-07
   6.412507717887e-08  -1.008359212259e-07
   5.769967625372e-08  -9.803362921455e-08
   5.087159502446e-08  -9.513456325736e-08
   4.497674730776e-08  -9.142660532309e-08
   3.867802748396e-08  -8.763096094252e-08
   3.309639555514e-08  -8.323992717439e-08
   2.767996764086e-08  -7.853642675730e-08
   2.242027018513e-08  -7.353292403041e-08
   1.791536808947e-08  -6.807884542861e-08
   1.326672677906e-08  -6.245180337256e-08
   9.494348621174e-09  -5.643763606877e-08
   5.786868203605e-09  -5.023100086431e-08
   2.652231411368e-09  -4.377568767250e-08
   1.271026164119e-13  -3.712563657516e-08
  -2.373857763692e-09  -3.030452694427e-08
  -4.065357482420e-09  -2.336503740782e-08
  -5.477418482567e-09  -1.628796855726e-08
  -6.294158080976e-09  -9.172313093276e-09
  -6.678004488771e-09  -1.993331065325e-09
  -6.564985219704e-09   5.196584032151e-09
  -6.004984047587e-09   1.233671746856e-08
  -4.870187014046e-09   1.946203186913e-08
  -3.421942368265e-09   2.646002178579e-08
  -1.317585770294e-09   3.336438278793e-08
   1.101696585956e-09   4.010839999331e-08
   3.986247230129e-09   4.667607939370e-08
   7.470634194034e-09   5.301335093257e-08
   1.102140195973e-08   5.916443640883e-08
   1.545785897734e-08   6.495549260889e-08
   1.977848642051e-08   7.056938258496e-08
   2.483748196477e-08   7.576324628763e-08
   3.011037128022e-08   8.064925618187e-08
   3.551083975400e-08   8.524870633375e-08
   4.169684598421e-08   8.925000794555e-08
   4.745366304132e-08   9.317325544432e-08
   5.417875303191e-08   9.630269172489e-08
   6.053243440883e-08   9.931545186373e-08
   6.733716924202e-08   1.017222218508e-07
   7.441046749470e-08   1.035780317375e-07
   8.110953654876e-08   1.053260433645e-07
   8.864326588712e-08   1.060128331504e-07
   9.540709337948e-08   1.069037482528e-07
   1.028840147131e-07   1.066978724076e-07
   1.099554778977e-07   1.063744125414e-07
   1.169884780170e-07   1.055774889424e-07
   1.243192624351e-07   1.038718776086e-07
   1.308929447526e-07   1.024771241806e-07
   1.380795909960e-07   9.965070531615e-08
   1.444204836828e-07   9.729504435219e-08
   1.510006618654e-07   9.385835647770e-08
   1.572303205579e-07   9.016643035399e-08
   1.630027403615e-07   8.643131526736e-08
   1.689288821744e-07   8.145514470138e-08
   1.739905546328e-07   7.725558396977e-08
   1.792386049195e-07   7.153051995527e-08
   1.837509959161e-07   6.639866556991e-08
   1.880513370275e-07   6.053058359388e-08
   1.919961742245e-07   5.421078297237e-08
   1.953189181407e-07   4.839885811334e-08
   1.984900676151e-07   4.120155397117e-08
   2.009392053311e-07   3.512625784186e-08
   2.031340018490e-07   2.774495943827e-08
   2.047526127719e-07   2.094442149471e-08
   2.059172811100e-07   1.393791707765e-08
   2.066240599499e-07   6.348141737192e-09
   2.068197881507e-07  -2.443851446161e-10
   2.065236112808e-07  -8.126503048035e-09
   2.057866668871e-07  -1.471604390558e-08
   2.045074547499e-07  -2.217841271075e-08
   2.027846205706e-07  -2.913693034313e-08
   2.006338876803e-07  -3.575546519475e-08
   1.978791996725e-07  -4.297120296324e-08
   1.949261718248e-07  -4.886327733396e-08
   1.912303864511e-07  -5.576327162764e-08
   1.874153872307e-07  -6.136516242304e-08
   1.830014919764e-07  -6.732519652993e-08
   1.782311995973e-07  -7.288508507734e-08
   1.732966064495e-07  -7.766519897191e-08
   1.676321879993e-07  -8.295355111542e-08
   1.621834565699e-07  -8.680307156826e-08
   1.559091775096e-07  -9.127068587887e-08
   1.497967128114e-07  -9.459141052504e-08
   1.432741053724e-07  -9.778655623978e-08
   1.364296270555e-07  -1.006982583339e-07
   1.298404380334e-07  -1.025896747429e-07
   1.224744644440e-07  -1.048137377631e-07
   1.157138252313e-07  -1.057263333974e-07
   1.082654334429e-07  -1.068350893346e-07
   1.011393789207e-07  -1.070768437417e-07
   9.399200429721e-08  -1.068562967067e-07
   8.652693842716e-08  -1.064388400426e-07
   7.974453671697e-08  -1.050338205284e-07
   7.229761425648e-08  -1.037197722290e-07
   6.567583557250e-08  -1.014374972580e-07
   5.872748840242e-08  -9.901070036473e-08
   5.211704618531e-08  -9.603220214144e-08
   4.592741960027e-08  -9.251244677539e-08
   3.948953174854e-08  -8.880849093493e-08
   3.397190950685e-08  -8.441168002273e-08
   2.811814385942e-08  -7.988577388386e-08
   2.306402107238e-08  -7.482189465457e-08
   1.814543285860e-08  -6.948830159827e-08
   1.353404869589e-08  -6.384740089278e-08
   9.606973142555e-09  -5.785689355599e-08
   5.678146836029e-09  -5.166768552840e-08
   2.591298893616e-09  -4.519462359060e-08
  -3.655067562210e-10  -3.853570293805e-08
  -2.702712998169e-09  -3.169644518287e-08
  -4.586919108141e-09  -2.471642605942e-08
  -6.078053975790e-09  -1.760252104651e-08
  -6.972812499321e-09  -1.045014901396e-08
  -7.464105829705e-09  -3.193370492764e-09
  -7.435048329323e-09   4.023372239529e-09
  -6.908541166773e-09   1.125805715415e-08
  -5.891974776315e-09   1.843194007152e-08
  -4.460874213488e-09   2.550670005967e-08
  -2.382700224774e-09   3.248931385405e-08
  -1.029851736497e-10   3.930488964603e-08
   2.938991008620e-09   4.594117562598e-08
   6.170009331040e-09   5.237902023726e-08
   9.930306774914e-09   5.856994654626e-08
   1.422529409242e-08   6.446468994392e-08
   1.854920658503e-08   7.014818903820e-08
   2.378844377225e-08   7.536149074126e-08
   2.877217036328e-08   8.041718038529e-08
   3.458525415692e-08   8.492602017548e-08
   4.043528751381e-08   8.914335648295e-08
   4.648076718470e-08   9.299383116498e-08
   5.319097811158e-08   9.619740519365e-08
   5.943379774377e-08   9.933796443745e-08
   6.663925510690e-08   1.015530680316e-07
   7.330884290316e-08   1.037450423040e-07
   8.051681457685e-08   1.051726999161e-07
   8.777069325069e-08   1.061355174704e-07
   9.473098317882e-08   1.069077600177e-07
   1.023634554848e-07   1.066007881694e-07
   1.091894312548e-07   1.065636608224e-07
   1.167089477683e-07   1.052808403907e-07
   1.236376545519e-07   1.040664453904e-07
   1.306266327091e-07   1.021836871383e-07
   1.376640718940e-07   9.956616206046e-08
   1.440371184116e-07   9.717567900741e-08
   1.508521643235e-07   9.336646118976e-08
   1.567829456988e-07   9.016431086365e-08
   1.629445620444e-07   8.569500726053e-08
   1.685674179774e-07   8.127385358348e-08
   1.738409889880e-07   7.656468307635e-08
   1.790352205789e-07   7.087542334574e-08
   1.834551016019e-07   6.589635388375e-08
   1.879194697467e-07   5.939997124541e-08
   1.916171156323e-07   5.373873051499e-08
   1.951060842821e-07   4.708338587483e-08
   1.980944394879e-07   4.040189043295e-08
   2.005529465868e-07   3.394430784370e-08
   2.026914613228e-07   2.640118442001e-08
   2.041915219710e-07   1.997745890673e-08
   2.053312057672e-07   1.219079604047e-08
   2.059124217283e-07   5.351825392279e-09
   2.060236274386e-07  -2.029412117700e-09
   2.056284602013e-07  -9.497499556827e-09
   2.047815070264e-07  -1.623810815785e-08
   2.033508400396e-07  -2.401471771427e-08
   2.015885360703e-07  -3.039656689919e-08
   1.991790717792e-07  -3.780703242485e-08
   1.964449459737e-07  -4.426198113940e-08
   1.932195264723e-07  -5.074283207239e-08
   1.894514184021e-07  -5.735353319302e-08
   1.855341158321e-07  -6.283407722239e-08
   1.808200575924e-07  -6.917908883013e-08
   1.761703408884e-07  -7.403519222050e-08
   1.707809024232e-07  -7.947350472721e-08
   1.652665791423e-07  -8.407284261565e-08
   1.594922976154e-07  -8.821495213360e-08
   1.531140638515e-07  -9.251357334877e-08
   1.470370208701e-07  -9.547796665965e-08
   1.400704501294e-07  -9.902294464580e-08
   1.335342345401e-07  -1.012194948850e-07
   1.264176281252e-07  -1.035145194320e-07
   1.192720540682e-07  -1.051927749453e-07
   1.122992429997e-07  -1.060950983374e-07
   1.046797398343e-07  -1.071132900161e-07
   9.780145615193e-08  -1.068845668983e-07
   9.015578559805e-08  -1.068685696329e-07
   8.313416355771e-08  -1.058539164058e-07
   7.593333194592e-08  -1.045578884524e-07
   6.869851459968e-08  -1.028673368245e-07
   6.209722784100e-08  -1.003773131176e-07
   5.494487720981e-08  -9.786275886862e-08
   4.875957306499e-08  -9.446182716648e-08
   4.218455972168e-08  -9.094813111375e-08
   3.621000165315e-08  -8.684694286429e-08
   3.053456738902e-08  -8.234741635854e-08
   2.485166280666e-08  -7.757891996257e-08
   2.004192894688e-08  -7.228270091602e-08
   1.501039881428e-08  -6.681282454969e-08
   1.086346552847e-08  -6.091653794105e-08
   6.825629933623e-09  -5.479595325914e-08
   3.280742618009e-09  -4.840623001924e-08
   3.154452897921e-10  -4.178746868677e-08
  -2.450138932627e-09  -3.497289939254e-08
  -4.464450317015e-09  -2.801506425066e-08
  -6.223360262149e-09  -2.089353499826e-08
  -7.364794587439e-09  -1.370707447359e-08
  -8.056174408898e-09  -6.443624176266e-09
  -8.248938514768e-09   8.667107834371e-10
  -7.959983088974e-09   8.127746097347e-09
  -7.106509058153e-09   1.541150340898e-08
  -5.881612985143e-09   2.256659538104e-08
  -4.036050886942e-09   2.965509470096e-08
  -1.791223021901e-09   3.658934166257e-08
   8.771187734429e-10   4.335688827311e-08
   4.209613535704e-09   4.991279826931e-08
   7.622005318315e-09   5.626920914618e-08
   1.190263915282e-08   6.230180944630e-08
   1.617040239160e-08   6.812056968516e-08
   2.108914450248e-08   7.356349712505e-08
   2.635207786849e-08   7.866158853953e-08
   3.168414169228e-08   8.348915004397e-08
   3.784580404268e-08   8.772501246941e-08
   4.363530331234e-08   9.183482537100e-08
   5.031812961122e-08   9.521470997951e-08
   5.676920888966e-08   9.838495961179e-08
   6.357197402816e-08   1.010146202664e-07
   7.073543590175e-08   1.030388357902e-07
   7.752033324465e-08   1.049379891760e-07
   8.510640040909e-08   1.058222436323e-07
   9.202406743708e-08   1.067971402328e-07
   9.955864437054e-08   1.067735906464e-07
   1.067849870796e-07   1.065227018442e-07
   1.139338892485e-07   1.058262425857e-07
   1.213760895839e-07   1.042290648595e-07
   1.281177423013e-07   1.028422383254e-07
   1.353962595357e-07   1.001296089564e-07
   1.419029643953e-07   9.775077665073e-08
   1.486034329076e-07   9.435146075069e-08
   1.549537703114e-07   9.067468038170e-08
   1.608761107132e-07   8.687271927124e-08
   1.668887014477e-07   8.193907160734e-08
   1.720869344172e-07   7.763308142430e-08
   1.774258937204e-07   7.188796385465e-08
   1.820269764921e-07   6.669605549653e-08
   1.864278819856e-07   6.069710134143e-08
   1.904192467091e-07   5.437133817550e-08
   1.938200770552e-07   4.838418903398e-08
   1.970232681051e-07   4.114165798268e-08
   1.995040617803e-07   3.495251005209e-08
   2.017218326777e-07   2.741116924811e-08
   2.033312657505e-07   2.058608859638e-08
   2.044907240340e-07   1.336111409480e-08
   2.051626762481e-07   5.746503840008e-09
   2.053170418853e-07  -9.951488320680e-10
   2.049577192491e-07  -9.008014864787e-09
   2.041549013914e-07  -1.562120710551e-08
   2.027744364562e-07  -2.329530361123e-08
   2.009655800687e-07  -3.022514586946e-08
   1.986897555532e-07  -3.700050989868e-08
   1.958088558186e-07  -4.426003614248e-08
   1.927355116509e-07  -5.016474220109e-08
   1.888590968402e-07  -5.720254346631e-08
   1.849308993592e-07  -6.271550911801e-08
   1.803141769269e-07  -6.879243635630e-08
   1.753994707041e-07  -7.428226035323e-08
   1.702948254354e-07  -7.904764672697e-08
   1.644209366650e-07  -8.434624365394e-08
   1.588495172227e-07  -8.805588531902e-08
   1.523326667914e-07  -9.254449775755e-08
   1.460994825251e-07  -9.569395785922e-08
   1.393781866316e-07  -9.881635164929e-08
   1.323593252624e-07  -1.016000033866e-07
   1.256523901170e-07  -1.033053886526e-07
   1.180703763771e-07  -1.054217369320e-07
   1.112362638901e-07  -1.060949369923e-07
   1.036093633684e-07  -1.070428527524e-07
   9.639089051754e-08  -1.070522834089e-07
   8.915781097202e-08  -1.065939309158e-07
   8.156961768978e-08  -1.059537417281e-07
   7.477444304446e-08  -1.042696251430e-07
   6.723416528981e-08  -1.027050588995e-07
   6.061901970098e-08  -1.001392006162e-07
   5.366305930466e-08  -9.742361877359e-08
   4.705813913189e-08  -9.416070200570e-08
   4.093779630875e-08  -9.034132267183e-08
   3.454104061284e-08  -8.633716996897e-08
   2.913084355423e-08  -8.165108670331e-08
   2.339401871574e-08  -7.681439862063e-08
   1.847322057926e-08  -7.146772652689e-08
   1.373639520325e-08  -6.584081402703e-08
   9.309272700237e-09  -5.991530760453e-08
   5.596559375465e-09  -5.366545898445e-08
   1.924786937699e-09  -4.720160388998e-08
  -9.170824953726e-10  -4.049751185042e-08
  -3.564347072788e-09  -3.360005235989e-08
  -5.601014269334e-09  -2.655211040103e-08
  -7.157141401904e-09  -1.938375378097e-08
  -8.280416094278e-09  -1.209415392806e-08
  -8.829996770525e-09  -4.801672198142e-09
  -8.911227667636e-09   2.579774682261e-09
  -8.499250533432e-09   9.888817611169e-09
  -7.551752849676e-09   1.718960704333e-08
  -6.111083680314e-09   2.439909383872e-08
  -4.250784532091e-09   3.148147885738e-08
  -1.730962305065e-09   3.843452516480e-08
   9.909674209045e-10   4.519539565375e-08
   4.477465404892e-09   5.173620307339e-08
   8.144050101036e-09   5.805194432498e-08
   1.236547654617e-08   6.407979473043e-08
   1.705838563912e-08   6.978624288031e-08
   2.185472375128e-08   7.523570060041e-08
   2.746152751900e-08   8.019454614511e-08
   3.287003147738e-08   8.495587405297e-08
   3.907503825340e-08   8.912819380139e-08
   4.523709251981e-08   9.301408958616e-08
   5.171610103349e-08   9.643413604140e-08
   5.863538151441e-08   9.927131513755e-08
   6.526613647742e-08   1.019240743352e-07
   7.267792790894e-08   1.036892037172e-07
   7.956857548846e-08   1.054097902344e-07
   8.705675619462e-08   1.062505688246e-07
   9.433905511363e-08   1.067893347670e-07
   1.015836298787e-07   1.068813168871e-07
   1.091670942221e-07   1.061172927126e-07
   1.161171480074e-07   1.054527173106e-07
   1.236515832937e-07   1.035460228041e-07
   1.304566554345e-07   1.018665492564e-07
   1.375206132399e-07   9.918518593373e-08
   1.442675511939e-07   9.619566473763e-08
   1.506210145946e-07   9.302755838587e-08
   1.571452383755e-07   8.871978353770e-08
   1.628279393226e-07   8.498826130908e-08
   1.687685887510e-07   7.976697982307e-08
   1.739325366854e-07   7.508010678846e-08
   1.789645079852e-07   6.953064101779e-08
   1.836220399808e-07   6.359004547374e-08
   1.876539666221e-07   5.800941494419e-08
   1.916040668523e-07   5.100843547359e-08
   1.947409232094e-07   4.514251727481e-08
   1.977204181832e-07   3.776687156700e-08
   2.000444989276e-07   3.109657280028e-08
   2.019331821373e-07   2.404028018821e-08
   2.033721466153e-07   1.637502454768e-08
   2.042262759467e-07   9.766896709556e-09
   2.046405442169e-07   1.588888800286e-09
   2.045286702422e-07  -5.055315320008e-09
   2.038875166499e-07  -1.286493596468e-08
   2.027613145261e-07  -2.007416384366e-08
   2.011748336863e-07  -2.693959681773e-08
   1.989521119701e-07  -3.465517979584e-08
   1.965056948385e-07  -4.074549101176e-08
   1.932574611715e-07  -4.823161549418e-08
   1.898742186800e-07  -5.416365354808e-08
   1.858520278839e-07  -6.058484946969e-08
   1.813962438745e-07  -6.671244245111e-08
   1.768146629316e-07  -7.181570760131e-08
   1.713491356662e-07  -7.779928340654e-08
   1.661702685785e-07  -8.200227632619e-08
   1.600506693351e-07  -8.706804583076e-08
   1.540572757595e-07  -9.091433026339e-08
   1.476937118171e-07  -9.452610600029e-08
   1.408144448908e-07  -9.809674115558e-08
   1.343365275058e-07  -1.003399498753e-07
   1.268794496167e-07  -1.031735005565e-07
   1.200872783662e-07  -1.045156435944e-07
   1.125844886384e-07  -1.060646961303e-07
   1.052575624250e-07  -1.068283921883e-07
   9.806303477027e-08  -1.069315514052e-07
   9.031924530610e-08  -1.070142412342e-07
   8.339209877109e-08  -1.059281584664e-07
   7.570835121073e-08  -1.049857279761e-07
   6.879566256363e-08  -1.030522366215e-07
   6.166041689610e-08  -1.008773173294e-07
   5.467775596998e-08  -9.822195050790e-08
   4.826106977806e-08  -9.490401898523e-08
   4.148303996870e-08  -9.143132684889e-08
   3.564282600524e-08  -8.721618579540e-08
   2.951509641172e-08  -8.282592973631e-08
   2.408259423308e-08  -7.790140698035e-08
   1.889532881363e-08  -7.264421042329e-08
   1.393370573354e-08  -6.707317749154e-08
   9.697887515953e-09  -6.111691890230e-08
   5.481777452580e-09  -5.493077977261e-08
   2.072497900775e-09  -4.844314710453e-08
  -1.142128676983e-09  -4.173881040277e-08
  -3.765376125926e-09  -3.483334438925e-08
  -5.900999463664e-09  -2.776685939968e-08
  -7.627478561605e-09  -2.054533380483e-08
  -8.743948060224e-09  -1.326823997046e-08
  -9.437589334488e-09  -5.872171396720e-09
  -9.581555019208e-09   1.497660407499e-09
  -9.216919675686e-09   8.898820202095e-09
  -8.343114154285e-09   1.624446285152e-08
  -7.001252651213e-09   2.350044542949e-08
  -5.052093536223e-09   3.067134675193e-08
  -2.798902348449e-09   3.766710552817e-08
   1.698552151469e-10   4.449972731133e-08
   3.375046337785e-09   5.111795081916e-08
   7.179165413749e-09   5.748534564732e-08
   1.141502744643e-08   6.357246234362e-08
   1.587347172262e-08   6.939401796797e-08
   2.109032394329e-08   7.479453336499e-08
   2.618433013739e-08   7.997543255565e-08
   3.212360917069e-08   8.460833523600e-08
   3.798335117840e-08   8.897977010080e-08
   4.429452467892e-08   9.286006532775e-08
   5.098692634871e-08   9.622653386036e-08
   5.747705424383e-08   9.936327789364e-08
   6.480251803752e-08   1.016449405250e-07
   7.156152154062e-08   1.038981619493e-07
   7.907622192938e-08   1.052209010377e-07
   8.629896112945e-08   1.063137538155e-07
   9.359472875749e-08   1.068923670352e-07
   1.012641259591e-07   1.066332594921e-07
   1.082573625094e-07   1.064938050210e-07
   1.160041585921e-07   1.050172798353e-07
   1.229033020311e-07   1.038654435950e-07
   1.302077143496e-07   1.016009328388e-07
   1.371786588349e-07   9.905353040316e-08
   1.437456146112e-07   9.634475154675e-08
   1.506228558006e-07   9.235697185639e-08
   1.565350922828e-07   8.908457105189e-08
   1.628680754323e-07   8.414242029835e-08
   1.683526772778e-07   7.980477269605e-08
   1.737445715075e-07   7.458689291912e-08
   1.788307824287e-07   6.882857704050e-08
   1.832058098082e-07   6.359810835089e-08
   1.876304452528e-07   5.669834779489e-08
   1.911493233724e-07   5.107097928002e-08
   1.945818832435e-07   4.384907101646e-08
   1.973495368797e-07   3.722352979461e-08
   1.996598003029e-07   3.037050738068e-08
   2.015751974537e-07   2.262773613097e-08
   2.028420860003e-07   1.613368258381e-08
   2.037263121631e-07   7.913670972053e-09
   2.040290561628e-07   1.189307337478e-09
   2.038337827343e-07  -6.586680870508e-09
   2.031195300209e-07  -1.402278085729e-08
   2.019420859815e-07  -2.090622162891e-08
   2.001288326722e-07  -2.883844192395e-08
   1.980379670071e-07  -3.511878871920e-08
   1.951946450082e-07  -4.273487264961e-08
   1.921170732217e-07  -4.900317918842e-08
   1.884592127515e-07  -5.556649976250e-08
