   0.000000000000e+00   0.000000000000e+00
   4.532812545040e-13   6.734554275953e-09
   1.813125004465e-12   1.346910833587e-08
   4.079531210889e-12   2.020366199531e-08
   7.252499830785e-12   2.693821555344e-08
   1.133203086271e-11   3.367276911157e-08
   1.631812423545e-11   4.040732124977e-08
   2.221077977200e-11   4.714187290208e-08
   2.900999745016e-11   5.387642392789e-08
   3.671577708505e-11   6.061097367437e-08
   4.532811861886e-11   6.734552342085e-08
   5.484702191898e-11   7.408007042682e-08
   6.527248662518e-11   8.081461636165e-08
   7.660451271694e-11   8.754916217423e-08
   8.884309992178e-11   9.428370429742e-08
   1.019882479994e-10   1.010182464206e-07
   1.160399567799e-10   1.077527854437e-07
   1.309982259291e-10   1.144873237552e-07
   1.468630552393e-10   1.212218587134e-07
   1.636344443997e-10   1.279563932133e-07
   1.813123933499e-10   1.346909251773e-07
   1.998969013490e-10   1.414254520539e-07
   2.193879681683e-10   1.481599789305e-07
   2.397855937346e-10   1.548945029230e-07
   2.610897772932e-10   1.616290221763e-07
   2.833005186460e-10   1.683635414296e-07
   3.064178174907e-10   1.750980548316e-07
   3.304416731310e-10   1.818325664616e-07
   3.553720854560e-10   1.885670750218e-07
   3.812090537058e-10   1.953015790285e-07
   4.079525776713e-10   2.020360813196e-07
   4.356026566606e-10   2.087705777030e-07
   4.641592903456e-10   2.155050725910e-07
   4.936224780515e-10   2.222395613511e-07
   5.239922194038e-10   2.289740479067e-07
   5.552685136784e-10   2.357085290435e-07
   5.874513606162e-10   2.424430101804e-07
   6.205407598283e-10   2.491774819312e-07
   6.545367098027e-10   2.559119478214e-07
   6.894392103879e-10   2.626464137117e-07
   7.252482614719e-10   2.693808745681e-07
   7.619638615747e-10   2.761153252117e-07
   7.995860102358e-10   2.828497758553e-07
   8.381147073649e-10   2.895842219747e-07
   8.775499515074e-10   2.963186573717e-07
   9.178917421559e-10   3.030530927688e-07
   9.591400790881e-10   3.097875210770e-07
   1.001294960768e-09   3.165219412274e-07
   1.044356386901e-09   3.232563613778e-07
   1.088324356833e-09   3.299907693427e-07
   1.133198869207e-09   3.367251742466e-07
   1.178979923906e-09   3.434595749819e-07
   1.225667519495e-09   3.501939646391e-07
   1.273261655432e-09   3.569283542964e-07
   1.321762330946e-09   3.636627307269e-07
   1.371169544775e-09   3.703971051375e-07
   1.421483296570e-09   3.771314709193e-07
   1.472703584804e-09   3.838658300834e-07
   1.524830409151e-09   3.906001838166e-07
   1.577863768115e-09   3.973345277341e-07
   1.631803661217e-09   4.040688681739e-07
   1.686650087070e-09   4.108031968448e-07
   1.742403045031e-09   4.175375228752e-07
   1.799062533780e-09   4.242718362995e-07
   1.856628552581e-09   4.310061469121e-07
   1.915101100100e-09   4.377404450898e-07
   1.974480175583e-09   4.444747393678e-07
   2.034765777621e-09   4.512090222989e-07
   2.095957905488e-09   4.579432994040e-07
   2.158056557677e-09   4.646775670885e-07
   2.221061733475e-09   4.714118262502e-07
   2.284973431311e-09   4.781460757247e-07
   2.349791649638e-09   4.848803129160e-07
   2.415516387789e-09   4.916145501074e-07
   2.482147645686e-09   4.983487812621e-07
   2.549685420621e-09   5.050829879602e-07
   2.618129711278e-09   5.118171946584e-07
   2.687480517653e-09   5.185514013565e-07
   2.757737838137e-09   5.252855810223e-07
   2.828901670261e-09   5.320197572272e-07
   2.900972014000e-09   5.387539334322e-07
   2.973948868317e-09   5.454880879412e-07
   3.047832230312e-09   5.522222336530e-07
   3.122622099821e-09   5.589563793647e-07
   3.198318475951e-09   5.656905050314e-07
   3.274921355729e-09   5.724246202500e-07
   3.352430738913e-09   5.791587354686e-07
   3.430846624461e-09   5.858928289989e-07
   3.510169009485e-09   5.926269137243e-07
   3.590397893808e-09   5.993609984497e-07
   3.671533275903e-09   6.060950568762e-07
   3.753575153233e-09   6.128291111084e-07
   3.836523525739e-09   6.195631622328e-07
   3.920378390995e-09   6.262971859718e-07
   4.005139747341e-09   6.330312097108e-07
   4.090807594412e-09   6.397652205841e-07
   4.177381929154e-09   6.464992138299e-07
   4.264862750881e-09   6.532332070757e-07
   4.353250058228e-09   6.599671754453e-07
   4.442543848526e-09   6.667011381979e-07
   4.532744121549e-09   6.734350924809e-07
   4.623850874423e-09   6.801690247404e-07
   4.715864106072e-09   6.869029569998e-07
   4.808783815175e-09   6.936368647817e-07
   4.902609999030e-09   7.003707665480e-07
   4.997342657250e-09   7.071046565371e-07
   5.092981786810e-09   7.138385278102e-07
   5.189527386936e-09   7.205723983424e-07
   5.286979455478e-09   7.273062391223e-07
   5.385337990483e-09   7.340400799022e-07
   5.484602990905e-09   7.407738989283e-07
   5.584774453854e-09   7.475077092151e-07
   5.685852378744e-09   7.542415057688e-07
   5.787836762506e-09   7.609752855624e-07
   5.890727604411e-09   7.677090582715e-07
   5.994524901674e-09   7.744428075719e-07
   6.099228653078e-09   7.811765551429e-07
   6.204838856351e-09   7.879102739500e-07
   6.311355509668e-09   7.946439927572e-07
   6.418778611286e-09   8.013776834748e-07
   6.527108158855e-09   8.081113717888e-07
   6.636344150971e-09   8.148450349892e-07
   6.746486584983e-09   8.215786928100e-07
   6.857535459637e-09   8.283123273961e-07
   6.969490772136e-09   8.350459547237e-07
   7.082352521256e-09   8.417795596525e-07
   7.196120704143e-09   8.485131564869e-07
   7.310795319537e-09   8.552467307662e-07
   7.426376364589e-09   8.619802971074e-07
   7.542863837914e-09   8.687138397908e-07
   7.660257736788e-09   8.754473756388e-07
   7.778558059577e-09   8.821808858231e-07
   7.897764803769e-09   8.889143911779e-07
   8.017877967449e-09   8.956478679993e-07
   8.138897548336e-09   9.023813411244e-07
   8.260823544165e-09   9.091147854928e-07
   8.383655952968e-09   9.158482236358e-07
   8.507394772123e-09   9.225816375111e-07
   8.632039999946e-09   9.293150399115e-07
   8.757591633463e-09   9.360484232937e-07
   8.884049671214e-09   9.427817892210e-07
   9.011414110089e-09   9.495151421100e-07
   9.139684948508e-09   9.562484708617e-07
   9.268862183676e-09   9.629817932575e-07
   9.398945815398e-09   9.697151057974e-07
   9.529935838521e-09   9.764483672067e-07
   9.661832250083e-09   9.831816286161e-07
   9.794635050115e-09   9.899148900255e-07
   9.928344236470e-09   9.966481070347e-07
   1.006295980336e-08   1.003381307458e-06
   1.019848175052e-08   1.010114507881e-06
   1.033491007739e-08   1.016847685574e-06
   1.047224477790e-08   1.023580825011e-06
   1.061048585047e-08   1.030313964447e-06
   1.074963329508e-08   1.037047098365e-06
   1.088968710691e-08   1.043780176816e-06
   1.103064728256e-08   1.050513255266e-06
   1.117251382210e-08   1.057246333716e-06
   1.131528672230e-08   1.063979358693e-06
   1.145896597818e-08   1.070712376157e-06
   1.160355158972e-08   1.077445393621e-06
   1.174904355472e-08   1.084178366714e-06
   1.189544186744e-08   1.090911323191e-06
   1.204274652755e-08   1.097644279669e-06
   1.219095753347e-08   1.104377197177e-06
   1.234007487911e-08   1.111110092668e-06
   1.249009856395e-08   1.117842988159e-06
   1.264102858648e-08   1.124575846587e-06
   1.279286494069e-08   1.131308681091e-06
   1.294560762589e-08   1.138041515596e-06
   1.309925664044e-08   1.144774311636e-06
   1.325381197834e-08   1.151507085155e-06
   1.340927363905e-08   1.158239858673e-06
   1.356564162053e-08   1.164972589189e-06
   1.372291591694e-08   1.171705301721e-06
   1.388109652792e-08   1.178438014253e-06
   1.404018345066e-08   1.185170676267e-06
   1.420017667992e-08   1.191903327813e-06
   1.436107621556e-08   1.198635979358e-06
   1.452288205348e-08   1.205368570035e-06
   1.468559418956e-08   1.212101160594e-06
   1.484921262362e-08   1.218833738218e-06
   1.501373735017e-08   1.225566267791e-06
   1.517916836667e-08   1.232298797364e-06
   1.534550567223e-08   1.239031298372e-06
   1.551274926069e-08   1.245763766958e-06
   1.568089913089e-08   1.252496235545e-06
   1.584995528048e-08   1.259228657471e-06
   1.601991770385e-08   1.265961065071e-06
   1.619078640070e-08   1.272693466543e-06
   1.636256136620e-08   1.279425813157e-06
   1.653524259702e-08   1.286158159771e-06
   1.670883009225e-08   1.292890477543e-06
   1.688332384573e-08   1.299622763171e-06
   1.705872385633e-08   1.306355048798e-06
   1.723503012087e-08   1.313087280702e-06
   1.741224263436e-08   1.319819505343e-06
   1.759036139634e-08   1.326551710282e-06
   1.776938640089e-08   1.333283873937e-06
   1.794931764614e-08   1.340016037591e-06
   1.813015512948e-08   1.346748152577e-06
   1.831189884547e-08   1.353480255245e-06
   1.849454879357e-08   1.360212339336e-06
   1.867810496793e-08   1.366944381018e-06
   1.886256736658e-08   1.373676422700e-06
   1.904793598659e-08   1.380408413054e-06
   1.923421082278e-08   1.387140393749e-06
   1.942139187436e-08   1.393872349562e-06
   1.960947913523e-08   1.400604269271e-06
   1.979847260397e-08   1.407336188814e-06
   1.998837227643e-08   1.414068047537e-06
   2.017917814855e-08   1.420799906260e-06
   2.037089021872e-08   1.427531726880e-06
   2.056350848090e-08   1.434263524616e-06
   2.075703293422e-08   1.440995305685e-06
   2.095146357293e-08   1.447727042436e-06
   2.114680039487e-08   1.454458779186e-06
   2.134304339636e-08   1.461190458158e-06
   2.154019257288e-08   1.467922133921e-06
   2.173824792270e-08   1.474653770272e-06
   2.193720943985e-08   1.481385385049e-06
   2.213707712324e-08   1.488116977315e-06
   2.233785096686e-08   1.494848531106e-06
   2.253953096909e-08   1.501580077869e-06
   2.274211712492e-08   1.508311570674e-06
   2.294560943115e-08   1.515043063479e-06
   2.315000788455e-08   1.521774502377e-06
   2.335531248019e-08   1.528505934195e-06
   2.356152321614e-08   1.535237324880e-06
   2.376864008649e-08   1.541968695711e-06
   2.397666308984e-08   1.548700036885e-06
   2.418559222002e-08   1.555431346731e-06
   2.439542747554e-08   1.562162637134e-06
   2.460616885050e-08   1.568893885993e-06
   2.481781634294e-08   1.575625124401e-06
   2.503036994759e-08   1.582356312274e-06
   2.524382966156e-08   1.589087497495e-06
   2.545819548041e-08   1.595818624382e-06
   2.567346740038e-08   1.602549751268e-06
   2.588964541789e-08   1.609280821157e-06
   2.610672952832e-08   1.616011887056e-06
   2.632471972873e-08   1.622742901470e-06
   2.654361601401e-08   1.629473906383e-06
   2.676341838161e-08   1.636204864222e-06
   2.698412682591e-08   1.642935808149e-06
   2.720574134458e-08   1.649666708340e-06
   2.742826193185e-08   1.656397591281e-06
   2.765168858550e-08   1.663128432781e-06
   2.787602129965e-08   1.669859254736e-06
   2.810126007222e-08   1.676590036525e-06
   2.832740489712e-08   1.683320797493e-06
   2.855445577212e-08   1.690051518576e-06
   2.878241269123e-08   1.696782218558e-06
   2.901127565217e-08   1.703512877965e-06
   2.924104464910e-08   1.710243516961e-06
   2.947171967956e-08   1.716974113744e-06
   2.970330073763e-08   1.723704691753e-06
   2.993578782051e-08   1.730435224986e-06
   3.016918092312e-08   1.737165742008e-06
   3.040348004204e-08   1.743896210786e-06
   3.063868517161e-08   1.750626666822e-06
   3.087479630965e-08   1.757357070259e-06
   3.111181344980e-08   1.764087465309e-06
   3.134973658916e-08   1.770817802540e-06
   3.158856572301e-08   1.777548133706e-06
   3.182830084620e-08   1.784278406783e-06
   3.206894195635e-08   1.791008670069e-06
   3.231048904690e-08   1.797738882160e-06
   3.255294211495e-08   1.804469076754e-06
   3.279630115541e-08   1.811199227859e-06
   3.304056616435e-08   1.817929352968e-06
   3.328573713650e-08   1.824659443086e-06
   3.353181406897e-08   1.831389497934e-06
   3.377879695500e-08   1.838119527065e-06
   3.402668579275e-08   1.844849510889e-06
   3.427548057572e-08   1.851579479034e-06
   3.452518129986e-08   1.858309391087e-06
   3.477578796181e-08   1.865039291623e-06
   3.502730055530e-08   1.871769137796e-06
   3.527971907678e-08   1.878498965112e-06
   3.553304352152e-08   1.885228750298e-06
   3.578727388519e-08   1.891958503692e-06
   3.604241016190e-08   1.898688227891e-06
   3.629845234930e-08   1.905417906670e-06
   3.655540043854e-08   1.912147526394e-06
   3.681325442380e-08   1.918877128621e-06
   3.707201430562e-08   1.925606730848e-06
   3.733168008188e-08   1.932336290197e-06
   3.759225174080e-08   1.939065770451e-06
   3.785372927993e-08   1.945795250706e-06
   3.811611269812e-08   1.952524730960e-06
   3.837940198895e-08   1.959254103289e-06
   3.864359714379e-08   1.965983461570e-06
   3.890869816132e-08   1.972712819852e-06
   3.917470503979e-08   1.979442122143e-06
   3.944161776787e-08   1.986171358452e-06
   3.970943634250e-08   1.992900594761e-06
   3.997816076335e-08   1.999629822195e-06
   4.024779102168e-08   2.006358936532e-06
   4.051832711052e-08   2.013088050868e-06
   4.078976902922e-08   2.019817165204e-06
   4.106211677356e-08   2.026546191155e-06
   4.133537033308e-08   2.033275183518e-06
   4.160952970607e-08   2.040004175881e-06
   4.188459489113e-08   2.046733117820e-06
   4.216056587671e-08   2.053461988210e-06
   4.243744265985e-08   2.060190858601e-06
   4.271522523990e-08   2.066919712172e-06
   4.299391360673e-08   2.073648460590e-06
   4.327350775522e-08   2.080377209007e-06
   4.355400768447e-08   2.087105957425e-06
   4.383541338779e-08   2.093834596438e-06
   4.411772485563e-08   2.100563222883e-06
   4.440094208862e-08   2.107291849328e-06
   4.468506508198e-08   2.114020391669e-06
   4.497009382399e-08   2.120748896142e-06
   4.525602831414e-08   2.127477400614e-06
   4.554286855072e-08   2.134205842321e-06
   4.583061452069e-08   2.140934224821e-06
   4.611926622213e-08   2.147662607320e-06
   4.640882365408e-08   2.154390944549e-06
   4.669928680512e-08   2.161119205076e-06
   4.699065567122e-08   2.167847465603e-06
   4.728293025184e-08   2.174575694621e-06
   4.757611053563e-08   2.181303833175e-06
   4.787019651889e-08   2.188031971729e-06
   4.816518820066e-08   2.194760088913e-06
   4.846108557026e-08   2.201488105494e-06
   4.875788862211e-08   2.208216122075e-06
   4.905559735643e-08   2.214944123901e-06
   4.935421176347e-08   2.221672018510e-06
   4.965373183635e-08   2.228399913118e-06
   4.995415757502e-08   2.235127796160e-06
   5.025548896986e-08   2.241855568796e-06
   5.055772601459e-08   2.248583341431e-06
   5.086086870905e-08   2.255311102356e-06
   5.116491704324e-08   2.262038753019e-06
   5.146987101048e-08   2.268766403683e-06
   5.177573061063e-08   2.275494039247e-06
   5.208249583401e-08   2.282221567937e-06
   5.239016667448e-08   2.288949096628e-06
   5.269874313132e-08   2.295676603672e-06
   5.300822519393e-08   2.302404010389e-06
   5.331861285678e-08   2.309131417107e-06
   5.362990611931e-08   2.315858792553e-06
   5.394210497072e-08   2.322586077298e-06
   5.425520940611e-08   2.329313362043e-06
   5.456921942425e-08   2.336040602890e-06
   5.488413501317e-08   2.342767765663e-06
   5.519995616950e-08   2.349494928435e-06
   5.551668289129e-08   2.356222031759e-06
   5.583431516656e-08   2.362949072558e-06
   5.615285299312e-08   2.369676113357e-06
   5.647229636734e-08   2.376403076304e-06
   5.679264527723e-08   2.383129995130e-06
   5.711389972170e-08   2.389856913957e-06
   5.743605969537e-08   2.396583733740e-06
   5.775912518751e-08   2.403310530593e-06
   5.808309619803e-08   2.410037326466e-06
   5.840797271872e-08   2.416764001347e-06
   5.873375474118e-08   2.423490676229e-06
   5.906044226500e-08   2.430217323563e-06
   5.938803527909e-08   2.436943876471e-06
   5.971653377727e-08   2.443670429379e-06
   6.004593776173e-08   2.450396925580e-06
   6.037624721554e-08   2.457123356515e-06
   6.070746213939e-08   2.463849787451e-06
   6.103958252763e-08   2.470576129981e-06
   6.137260836848e-08   2.477302438944e-06
   6.170653966320e-08   2.484028747297e-06
   6.204137640008e-08   2.490754934288e-06
   6.237711857593e-08   2.497481121278e-06
   6.271376618383e-08   2.504207271056e-06
   6.305131921918e-08   2.510933336073e-06
   6.338977767111e-08   2.517659401091e-06
   6.372914154204e-08   2.524385389920e-06
   6.406941081554e-08   2.531111332965e-06
   6.441058549364e-08   2.537837276010e-06
   6.475266556668e-08   2.544563101569e-06
   6.509565102684e-08   2.551288922641e-06
   6.543954187332e-08   2.558014704629e-06
   6.578433809330e-08   2.564740403728e-06
   6.613003968496e-08   2.571466102827e-06
   6.647664664148e-08   2.578191717045e-06
   6.682415895485e-08   2.584917294171e-06
   6.717257661981e-08   2.591642860410e-06
   6.752189963198e-08   2.598368315564e-06
   6.787212797871e-08   2.605093770718e-06
   6.822326166440e-08   2.611819164869e-06
   6.857530066974e-08   2.618544498050e-06
   6.892824500017e-08   2.625269831231e-06
   6.928209464093e-08   2.631995051200e-06
   6.963684959030e-08   2.638720262408e-06
   6.999250983972e-08   2.645445428115e-06
   7.034907538421e-08   2.652170517350e-06
   7.070654621372e-08   2.658895606586e-06
   7.106492232918e-08   2.665620594044e-06
   7.142420371358e-08   2.672345561307e-06
   7.178439037238e-08   2.679070490515e-06
   7.214548228736e-08   2.685795335805e-06
   7.250747946115e-08   2.692520181095e-06
   7.287038188184e-08   2.699244928142e-06
   7.323418954537e-08   2.705969651459e-06
   7.359890244368e-08   2.712694336418e-06
   7.396452057222e-08   2.719418937762e-06
   7.433104391963e-08   2.726143539107e-06
   7.469847248797e-08   2.732868038137e-06
   7.506680625907e-08   2.739592517509e-06
   7.543604523877e-08   2.746316950752e-06
   7.580618940831e-08   2.753041308151e-06
   7.617723877061e-08   2.759765665551e-06
   7.654919331309e-08   2.766489909235e-06
   7.692205303124e-08   2.773214144661e-06
   7.729581791898e-08   2.779938318992e-06
   7.767048796716e-08   2.786662432446e-06
   7.804606317139e-08   2.793386535687e-06
   7.842254352353e-08   2.800110527168e-06
   7.879992901636e-08   2.806834518649e-06
   7.917821964535e-08   2.813558427122e-06
   7.955741540055e-08   2.820282296630e-06
   7.993751627742e-08   2.827006130632e-06
   8.031852226859e-08   2.833729878167e-06
   8.070043336441e-08   2.840453625703e-06
   8.108324956486e-08   2.847177261611e-06
   8.146697085341e-08   2.853900887174e-06
   8.185159723358e-08   2.860624445342e-06
   8.223712868827e-08   2.867347948932e-06
   8.262356521874e-08   2.874071427766e-06
   8.301090681251e-08   2.880794809383e-06
   8.339915346427e-08   2.887518191000e-06
   8.378830516970e-08   2.894241466960e-06
   8.417836191503e-08   2.900964726605e-06
   8.456932370321e-08   2.907687920121e-06
   8.496119051572e-08   2.914411057793e-06
   8.535396235621e-08   2.921134167349e-06
   8.574763920900e-08   2.927857183048e-06
   8.614222107165e-08   2.934580198747e-06
   8.653770793679e-08   2.941303100877e-06
   8.693409979317e-08   2.948025994604e-06
   8.733139664161e-08   2.954748809811e-06
   8.772959846462e-08   2.961471581564e-06
   8.812870526575e-08   2.968194308402e-06
   8.852871702840e-08   2.974916958183e-06
   8.892963375124e-08   2.981639595227e-06
   8.933145542507e-08   2.988362123035e-06
   8.973418204009e-08   2.995084650843e-06
   9.013781359625e-08   3.001807074718e-06
   9.054235007704e-08   3.008529480554e-06
   9.094779148332e-08   3.015251811851e-06
   9.135413780140e-08   3.021974095714e-06
   9.176138902744e-08   3.028696333073e-06
   9.216954515376e-08   3.035418494962e-06
   9.257860617159e-08   3.042140637043e-06
   9.298857207484e-08   3.048862676959e-06
   9.339944285555e-08   3.055584716876e-06
   9.381121850514e-08   3.062306640384e-06
   9.422389901911e-08   3.069028558328e-06
   9.463748438738e-08   3.075750383934e-06
   9.505197460252e-08   3.082472179905e-06
   9.546736966013e-08   3.089193906326e-06
   9.588366954561e-08   3.095915580325e-06
   9.630087426217e-08   3.102637206296e-06
   9.671898379163e-08   3.109358758322e-06
   9.713799813298e-08   3.116080282597e-06
   9.755791727642e-08   3.122801712651e-06
   9.797874121335e-08   3.129523134000e-06
   9.840046993894e-08   3.136244442080e-06
   9.882310344327e-08   3.142965750161e-06
   9.924664171800e-08   3.149686945399e-06
   9.967108475925e-08   3.156408131507e-06
   1.000964325562e-07   3.163129221411e-06
   1.005226850997e-07   3.169850285545e-06
   1.009498423882e-07   3.176571268936e-06
   1.013779044056e-07   3.183292211098e-06
   1.018068711516e-07   3.190013086811e-06
   1.022367426138e-07   3.196733907000e-06
   1.026675187861e-07   3.203454673888e-06
   1.030991996603e-07   3.210175372104e-06
   1.035317852305e-07   3.216896029033e-06
   1.039652754832e-07   3.223616605277e-06
   1.043996704191e-07   3.230337151129e-06
   1.048349700230e-07   3.237057605401e-06
   1.052711742893e-07   3.243778039073e-06
   1.057082832124e-07   3.250498371371e-06
   1.061462967821e-07   3.257218691775e-06
   1.065852149884e-07   3.263938902100e-06
   1.070250378294e-07   3.270659108159e-06
   1.074657652919e-07   3.277379196512e-06
   1.079073973678e-07   3.284099284865e-06
   1.083499340541e-07   3.290819253544e-06
   1.087933753380e-07   3.297539219924e-06
   1.092377212117e-07   3.304259072149e-06
   1.096829716705e-07   3.310978916556e-06
   1.101291267042e-07   3.317698651291e-06
   1.105761863024e-07   3.324418373725e-06
   1.110241504620e-07   3.331137989947e-06
   1.114730191714e-07   3.337857590409e-06
   1.119227924229e-07   3.344577087109e-06
   1.123734702083e-07   3.351296565598e-06
   1.128250525223e-07   3.358015941777e-06
   1.132775393516e-07   3.364735298294e-06
   1.137309306912e-07   3.371454552967e-06
   1.141852265340e-07   3.378173787511e-06
   1.146404268698e-07   3.384892919705e-06
   1.150965316883e-07   3.391612032276e-06
   1.155535409869e-07   3.398331041028e-06
   1.160114547528e-07   3.405050031626e-06
   1.164702729786e-07   3.411768915985e-06
   1.169299956556e-07   3.418487784611e-06
   1.173906227789e-07   3.425206543637e-06
   1.178521543356e-07   3.431925290290e-06
   1.183145903184e-07   3.438643923055e-06
   1.187779307215e-07   3.445362547735e-06
   1.192421755272e-07   3.452081053321e-06
   1.197073247489e-07   3.458799552791e-06
   1.201733783551e-07   3.465517933526e-06
   1.206403363447e-07   3.472236304011e-06
   1.211081987183e-07   3.478954562773e-06
   1.215769654520e-07   3.485672803387e-06
   1.220466365488e-07   3.492390940176e-06
   1.225172119992e-07   3.499109050040e-06
   1.229886917817e-07   3.505827064856e-06
   1.234610759116e-07   3.512545043102e-06
   1.239343643593e-07   3.519262935946e-06
   1.244085571212e-07   3.525980781717e-06
   1.248836541996e-07   3.532698552588e-06
   1.253596555702e-07   3.539416265035e-06
   1.258365612341e-07   3.546133913933e-06
   1.263143711837e-07   3.552851492216e-06
   1.267930853960e-07   3.559569019141e-06
   1.272727038879e-07   3.566286462430e-06
   1.277532266272e-07   3.573003867383e-06
   1.282346536133e-07   3.579721174855e-06
   1.287169848450e-07   3.586438457835e-06
   1.292002202977e-07   3.593155628679e-06
   1.296843599797e-07   3.599872784063e-06
   1.301694038714e-07   3.606589823097e-06
   1.306553519613e-07   3.613306840251e-06
   1.311422042568e-07   3.620023757313e-06
   1.316299607299e-07   3.626740635450e-06
   1.321186213837e-07   3.633457430539e-06
   1.326081862080e-07   3.640174168881e-06
   1.330986551815e-07   3.646890841997e-06
   1.335900283212e-07   3.653607439770e-06
   1.340823055910e-07   3.660323990913e-06
   1.345754869987e-07   3.667040447355e-06
   1.350695725308e-07   3.673756876526e-06
   1.355645621692e-07   3.680473190881e-06
   1.360604559279e-07   3.687189484372e-06
   1.365572537723e-07   3.693905669597e-06
   1.370549557103e-07   3.700621819512e-06
   1.375535617263e-07   3.707337882764e-06
   1.380530718062e-07   3.714053888369e-06
   1.385534859578e-07   3.720769829649e-06
   1.390548041521e-07   3.727485690217e-06
   1.395570263946e-07   3.734201509524e-06
   1.400601526695e-07   3.740917224336e-06
   1.405641829642e-07   3.747632914654e-06
   1.410691172830e-07   3.754348490015e-06
   1.415749555977e-07   3.761064033159e-06
   1.420816979195e-07   3.767779486548e-06
   1.425893442238e-07   3.774494881820e-06
   1.430978945060e-07   3.781210213236e-06
   1.436073487626e-07   3.787925459945e-06
   1.441177069689e-07   3.794640669388e-06
   1.446289691406e-07   3.801355766848e-06
   1.451411352425e-07   3.808070836352e-06
   1.456542052839e-07   3.814785800242e-06
   1.461681792386e-07   3.821500643767e-06
   1.466830571010e-07   3.828215487292e-06
   1.471988388780e-07   3.834930330817e-06
   1.477155245444e-07   3.841644992777e-06
   1.482331141028e-07   3.848359592356e-06
   1.487516075256e-07   3.855074191936e-06
   1.492710048319e-07   3.861788731467e-06
   1.497913059865e-07   3.868503087101e-06
   1.503125109845e-07   3.875217442735e-06
   1.508346198296e-07   3.881931798369e-06
   1.513576325004e-07   3.888645966363e-06
   1.518815489943e-07   3.895360078052e-06
   1.524063692863e-07   3.902074189740e-06
   1.529320934000e-07   3.908788225076e-06
   1.534587212899e-07   3.915502092819e-06
   1.539862529629e-07   3.922215960562e-06
   1.545146884116e-07   3.928929828305e-06
   1.550440276238e-07   3.935643482058e-06
   1.555742705858e-07   3.942357105856e-06
   1.561054172847e-07   3.949070729653e-06
   1.566374677361e-07   3.955784240878e-06
   1.571704218913e-07   3.962497620730e-06
   1.577042797733e-07   3.969211000582e-06
   1.582390413553e-07   3.975924364471e-06
   1.587747066399e-07   3.982637500378e-06
   1.593112755974e-07   3.989350636284e-06
   1.598487482376e-07   3.996063772191e-06
   1.603871245483e-07   4.002776740076e-06
   1.609264045054e-07   4.009489632037e-06
   1.614665881129e-07   4.016202523998e-06
   1.620076753585e-07   4.022915335181e-06
   1.625496662338e-07   4.029627983196e-06
   1.630925607118e-07   4.036340631212e-06
   1.636363588163e-07   4.043053279227e-06
   1.641810605042e-07   4.049765685196e-06
   1.647266657879e-07   4.056478089266e-06
   1.652731746391e-07   4.063190493336e-06
   1.658205870751e-07   4.069902733545e-06
   1.663689030510e-07   4.076614893670e-06
   1.669181225829e-07   4.083327053794e-06
   1.674682456539e-07   4.090039123828e-06
   1.680192722516e-07   4.096751040007e-06
   1.685712023606e-07   4.103462956186e-06
   1.691240359871e-07   4.110174851698e-06
   1.696777731084e-07   4.116886523932e-06
   1.702324137120e-07   4.123598196165e-06
   1.707879577988e-07   4.130309868399e-06
   1.713444053550e-07   4.137021341170e-06
   1.719017563639e-07   4.143732769458e-06
   1.724600108188e-07   4.150444197746e-06
   1.730191687220e-07   4.157155487513e-06
   1.735792300401e-07   4.163866671855e-06
   1.741401947800e-07   4.170577856198e-06
   1.747020629290e-07   4.177288958819e-06
   1.752648344751e-07   4.183999899217e-06
   1.758285093986e-07   4.190710839614e-06
   1.763930877122e-07   4.197421751013e-06
   1.769585693829e-07   4.204132447465e-06
   1.775249544110e-07   4.210843143916e-06
   1.780922427836e-07   4.217553840368e-06
   1.786604344996e-07   4.224264312585e-06
   1.792295295278e-07   4.230974765091e-06
   1.797995278797e-07   4.237685217597e-06
   1.803704295355e-07   4.244395490624e-06
   1.809422344825e-07   4.251105699185e-06
   1.815149427106e-07   4.257815907746e-06
   1.820885542221e-07   4.264525977689e-06
   1.826630689864e-07   4.271235942305e-06
   1.832384870048e-07   4.277945906920e-06
   1.838148082720e-07   4.284655769945e-06
   1.843920327641e-07   4.291365490614e-06
   1.849701604771e-07   4.298075211284e-06
   1.855491914058e-07   4.304784863611e-06
   1.861291255335e-07   4.311494340335e-06
   1.867099628427e-07   4.318203817060e-06
   1.872917033449e-07   4.324913254966e-06
   1.878743470042e-07   4.331622487744e-06
   1.884578938274e-07   4.338331720523e-06
   1.890423437926e-07   4.345040940338e-06
   1.896276969070e-07   4.351749929172e-06
   1.902139531283e-07   4.358458918005e-06
   1.908011124853e-07   4.365167906838e-06
   1.913891749356e-07   4.371876661001e-06
   1.919781404844e-07   4.378585405888e-06
   1.925680091132e-07   4.385294150776e-06
   1.931587808230e-07   4.392002679666e-06
   1.937504555851e-07   4.398711180608e-06
   1.943430334031e-07   4.405419681550e-06
   1.949365142672e-07   4.412127981652e-06
   1.955308981495e-07   4.418836238649e-06
   1.961261850618e-07   4.425544495646e-06
   1.967223749761e-07   4.432252563493e-06
   1.973194678943e-07   4.438960576545e-06
   1.979174637891e-07   4.445668589596e-06
   1.985163626768e-07   4.452376421771e-06
   1.991161645132e-07   4.459084190877e-06
   1.997168693120e-07   4.465791959983e-06
   2.003184770567e-07   4.472499553115e-06
   2.009209877251e-07   4.479207078275e-06
   2.015244013223e-07   4.485914603436e-06
   2.021287178262e-07   4.492621954198e-06
   2.027339372350e-07   4.499329235413e-06
   2.033400595225e-07   4.506036516628e-06
   2.039470847041e-07   4.512743621741e-06
   2.045550127376e-07   4.519450659010e-06
   2.051638436323e-07   4.526157696280e-06
   2.057735773772e-07   4.532864552506e-06
   2.063842139428e-07   4.539571345830e-06
   2.069957533436e-07   4.546278139153e-06
   2.076081955483e-07   4.552984743298e-06
   2.082215405590e-07   4.559691292677e-06
   2.088357883539e-07   4.566397842055e-06
   2.094509389333e-07   4.573104190966e-06
   2.100669922743e-07   4.579810496399e-06
   2.106839483681e-07   4.586516801832e-06
   2.113018072203e-07   4.593222892399e-06
   2.119205687886e-07   4.599928953886e-06
   2.125402330931e-07   4.606635015373e-06
   2.131608001050e-07   4.613340844523e-06
   2.137822698093e-07   4.620046662065e-06
   2.144046422141e-07   4.626752470712e-06
   2.150279172847e-07   4.633458044308e-06
   2.156520950298e-07   4.640163617905e-06
   2.162771754275e-07   4.646869159109e-06
   2.169031584674e-07   4.653574488760e-06
   2.175300441394e-07   4.660279818411e-06
   2.181578324285e-07   4.666985089217e-06
   2.187865233375e-07   4.673690174923e-06
   2.194161168325e-07   4.680395260628e-06
   2.200466129228e-07   4.687100258117e-06
   2.206780115860e-07   4.693805099876e-06
   2.213103128019e-07   4.700509941636e-06
   2.219435165906e-07   4.707214662924e-06
   2.225776229050e-07   4.713919260738e-06
   2.232126317493e-07   4.720623858553e-06
   2.238485431224e-07   4.727328300791e-06
   2.244853569851e-07   4.734032654660e-06
   2.251230733556e-07   4.740737008529e-06
   2.257616922080e-07   4.747441168904e-06
   2.264012135210e-07   4.754145278828e-06
   2.270416373084e-07   4.760849388751e-06
   2.276829635356e-07   4.767553264485e-06
   2.283251921992e-07   4.774257130463e-06
   2.289683232949e-07   4.780960962754e-06
   2.296123567924e-07   4.787664584786e-06
   2.302572927017e-07   4.794368206819e-06
   2.309031310007e-07   4.801071749008e-06
   2.315498716698e-07   4.807775127095e-06
   2.321975147139e-07   4.814478505182e-06
   2.328460601106e-07   4.821181754588e-06
   2.334955078474e-07   4.827884888729e-06
   2.341458579199e-07   4.834588022871e-06
   2.347971103078e-07   4.841290976842e-06
   2.354492650065e-07   4.847993867038e-06
   2.361023220022e-07   4.854696757234e-06
   2.367562812747e-07   4.861399413152e-06
   2.374111428288e-07   4.868102059403e-06
   2.380669066418e-07   4.874804658623e-06
   2.387235726919e-07   4.881507060928e-06
   2.393811409684e-07   4.888209463233e-06
   2.400396115020e-07   4.894911759250e-06
   2.406989842459e-07   4.901613917610e-06
   2.413592591836e-07   4.908316075969e-06
   2.420204363074e-07   4.915018066252e-06
   2.426825155938e-07   4.921719980666e-06
   2.433454970414e-07   4.928421895080e-06
   2.440093806781e-07   4.935123577126e-06
   2.446741664445e-07   4.941825247595e-06
   2.453398543386e-07   4.948526862875e-06
   2.460064443382e-07   4.955228289398e-06
   2.466739364337e-07   4.961929715921e-06
   2.473423306222e-07   4.968631018042e-06
   2.480116269193e-07   4.975332200619e-06
   2.486818252795e-07   4.982033383197e-06
   2.493529256923e-07   4.988734369739e-06
   2.500249281362e-07   4.995435308371e-06
   2.506978326105e-07   5.002136220886e-06
   2.513716390958e-07   5.008836915573e-06
   2.520463476170e-07   5.015537610259e-06
   2.527219581366e-07   5.022238202433e-06
   2.533984706268e-07   5.028938653174e-06
   2.540758850822e-07   5.035639103915e-06
   2.547542014939e-07   5.042339373405e-06
   2.554334198392e-07   5.049039580201e-06
   2.561135401418e-07   5.055739768636e-06
   2.567945623735e-07   5.062439731486e-06
   2.574764865052e-07   5.069139694336e-06
   2.581593125338e-07   5.075839555477e-06
   2.588430404352e-07   5.082539274381e-06
   2.595276702039e-07   5.089238993286e-06
   2.602132018341e-07   5.095938524864e-06
   2.608996353346e-07   5.102637999823e-06
   2.615869706694e-07   5.109337443540e-06
   2.622752078184e-07   5.116036674553e-06
   2.629643467693e-07   5.122735905567e-06
   2.636543875180e-07   5.129435015254e-06
   2.643453300401e-07   5.136134002322e-06
   2.650371743444e-07   5.142832989390e-06
   2.657299204298e-07   5.149531762849e-06
   2.664235682519e-07   5.156230505971e-06
   2.671181178094e-07   5.162929184971e-06
   2.678135690795e-07   5.169627684148e-06
   2.685099220535e-07   5.176326183326e-06
   2.692071767243e-07   5.183024521767e-06
   2.699053330798e-07   5.189722776998e-06
   2.706043911308e-07   5.196421016694e-06
   2.713043508344e-07   5.203119027980e-06
   2.720052121764e-07   5.209817039267e-06
   2.727069751532e-07   5.216514934161e-06
   2.734096397403e-07   5.223212701501e-06
   2.741132059331e-07   5.229910468842e-06
   2.748176737187e-07   5.236608016844e-06
   2.755230431115e-07   5.243305540240e-06
   2.762293140760e-07   5.250002983227e-06
   2.769364865880e-07   5.256700262676e-06
   2.776445606404e-07   5.263397542126e-06
   2.783535362236e-07   5.270094634103e-06
   2.790634133154e-07   5.276791669607e-06
   2.797741919142e-07   5.283488652492e-06
   2.804858720082e-07   5.290185444050e-06
   2.811984535999e-07   5.296882235609e-06
   2.819119366590e-07   5.303578863446e-06
   2.826263211622e-07   5.310275411059e-06
   2.833416071074e-07   5.316971925804e-06
   2.840577944744e-07   5.323668229471e-06
   2.847748832511e-07   5.330364533139e-06
   2.854928734314e-07   5.337060688876e-06
   2.862117649977e-07   5.343756748598e-06
   2.869315579653e-07   5.350452787321e-06
   2.876522522905e-07   5.357148603098e-06
   2.883738479600e-07   5.363844418875e-06
   2.890963449682e-07   5.370540094704e-06
   2.898197432909e-07   5.377235666536e-06
   2.905440429249e-07   5.383931221502e-06
   2.912692438521e-07   5.390626549388e-06
   2.919953460580e-07   5.397321877274e-06
   2.927223495552e-07   5.404017065536e-06
   2.934502543126e-07   5.410712149476e-06
   2.941790603160e-07   5.417407213098e-06
   2.949087675463e-07   5.424102053093e-06
   2.956393759899e-07   5.430796893088e-06
   2.963708856410e-07   5.437491586262e-06
   2.971032964754e-07   5.444186182312e-06
   2.978366084901e-07   5.450880747139e-06
   2.985708216653e-07   5.457575099243e-06
   2.993059359994e-07   5.464269451347e-06
   3.000419514902e-07   5.470963642054e-06
   3.007788680980e-07   5.477657750212e-06
   3.015166858202e-07   5.484351808932e-06
   3.022554046353e-07   5.491045673145e-06
   3.029950245327e-07   5.497739537358e-06
   3.037355455035e-07   5.504433218350e-06
   3.044769675250e-07   5.511126838618e-06
   3.052192905947e-07   5.517820384048e-06
   3.059625146894e-07   5.524513760370e-06
   3.067066398120e-07   5.531207136692e-06
   3.074516659530e-07   5.537900300852e-06
   3.081975930785e-07   5.544593433229e-06
   3.089444211851e-07   5.551286458316e-06
   3.096921502482e-07   5.557979346747e-06
   3.104407802629e-07   5.564672231028e-06
   3.111903112122e-07   5.571364875514e-06
   3.119407430803e-07   5.578057519999e-06
   3.126920758613e-07   5.584750017813e-06
   3.134443095311e-07   5.591442418353e-06
   3.141974440863e-07   5.598134771941e-06
   3.149514795155e-07   5.604826928536e-06
   3.157064158103e-07   5.611519085130e-06
   3.164622529481e-07   5.618211048861e-06
   3.172189909071e-07   5.624902961510e-06
   3.179766296840e-07   5.631594777654e-06
   3.187351692548e-07   5.638286446358e-06
   3.194946096133e-07   5.644978113258e-06
   3.202549507430e-07   5.651669538016e-06
   3.210161926279e-07   5.658360962774e-06
   3.217783352614e-07   5.665052234840e-06
   3.225413786196e-07   5.671743415652e-06
   3.233053226992e-07   5.678434535198e-06
   3.240701674780e-07   5.685125472065e-06
   3.248359129654e-07   5.691816408932e-06
   3.256025591293e-07   5.698507130395e-06
   3.263701059503e-07   5.705197823317e-06
   3.271385534236e-07   5.711888389040e-06
   3.279079015245e-07   5.718578838016e-06
   3.286781502491e-07   5.725269246408e-06
   3.294492995763e-07   5.731959451439e-06
   3.302213494948e-07   5.738649656469e-06
   3.309942999937e-07   5.745339662008e-06
   3.317681510517e-07   5.752029623094e-06
   3.325429026645e-07   5.758719468161e-06
   3.333185548077e-07   5.765409185301e-06
   3.340951074763e-07   5.772098868345e-06
   3.348725606503e-07   5.778788341539e-06
   3.356509143227e-07   5.785477814733e-06
   3.364301684877e-07   5.792167090270e-06
   3.372103231134e-07   5.798856319519e-06
   3.379913781953e-07   5.805545429969e-06
   3.387733337090e-07   5.812234415272e-06
   3.395561896496e-07   5.818923359119e-06
   3.403399459960e-07   5.825612100477e-06
   3.411246027371e-07   5.832300841835e-06
   3.419101598608e-07   5.838989373634e-06
   3.426966173467e-07   5.845677871046e-06
   3.434839751895e-07   5.852366233251e-06
   3.442722333646e-07   5.859054486718e-06
   3.450613918678e-07   5.865742677852e-06
   3.458514506765e-07   5.872430687373e-06
   3.466424097816e-07   5.879118696894e-06
   3.474342691679e-07   5.885806471546e-06
   3.482270288178e-07   5.892494237121e-06
   3.490206887239e-07   5.899181837780e-06
   3.498152488625e-07   5.905869359410e-06
   3.506107092330e-07   5.912556784632e-06
   3.514070698151e-07   5.919244062317e-06
   3.522043305948e-07   5.925931310671e-06
   3.530024915523e-07   5.932618344410e-06
   3.538015526749e-07   5.939305378150e-06
   3.546015139507e-07   5.945992204269e-06
   3.554023753592e-07   5.952678994062e-06
   3.562041368944e-07   5.959365640481e-06
   3.570067985319e-07   5.966052186329e-06
   3.578103602671e-07   5.972738651649e-06
   3.586148220764e-07   5.979424953552e-06
   3.594201839524e-07   5.986111236382e-06
   3.602264458763e-07   5.992797294340e-06
   3.610336078342e-07   5.999483352297e-06
   3.618416698147e-07   6.006169207315e-06
   3.626506317969e-07   6.012855021327e-06
   3.634604937745e-07   6.019540691111e-06
   3.642712557233e-07   6.026226261177e-06
   3.650829176384e-07   6.032911744368e-06
   3.658954794958e-07   6.039597070488e-06
   3.667089412886e-07   6.046282365738e-06
   3.675233029968e-07   6.052967447914e-06
   3.683385646077e-07   6.059652530089e-06
   3.691547261081e-07   6.066337392116e-06
   3.699717874786e-07   6.073022230345e-06
   3.707897487115e-07   6.079706901766e-06
   3.716086097833e-07   6.086391496050e-06
   3.724283706886e-07   6.093075975547e-06
   3.732490314028e-07   6.099760325886e-06
   3.740705919204e-07   6.106444612149e-06
   3.748930522184e-07   6.113128718543e-06
   3.757164122879e-07   6.119812810275e-06
   3.765406721108e-07   6.126496672723e-06
   3.773658316723e-07   6.133180535171e-06
   3.781918909605e-07   6.139864187137e-06
   3.790188499549e-07   6.146547805639e-06
   3.798467086478e-07   6.153231260504e-06
   3.806754670156e-07   6.159914635061e-06
   3.815051250528e-07   6.166597891553e-06
   3.823356827346e-07   6.173281022165e-06
   3.831671400551e-07   6.179964079023e-06
   3.839994969912e-07   6.186646965689e-06
   3.848327535344e-07   6.193329821659e-06
   3.856669096648e-07   6.200012464380e-06
   3.865019653698e-07   6.206695107100e-06
   3.873379206346e-07   6.213377516994e-06
   3.881747754411e-07   6.220059915769e-06
   3.890125297793e-07   6.226742122296e-06
   3.898511836271e-07   6.233424277125e-06
   3.906907369775e-07   6.240106279058e-06
   3.915311898062e-07   6.246788189942e-06
   3.923725421074e-07   6.253469986063e-06
   3.932147938565e-07   6.260151653001e-06
   3.940579450472e-07   6.266833242101e-06
   3.949019956559e-07   6.273514665094e-06
   3.957469456745e-07   6.280196045969e-06
   3.965927950820e-07   6.286877225017e-06
   3.974395438669e-07   6.293558396476e-06
   3.982871920120e-07   6.300239331578e-06
   3.991357395017e-07   6.306920266680e-06
   3.999851863231e-07   6.313600983593e-06
   4.008355324564e-07   6.320281674749e-06
   4.016867778921e-07   6.326962179884e-06
   4.025389226076e-07   6.333642627095e-06
   4.033919665955e-07   6.340322919281e-06
   4.042459098316e-07   6.347003122547e-06
   4.051007523095e-07   6.353683200625e-06
   4.059564940045e-07   6.360363159945e-06
   4.068131349102e-07   6.367043022762e-06
   4.076706750023e-07   6.373722738136e-06
   4.085291142733e-07   6.380402384546e-06
   4.093884527003e-07   6.387081855975e-06
   4.102486902743e-07   6.393761284839e-06
   4.111098269741e-07   6.400440512323e-06
   4.119718627883e-07   6.407119722511e-06
   4.128347976985e-07   6.413798706049e-06
   4.136986316903e-07   6.420477689587e-06
   4.145633647483e-07   6.427156436032e-06
   4.154289968551e-07   6.433835175625e-06
   4.162955279981e-07   6.440513701155e-06
   4.171629581572e-07   6.447192196802e-06
   4.180312873221e-07   6.453870500310e-06
   4.189005154707e-07   6.460548752012e-06
   4.197706425941e-07   6.467226832397e-06
   4.206416686692e-07   6.473904840153e-06
   4.215135936880e-07   6.480582696320e-06
   4.223864176263e-07   6.487260460131e-06
   4.232601404770e-07   6.493938090994e-06
   4.241347622154e-07   6.500615610860e-06
   4.250102828357e-07   6.507293015339e-06
   4.258867023225e-07   6.513970291259e-06
   4.267640206582e-07   6.520647468282e-06
   4.276422378184e-07   6.527324500256e-06
   4.285213537955e-07   6.534001448756e-06
   4.294013685655e-07   6.540678236785e-06
   4.302822821199e-07   6.547354955702e-06
   4.311640944358e-07   6.554031499786e-06
   4.320468055036e-07   6.560707988069e-06
   4.329304153012e-07   6.567384288206e-06
   4.338149238183e-07   6.574060544809e-06
   4.347003310335e-07   6.580736601001e-06
   4.355866369354e-07   6.587412624883e-06
   4.364738415038e-07   6.594088437130e-06
   4.373619447263e-07   6.600764227259e-06
   4.382509465834e-07   6.607439795560e-06
   4.391408470617e-07   6.614115350910e-06
   4.400316461429e-07   6.620790675266e-06
   4.409233438125e-07   6.627465994816e-06
   4.418159400664e-07   6.634141075226e-06
   4.427094348792e-07   6.640816155636e-06
   4.436038282314e-07   6.647490994427e-06
   4.444991201062e-07   6.654165830892e-06
   4.453953104883e-07   6.660840431862e-06
   4.462923993600e-07   6.667515024381e-06
   4.471903867066e-07   6.674189386528e-06
   4.480892725100e-07   6.680863735102e-06
   4.489890567559e-07   6.687537857431e-06
   4.498897394257e-07   6.694211962059e-06
   4.507913205053e-07   6.700885843581e-06
   4.516937999759e-07   6.707559704264e-06
   4.525971778237e-07   6.714233343995e-06
