   0.000000000000e+00   0.000000000000e+00
   3.140953120993e-10   6.724507448290e-09
   1.300810253338e-09   1.338438483725e-08
   2.987940049982e-09   1.990764328586e-08
   5.279559345086e-09   2.623935484430e-08
   8.110793167219e-09   3.233345508430e-08
   1.147182079342e-08   3.813667170074e-08
   1.554295120058e-08   4.352608820854e-08
   2.017087514839e-08   4.847000280411e-08
   2.524970284700e-08   5.294117646640e-08
   3.050427152801e-08   5.702020090705e-08
   3.618888635688e-08   6.053002998450e-08
   4.230725317121e-08   6.338659118202e-08
   4.886525153074e-08   6.548774508818e-08
   5.544832052193e-08   6.705713715860e-08
   6.196499530701e-08   6.814377649441e-08
   6.854499707146e-08   6.859563179204e-08
   7.533087399638e-08   6.818443743262e-08
   8.220961086120e-08   6.690374428738e-08
   8.875859965761e-08   6.518317917528e-08
   9.497905401934e-08   6.301874811185e-08
   1.008806001506e-07   6.037835225380e-08
   1.067421298564e-07   5.670214022069e-08
   1.122468910773e-07   5.239337013502e-08
   1.172719634205e-07   4.763180368224e-08
   1.216207102667e-07   4.291869753875e-08
   1.255216169161e-07   3.767081772176e-08
   1.289595370243e-07   3.176634892735e-08
   1.318626181173e-07   2.521876884585e-08
   1.340651630145e-07   1.870131171575e-08
   1.355739776771e-07   1.244244261949e-08
   1.364597418954e-07   6.008569136496e-09
   1.367040954524e-07  -8.399971717815e-10
   1.362491830763e-07  -8.061520233442e-09
   1.351285411969e-07  -1.478264703736e-08
   1.333895703654e-07  -2.111007323562e-08
   1.310684585189e-07  -2.706814397564e-08
   1.280153907262e-07  -3.336324507547e-08
   1.243310479939e-07  -3.940111641500e-08
   1.201072648597e-07  -4.493849310600e-08
   1.155634554013e-07  -4.955132455766e-08
   1.105354893432e-07  -5.379422360865e-08
   1.049519757340e-07  -5.781106335115e-08
   9.886745911212e-08  -6.146716668049e-08
   9.257718706706e-08  -6.432019364590e-08
   8.628294342456e-08  -6.621529325033e-08
   7.976625623953e-08  -6.755512020604e-08
   7.297840317368e-08  -6.842539075767e-08
   6.593030867401e-08  -6.881861809563e-08
   5.912357599649e-08  -6.829790511932e-08
   5.252467775948e-08  -6.700949770495e-08
   4.615672876175e-08  -6.502345913096e-08
   3.970549323776e-08  -6.261439643008e-08
   3.349327272869e-08  -5.959503172358e-08
   2.769267440204e-08  -5.593340716086e-08
   2.249544366640e-08  -5.162255869170e-08
   1.769718737762e-08  -4.683823141623e-08
   1.324664054636e-08  -4.165006200097e-08
   9.276940147971e-09  -3.606004247374e-08
   5.960663730969e-09  -3.008667099283e-08
   3.362477915363e-09  -2.379787616925e-08
   1.346697948827e-09  -1.728822315344e-08
  -5.927146752392e-11  -1.061237001509e-08
  -8.030927653458e-10  -3.827227550908e-09
  -8.319639455431e-10   2.994432754393e-09
  -1.987664430973e-10   9.784720231950e-09
   1.063371393504e-09   1.648254016539e-08
   3.048297451902e-09   2.301495069102e-08
   5.719292355112e-09   2.930800067280e-08
   8.987560657762e-09   3.530723302488e-08
   1.270351039340e-08   4.099272848854e-08
   1.694956318532e-08   4.628710686205e-08
   2.184380433883e-08   5.107241697052e-08
   2.728652834664e-08   5.529914087759e-08
   3.307271236514e-08   5.899045428784e-08
   3.895336508351e-08   6.224064707384e-08
   4.518214531404e-08   6.485172081915e-08
   5.176029895818e-08   6.673649099825e-08
   5.871352431571e-08   6.776660971796e-08
   6.552970287427e-08   6.829427240224e-08
   7.223836114811e-08   6.827389196179e-08
   7.883018201335e-08   6.767990614596e-08
   8.560095080371e-08   6.608162462145e-08
   9.225161384801e-08   6.371006216239e-08
   9.854699164191e-08   6.082432979427e-08
   1.043352048642e-07   5.766611183801e-08
   1.097794733841e-07   5.394546326816e-08
   1.149949295812e-07   4.930568391466e-08
   1.197792083931e-07   4.401049308768e-08
   1.239675797799e-07   3.840138574998e-08
   1.274376866130e-07   3.293695171193e-08
   1.303809907502e-07   2.697522075692e-08
   1.327541637249e-07   2.049112170527e-08
   1.345105965852e-07   1.337801904319e-08
   1.355240417519e-07   6.582719717376e-09
   1.358536532911e-07  -2.060712789673e-11
   1.355269234201e-07  -6.510008406535e-09
   1.344964689116e-07  -1.350413175577e-08
   1.327490128641e-07  -2.050535512086e-08
   1.303594619191e-07  -2.705406748805e-08
   1.274301576448e-07  -3.293310468528e-08
   1.239217076380e-07  -3.850652205144e-08
   1.197055206524e-07  -4.415704238008e-08
   1.148964640872e-07  -4.946889415145e-08
   1.096480837691e-07  -5.413209939991e-08
   1.042103293587e-07  -5.779509723920e-08
   9.832289252979e-08  -6.107173128422e-08
   9.200464353228e-08  -6.393296534923e-08
   8.523233531318e-08  -6.640317660441e-08
   7.849987852408e-08  -6.788737154941e-08
   7.178529171306e-08  -6.855070348295e-08
   6.506686248031e-08  -6.851036426734e-08
   5.808513648644e-08  -6.805484783041e-08
   5.112202881786e-08  -6.694832217157e-08
   4.446144537719e-08  -6.504066030060e-08
   3.821371379385e-08  -6.235951431719e-08
   3.223634112344e-08  -5.908191706590e-08
   2.637922395915e-08  -5.533602592757e-08
   2.090404970912e-08  -5.102996998520e-08
   1.597202164181e-08  -4.616576442951e-08
   1.174038788725e-08  -4.077684312074e-08
   7.968093725500e-09  -3.501538743621e-08
   4.717946835775e-09  -2.891763768921e-08
   2.039595334668e-09  -2.252885704734e-08
   1.193391940395e-10  -1.589728087680e-08
  -1.108861473120e-09  -9.108553730960e-09
  -1.675631048899e-09  -2.231837506209e-09
  -1.562464787206e-09   4.674541222247e-09
  -7.212332606831e-10   1.153341169773e-08
   7.998063063387e-10   1.826973401483e-08
   2.926656048417e-09   2.482617999879e-08
   5.677530679561e-09   3.114165511158e-08
   9.169045940197e-09   3.712034658380e-08
   1.329061131320e-08   4.270194067919e-08
   1.791727405257e-08   4.785241520137e-08
   2.282915802751e-08   5.260199514244e-08
   2.827308811376e-08   5.679448436582e-08
   3.422076598184e-08   6.035598269607e-08
   4.067460611343e-08   6.318589774568e-08
   4.717081972628e-08   6.550066205906e-08
   5.374025481138e-08   6.725075027765e-08
   6.042576482490e-08   6.835382536341e-08
   6.745366561604e-08   6.851739363397e-08
   7.453340873196e-08   6.789243190917e-08
   8.136502684313e-08   6.673678265430e-08
   8.787378534589e-08   6.512985028591e-08
   9.420223594280e-08   6.285184765764e-08
   1.005001735239e-07   5.955773713798e-08
   1.064591072184e-07   5.559416426099e-08
   1.119179493172e-07   5.119922390158e-08
   1.167163947420e-07   4.674919458836e-08
   1.211283316624e-07   4.158175396853e-08
   1.250679339646e-07   3.574411916090e-08
   1.284710314652e-07   2.921661530277e-08
   1.311103315126e-07   2.286995304147e-08
   1.330663863832e-07   1.652023180789e-08
   1.343710169840e-07   9.998323810517e-09
   1.350222838393e-07   2.822846890161e-09
   1.349409425370e-07  -4.470179401768e-09
   1.341511173676e-07  -1.136873070217e-08
   1.327133113716e-07  -1.781510410581e-08
   1.306129743953e-07  -2.417760675820e-08
   1.277565498476e-07  -3.080990874856e-08
   1.242391227182e-07  -3.713063946612e-08
   1.201719095307e-07  -4.285850638048e-08
   1.157347305623e-07  -4.768877744386e-08
   1.106937148821e-07  -5.233547834100e-08
   1.050895787409e-07  -5.666840591013e-08
   9.894356034520e-08  -6.062633252595e-08
   9.269474737530e-08  -6.355030193277e-08
   8.627969218928e-08  -6.569806146022e-08
   7.964802001018e-08  -6.722278502500e-08
   7.259989719519e-08  -6.838350657168e-08
   6.546098455769e-08  -6.883103290366e-08
   5.851513528924e-08  -6.837838013432e-08
   5.181295975580e-08  -6.709906556649e-08
   4.518418678013e-08  -6.521019707626e-08
   3.852043981465e-08  -6.281988299618e-08
   3.215991359296e-08  -5.974993829672e-08
   2.626892703267e-08  -5.599017381391e-08
   2.098410278896e-08  -5.157317689725e-08
   1.600712396330e-08  -4.670198835355e-08
   1.145715623623e-08  -4.137716733660e-08
   7.417995289427e-09  -3.562769708401e-08
   4.148818524408e-09  -2.947073382898e-08
   1.538226007342e-09  -2.301386522933e-08
  -4.420067632285e-10  -1.632866807241e-08
  -1.797027231781e-09  -9.471122398284e-09
  -2.415103577767e-09  -2.510819069631e-09
  -2.302953141272e-09   4.468879610629e-09
  -1.514528066000e-09   1.139801076125e-08
  -3.708879957186e-11   1.821618585014e-08
   2.201017101240e-09   2.484405988207e-08
   5.123318006602e-09   3.120372077014e-08
   8.626380538500e-09   3.724300299947e-08
   1.257909536276e-08   4.293776142930e-08
   1.719288801320e-08   4.816636924817e-08
   2.241544640206e-08   5.285597540060e-08
   2.819695469845e-08   5.693483956553e-08
   3.412979272972e-08   6.053398567917e-08
   4.032472192263e-08   6.355754238972e-08
   4.682231764359e-08   6.591601487018e-08
   5.379999426155e-08   6.738327917807e-08
   6.087426058058e-08   6.814469734810e-08
   6.781659050049e-08   6.835141291059e-08
   7.458726365089e-08   6.802178024351e-08
   8.140162494604e-08   6.686709248338e-08
   8.828508607946e-08   6.472176297365e-08
   9.489171119104e-08   6.191706704730e-08
   1.010475041510e-07   5.867612354880e-08
   1.066735881779e-07   5.514849376846e-08
   1.120641923482e-07   5.072595636170e-08
   1.170646501969e-07   4.554768951160e-08
   1.215617070599e-07   3.972697386692e-08
   1.252887409821e-07   3.403607895221e-08
   1.283976856840e-07   2.807541663631e-08
   1.309010458321e-07   2.171192845976e-08
   1.328043481209e-07   1.456416428426e-08
   1.339580245605e-07   7.397889869806e-09
   1.343716580784e-07   5.088795180352e-10
   1.340926465631e-07  -6.100019045517e-09
   1.331076262820e-07  -1.297488327033e-08
   1.313621016118e-07  -2.012888050482e-08
   1.289130613980e-07  -2.696949567410e-08
   1.258649918156e-07  -3.318943320400e-08
   1.222940674701e-07  -3.875996685697e-08
   1.180181497453e-07  -4.434667833240e-08
   1.130983427267e-07  -4.968294411051e-08
   1.076188254435e-07  -5.456335122340e-08
   1.019481065949e-07  -5.836821370813e-08
   9.592190501363e-08  -6.156658240673e-08
   8.951605878556e-08  -6.424869049647e-08
   8.258564510927e-08  -6.661442731384e-08
   7.557731729013e-08  -6.811273685345e-08
   6.863632444353e-08  -6.870083708509e-08
   6.180133481792e-08  -6.845842120709e-08
   5.479962310212e-08  -6.770247469313e-08
   4.773162057945e-08  -6.636336948739e-08
   4.091824450532e-08  -6.425347714123e-08
   3.455237212891e-08  -6.134521260743e-08
   2.861511065118e-08  -5.775249464002e-08
   2.285737819873e-08  -5.366590319025e-08
   1.746138693730e-08  -4.904143466483e-08
   1.258204539010e-08  -4.388151234798e-08
   8.465438983737e-09  -3.819980277590e-08
   4.916588673384e-09  -3.213415883115e-08
   1.945108344045e-09  -2.574452478663e-08
  -4.411816179278e-10  -1.908336971140e-08
  -2.058372938006e-09  -1.221266367928e-08
  -2.934161559091e-09  -5.218590164098e-09
  -3.108058798443e-09   1.823026406838e-09
  -2.569088510507e-09   8.857175068885e-09
  -1.270204601972e-09   1.580084644557e-08
   7.465670726552e-10   2.256897792478e-08
   3.374529747132e-09   2.910038973945e-08
   6.596910604136e-09   3.534097697174e-08
   1.054991944325e-08   4.119303092426e-08
   1.517449399300e-08   4.657765373533e-08
   2.033706319364e-08   5.145254972157e-08
   2.574231400268e-08   5.587611169141e-08
   3.158410692700e-08   5.971635174944e-08
   3.787790773828e-08   6.288348691733e-08
   4.470753630986e-08   6.522029420254e-08
   5.158388823840e-08   6.696023107471e-08
   5.846220128877e-08   6.810370758129e-08
   6.530328839303e-08   6.864663426130e-08
   7.242255585833e-08   6.820962384199e-08
   7.956767422935e-08   6.691208688438e-08
   8.647704038032e-08   6.496838714108e-08
   9.293545215987e-08   6.264080879052e-08
   9.909407071296e-08   5.970358954547e-08
   1.050963910590e-07   5.581208888796e-08
   1.107574163163e-07   5.112379283267e-08
   1.158598661615e-07   4.598661296846e-08
   1.202354098209e-07   4.085276535896e-08
   1.240892093542e-07   3.518675948008e-08
   1.273964466585e-07   2.889923395156e-08
   1.301110432973e-07   2.187147647018e-08
   1.320359389528e-07   1.502488949943e-08
   1.332286860273e-07   8.270117599320e-09
   1.337165192703e-07   1.592139818294e-09
   1.334883459789e-07  -5.698835193383e-09
   1.324969744587e-07  -1.304034725956e-08
   1.307778674374e-07  -2.006891390453e-08
   1.284418909815e-07  -2.639991956825e-08
   1.254417456655e-07  -3.254468487047e-08
   1.217014014589e-07  -3.873194750582e-08
   1.172674900825e-07  -4.469423778950e-08
   1.123375273329e-07  -4.994586171210e-08
   1.070962831082e-07  -5.425643578047e-08
   1.013578846461e-07  -5.814202086990e-08
   9.509280639785e-08  -6.165549118776e-08
   8.832742714810e-08  -6.473540347784e-08
   8.153726606761e-08  -6.678166745696e-08
   7.468574037222e-08  -6.799022673973e-08
   6.778304152088e-08  -6.844793849881e-08
   6.052888421467e-08  -6.849323780210e-08
   5.331255282732e-08  -6.778298434131e-08
   4.632017804397e-08  -6.624967630504e-08
   3.977734646743e-08  -6.384322456085e-08
   3.338985965480e-08  -6.084511309899e-08
   2.717243587451e-08  -5.728623018335e-08
   2.128581312376e-08  -5.312996925130e-08
   1.602340323945e-08  -4.832940857466e-08
   1.141858337039e-08  -4.297461245102e-08
   7.305314991301e-09  -3.719255273488e-08
   3.704892498925e-09  -3.103102247746e-08
   7.346457050105e-10  -2.452755812245e-08
  -1.435549555814e-09  -1.775088586431e-08
  -2.884017509693e-09  -1.079088523196e-08
  -3.632964222099e-09  -3.719257056343e-09
  -3.659569810821e-09   3.409894829262e-09
  -2.917603560970e-09   1.049934760237e-08
  -1.444952273422e-09   1.746769312159e-08
   6.559940521180e-10   2.424739582111e-08
   3.481577641036e-09   3.077449832624e-08
   7.046027119097e-09   3.695989736885e-08
   1.131267137296e-08   4.271920299104e-08
   1.602171700786e-08   4.804553014482e-08
   2.113755109049e-08   5.290326485115e-08
   2.678388783364e-08   5.718063359581e-08
   3.302976367912e-08   6.074896236518e-08
   3.968358570271e-08   6.360324361944e-08
   4.637604361069e-08   6.590494350967e-08
   5.316784438581e-08   6.758134740647e-08
   6.013303733122e-08   6.851284331689e-08
   6.744972049631e-08   6.842961272318e-08
   7.466649830069e-08   6.764046410049e-08
   8.164948685962e-08   6.624289312149e-08
   8.822738506111e-08   6.443226388359e-08
   9.476929992422e-08   6.166054695575e-08
   1.011033144665e-07   5.802275299648e-08
   1.070895249523e-07   5.361438764691e-08
   1.123864090935e-07   4.905900136772e-08
   1.171271470747e-07   4.412093586979e-08
   1.213835759359e-07   3.854432150096e-08
   1.251529795691e-07   3.210635661261e-08
   1.282232057617e-07   2.534574646986e-08
   1.305081611414e-07   1.874923787819e-08
   1.320778085240e-07   1.213260124384e-08
   1.329595550382e-07   5.154556748725e-09
   1.331020684463e-07  -2.386108587321e-09
   1.324698708941e-07  -9.715601113431e-09
   1.311138868890e-07  -1.664967996263e-08
   1.291077346651e-07  -2.304625807436e-08
   1.263329004232e-07  -2.968452731353e-08
   1.228210317534e-07  -3.620281886553e-08
   1.186229607548e-07  -4.238852732107e-08
   1.140262030112e-07  -4.756627204644e-08
   1.089197229328e-07  -5.222729240585e-08
   1.032603046881e-07  -5.650514479781e-08
   9.695522733407e-08  -6.054076843087e-08
   9.037220404573e-08  -6.373846084712e-08
   8.369676465953e-08  -6.597080971651e-08
   7.690535847993e-08  -6.740382411443e-08
   6.979142846907e-08  -6.833684880963e-08
   6.241762151612e-08  -6.870595176390e-08
   5.517587724492e-08  -6.819463582508e-08
   4.821439735056e-08  -6.679408420358e-08
   4.154013244448e-08  -6.460943755482e-08
   3.485661379143e-08  -6.189693083385e-08
   2.841560370146e-08  -5.853811835641e-08
   2.238817328635e-08  -5.451089647289e-08
   1.707266907361e-08  -4.978546344676e-08
   1.221751699159e-08  -4.455080311075e-08
   7.844101420754e-09  -3.885892678622e-08
   3.966751334359e-09  -3.275671005302e-08
   8.628888104554e-10  -2.627082065834e-08
  -1.488239264457e-09  -1.949817020982e-08
  -3.127025629006e-09  -1.252268938267e-08
  -4.087829841503e-09  -5.400306673519e-09
  -4.282746204286e-09   1.791238008608e-09
  -3.701649504874e-09   8.954979390887e-09
  -2.410309769147e-09   1.600942004760e-08
  -4.277706272981e-10   2.289484888759e-08
   2.340079027681e-09   2.953435026540e-08
   5.849863704740e-09   3.583574345992e-08
   9.987728918618e-09   4.173446158012e-08
   1.453172817908e-08   4.722426338496e-08
   1.966021187502e-08   5.219819448941e-08
   2.537929780436e-08   5.656558574784e-08
   3.171785110398e-08   6.020812538425e-08
   3.821619435816e-08   6.327585464734e-08
   4.487677225057e-08   6.573043144704e-08
   5.168649922458e-08   6.752979848054e-08
   5.893411989264e-08   6.836121849478e-08
   6.628665432268e-08   6.837082453948e-08
   7.350056197049e-08   6.771470143529e-08
   8.037621391791e-08   6.658365325105e-08
   8.714521219183e-08   6.467240168851e-08
   9.387065026542e-08   6.176918804293e-08
   1.003328512175e-07   5.803980080485e-08
   1.062587769488e-07   5.386513974712e-08
   1.115408881661e-07   4.948368804140e-08
   1.164034425956e-07   4.439248206928e-08
   1.208015016351e-07   3.851941199316e-08
   1.246301047852e-07   3.193838588541e-08
   1.276463843603e-07   2.548532630840e-08
   1.299414143174e-07   1.894132327830e-08
   1.315349975298e-07   1.221697361386e-08
   1.324381408818e-07   4.735110119569e-09
   1.325498064858e-07  -2.748179676291e-09
   1.318908864115e-07  -9.973943764749e-09
   1.305377064192e-07  -1.661684963430e-08
   1.284380721664e-07  -2.339221181267e-08
   1.255597001360e-07  -3.023912291198e-08
   1.219354239905e-07  -3.688218316303e-08
   1.177760819670e-07  -4.270831149308e-08
   1.131383446160e-07  -4.780406078714e-08
   1.078916324506e-07  -5.258892009752e-08
   1.019921887494e-07  -5.711709342436e-08
   9.560191191598e-08  -6.107123756985e-08
   8.909395304434e-08  -6.396267273186e-08
   8.239305224334e-08  -6.606103114641e-08
   7.543752791022e-08  -6.752378858941e-08
   6.805294177350e-08  -6.856073547267e-08
   6.070268547864e-08  -6.872062143149e-08
   5.351971550598e-08  -6.799162313097e-08
   4.666870055331e-08  -6.636007299957e-08
   3.977350136620e-08  -6.417691586422e-08
   3.302493703196e-08  -6.134572651168e-08
   2.658135210855e-08  -5.783140485328e-08
   2.080003270868e-08  -5.355531335241e-08
   1.552848265850e-08  -4.868745610393e-08
   1.069343466336e-08  -4.332112797386e-08
   6.307760838293e-09  -3.750105277109e-08
   2.616741609749e-09  -3.124034351732e-08
  -2.813942946106e-10  -2.462144716735e-08
  -2.466025957435e-09  -1.773958284157e-08
  -3.972738624579e-09  -1.066028216002e-08
  -4.744492288554e-09  -3.444910743637e-09
  -4.715370139627e-09   3.802535801951e-09
  -3.929557514574e-09   1.099577123171e-08
  -2.446039072390e-09   1.806232109076e-08
  -1.716414272763e-10   2.494247361429e-08
   2.870850047786e-09   3.153807822912e-08
   6.627098246316e-09   3.776599973793e-08
   1.084292501892e-08   4.360346447899e-08
   1.563975178076e-08   4.897029340561e-08
   2.104657432917e-08   5.377585802804e-08
   2.713803617909e-08   5.788741928882e-08
   3.352557239007e-08   6.138558200109e-08
   4.008012377746e-08   6.429283108653e-08
   4.681797967591e-08   6.655457279651e-08
   5.396848393938e-08   6.792674332265e-08
   6.138225555576e-08   6.839361090998e-08
   6.869772167845e-08   6.817808046493e-08
   7.575879633196e-08   6.740470607495e-08
   8.263254019588e-08   6.597393351663e-08
   8.955407667813e-08   6.349290245479e-08
   9.625390323546e-08   6.016614412542e-08
   1.025243316808e-07   5.621918725519e-08
   1.081129505306e-07   5.210762656617e-08
   1.132919255698e-07   4.729519304791e-08
   1.180151208806e-07   4.173245460247e-08
   1.222373776649e-07   3.530910294213e-08
   1.256575637616e-07   2.889379620610e-08
   1.283361897809e-07   2.240472287117e-08
   1.303012220934e-07   1.577344108670e-08
   1.315923254411e-07   8.392288737195e-09
   1.320944750977e-07   8.147177725563e-10
   1.318016178046e-07  -6.538076120631e-09
   1.307784830565e-07  -1.336886081292e-08
   1.290188883472e-07  -2.017877203849e-08
   1.264578761451e-07  -2.719044424042e-08
   1.231290600928e-07  -3.403154634557e-08
   1.191829606721e-07  -4.021292186596e-08
   1.147660831225e-07  -4.553535223650e-08
   1.097145888386e-07  -5.056960414079e-08
   1.040143455844e-07  -5.531302289550e-08
   9.772240780271e-08  -5.962306824160e-08
   9.127335471676e-08  -6.285411601404e-08
   8.460597258226e-08  -6.527062234929e-08
   7.770918600982e-08  -6.698093924993e-08
   7.033346527163e-08  -6.830033968541e-08
   6.291469208848e-08  -6.877611815733e-08
   5.562434133224e-08  -6.834861749118e-08
   4.866050629570e-08  -6.697646164901e-08
   4.168038352772e-08  -6.500542767721e-08
   3.478535235296e-08  -6.239733252069e-08
   2.816137879760e-08  -5.909131746033e-08
   2.215001264029e-08  -5.500698613393e-08
   1.669762552907e-08  -5.027864346920e-08
   1.166128464009e-08  -4.503282306808e-08
   7.071690185450e-09  -3.930909963927e-08
   3.129691741599e-09  -3.312403868641e-08
   4.548712443854e-12  -2.654817404803e-08
  -2.400147591170e-09  -1.968312568070e-08
  -4.112538591046e-09  -1.259957472601e-08
  -5.102456114204e-09  -5.353454984954e-09
  -5.277796637009e-09   1.948598902076e-09
  -4.674151268086e-09   9.216781930415e-09
  -3.358113311902e-09   1.637075752403e-08
  -1.249898841455e-09   2.335772919800e-08
   1.644472480664e-09   3.007758214954e-08
   5.283855177777e-09   3.644088126661e-08
   9.419722776438e-09   4.241235663718e-08
   1.412663974236e-08   4.792518673284e-08
   1.945893386789e-08   5.288518142861e-08
   2.548938074584e-08   5.716160723356e-08
   3.188272896787e-08   6.079850646846e-08
   3.843868233312e-08   6.384633813281e-08
   4.519428851501e-08   6.624083341851e-08
   5.233580415822e-08   6.777484511312e-08
   5.980085310892e-08   6.836504570878e-08
   6.718111563147e-08   6.825693432898e-08
   7.433543649813e-08   6.755288080851e-08
   8.126320528929e-08   6.622913016624e-08
   8.825596118074e-08   6.383979376326e-08
   9.503801386733e-08   6.058756435881e-08
   1.014198623741e-07   5.665509352814e-08
   1.071062919604e-07   5.255452715730e-08
   1.123663699979e-07   4.777351224621e-08
   1.171655053601e-07   4.224520680769e-08
   1.214719990787e-07   3.582050766547e-08
   1.249790957460e-07   2.934540331670e-08
   1.277255290864e-07   2.281797030860e-08
   1.297463830014e-07   1.615592470226e-08
   1.310838770209e-07   8.772398262771e-09
   1.316271290608e-07   1.126812450549e-09
   1.313614795178e-07  -6.293812990446e-09
   1.303502584433e-07  -1.321071316451e-08
   1.285984891289e-07  -2.004103727285e-08
   1.260327303526e-07  -2.709737056815e-08
   1.226887293675e-07  -3.398133466970e-08
   1.187045190855e-07  -4.024101069950e-08
   1.142509309981e-07  -4.560080019142e-08
   1.091582011008e-07  -5.065700848654e-08
   1.034172382011e-07  -5.540038553746e-08
   9.706450241945e-08  -5.972781595709e-08
   9.054777946953e-08  -6.297134493762e-08
   8.381697328519e-08  -6.537990200231e-08
   7.686787691237e-08  -6.705744905117e-08
   6.944120577571e-08  -6.833071493753e-08
   6.196279447271e-08  -6.876231636126e-08
   5.461850960376e-08  -6.828008491495e-08
   4.761002018164e-08  -6.684396995576e-08
   4.060688612514e-08  -6.478865942463e-08
   3.369271746244e-08  -6.209097636010e-08
   2.706025208242e-08  -5.868869143374e-08
   2.104654933704e-08  -5.450907575409e-08
   1.561322683159e-08  -4.968071766324e-08
   1.061121193176e-08  -4.433185304750e-08
   6.073991053421e-09  -3.850271545422e-08
   2.196505107635e-09  -3.221562105780e-08
  -8.509798677437e-10  -2.554614714100e-08
  -3.163660480026e-09  -1.859528152738e-08
  -4.768265781849e-09  -1.143404910588e-08
  -5.632681257726e-09  -4.118975285473e-09
  -5.672076705925e-09   3.237513670460e-09
  -4.924550540861e-09   1.054398047809e-08
  -3.460018305668e-09   1.771935435107e-08
  -1.191419901315e-09   2.471050587927e-08
   1.870463600976e-09   3.141475530067e-08
   5.679833603988e-09   3.774137012275e-08
   9.977798986580e-09   4.365743854188e-08
   1.484647299392e-08   4.909408479395e-08
   2.033730168831e-08   5.395584415125e-08
   2.652382770674e-08   5.810857350849e-08
   3.305225907639e-08   6.160639062457e-08
   3.973155639348e-08   6.449794361566e-08
   4.659282381124e-08   6.672165781606e-08
   5.383487738469e-08   6.805653515937e-08
   6.136863673464e-08   6.843731265475e-08
   6.879474510554e-08   6.811035846337e-08
   7.596338569613e-08   6.719158412636e-08
   8.289747288464e-08   6.563133151681e-08
   8.986486258992e-08   6.299746297274e-08
   9.659155250956e-08   5.949763705220e-08
   1.028775910666e-07   5.534168116578e-08
   1.084510969225e-07   5.102522479499e-08
   1.135776773086e-07   4.602002527231e-08
   1.182159134108e-07   4.026792652613e-08
   1.223227135941e-07   3.364522344819e-08
   1.256050960691e-07   2.702477424377e-08
   1.281163637059e-07   2.035488762933e-08
   1.298866795752e-07   1.356486653733e-08
   1.309466716579e-07   6.050218191643e-09
   1.311912645313e-07  -1.645214927706e-09
   1.306224827641e-07  -9.088871111598e-09
   1.293138464188e-07  -1.597807205089e-08
   1.272509520791e-07  -2.281559629459e-08
   1.243673950355e-07  -2.980910991843e-08
   1.207052635879e-07  -3.659440364548e-08
   1.164352858901e-07  -4.266810082540e-08
   1.117022281001e-07  -4.786506507512e-08
   1.063391574694e-07  -5.272622886818e-08
   1.003284656678e-07  -5.725956004036e-08
   9.375414070678e-08  -6.128919353962e-08
   8.705636963101e-08  -6.421623804971e-08
   8.017028906743e-08  -6.630186348196e-08
   7.307319064759e-08  -6.766618663726e-08
   6.553462024240e-08  -6.858423396525e-08
   5.801325284965e-08  -6.862115523247e-08
   5.067106250312e-08  -6.774216731370e-08
   4.369864581014e-08  -6.592508855493e-08
   3.673761307856e-08  -6.350261245444e-08
   2.993563232534e-08  -6.041669122797e-08
   2.346737373803e-08  -5.662966251756e-08
   1.768203030484e-08  -5.208340505396e-08
   1.247133680524e-08  -4.692950296691e-08
   7.739614448137e-09  -4.126999914534e-08
   3.510330391467e-09  -3.515002740417e-08
   8.068720018873e-12  -2.860233634983e-08
  -2.660282332586e-09  -2.172027703932e-08
  -4.574883213371e-09  -1.459866912405e-08
  -5.763384022123e-09  -7.302904225371e-09
  -6.168287929414e-09   1.011651413407e-10
  -5.743049085334e-09   7.493986769786e-09
  -4.540087388466e-09   1.478501562588e-08
  -2.624451686242e-09   2.190034608451e-08
   1.157611342442e-10   2.877782882861e-08
   3.642892786990e-09   3.531223457811e-08
   7.886022654091e-09   4.141783465974e-08
   1.256656968160e-08   4.707906409280e-08
   1.782596559237e-08   5.220823708125e-08
   2.368687889741e-08   5.671054493602e-08
   3.021724827820e-08   6.044659235471e-08
   3.698219841517e-08   6.352739736315e-08
   4.387861910316e-08   6.596731397562e-08
   5.091013923833e-08   6.771748891700e-08
   5.833251250958e-08   6.849573425655e-08
   6.592126642939e-08   6.834650815381e-08
   7.334532379197e-08   6.748870179546e-08
   8.042467275687e-08   6.608866887297e-08
   8.729583755306e-08   6.395699135530e-08
   9.411235596954e-08   6.076639874294e-08
   1.006217374984e-07   5.672029881362e-08
   1.065813847867e-07   5.214314549274e-08
   1.118222551876e-07   4.739801659351e-08
   1.165817825380e-07   4.194771480012e-08
   1.208090410907e-07   3.573578025632e-08
   1.244163383385e-07   2.877670626381e-08
   1.271648319338e-07   2.195169325002e-08
   1.291362894975e-07   1.507891669966e-08
   1.303521528387e-07   8.077007393616e-09
   1.308087415109e-07   3.616601501746e-10
   1.304286037868e-07  -7.327241988950e-09
   1.292443360093e-07  -1.470010313270e-08
   1.273496722783e-07  -2.143463944914e-08
   1.246709796502e-07  -2.822858858239e-08
   1.211819569586e-07  -3.501472498793e-08
   1.169320688563e-07  -4.151445317923e-08
   1.121715037225e-07  -4.711319116326e-08
   1.069432674207e-07  -5.194039878146e-08
   1.011181845314e-07  -5.636650514595e-08
   9.464677553316e-08  -6.045550426854e-08
   8.775248625350e-08  -6.384228895401e-08
   8.079762669196e-08  -6.613607787984e-08
   7.371413050371e-08  -6.757995146732e-08
   6.640331002260e-08  -6.836123886461e-08
   5.876073056151e-08  -6.859800300611e-08
   5.125726024418e-08  -6.791102663295e-08
   4.403075348910e-08  -6.630875197018e-08
   3.719458950854e-08  -6.383343461688e-08
   3.039773410251e-08  -6.077213990535e-08
   2.387882920501e-08  -5.703178291542e-08
   1.780139397497e-08  -5.260445927267e-08
   1.249084159636e-08  -4.747442568017e-08
   7.737052202545e-09  -4.180975257345e-08
   3.534344319968e-09  -3.567812654358e-08
  -9.496432088827e-11  -2.912878286906e-08
  -2.902638882344e-09  -2.222285923707e-08
  -4.887348910658e-09  -1.506535843102e-08
  -6.099341321184e-09  -7.743621910960e-09
  -6.552648746710e-09  -3.108492529339e-10
  -6.173223275748e-09   7.140395549204e-09
  -4.974128891343e-09   1.449353366552e-08
  -3.037725854504e-09   2.166154055725e-08
  -3.807044403876e-10   2.858349650098e-08
   3.109688871994e-09   3.517494623664e-08
   7.364886948232e-09   4.133401299612e-08
   1.223751049103e-08   4.699690774040e-08
   1.748680400434e-08   5.216612936052e-08
   2.331187774372e-08   5.672119201605e-08
   2.971597789216e-08   6.056155605434e-08
   3.668837624911e-08   6.357472026685e-08
   4.373094768139e-08   6.595135728699e-08
   5.086977485117e-08   6.764074150183e-08
   5.809940246543e-08   6.859065451171e-08
   6.569770314822e-08   6.845871175958e-08
   7.325116423009e-08   6.748378906345e-08
   8.055115987295e-08   6.581733484283e-08
   8.739386274037e-08   6.368903176083e-08
   9.407987925394e-08   6.065594176454e-08
   1.005501863087e-07   5.664570254664e-08
   1.066146617287e-07   5.181389420964e-08
   1.119682861473e-07   4.670617150744e-08
   1.166376019829e-07   4.132595305637e-08
   1.207532680175e-07   3.527571811775e-08
   1.242800719438e-07   2.841521354854e-08
   1.270532778269e-07   2.112471540219e-08
   1.289622737768e-07   1.406952713417e-08
   1.300849317662e-07   7.021228184018e-09
   1.304358667893e-07  -2.713305569936e-10
   1.299598606645e-07  -8.108093562995e-09
   1.286533497789e-07  -1.566929893931e-08
   1.265813756284e-07  -2.276647657239e-08
   1.238366045436e-07  -2.923447350718e-08
   1.202677141779e-07  -3.583344776392e-08
   1.159289153978e-07  -4.220738716205e-08
   1.108989476841e-07  -4.812143237801e-08
   1.055082567050e-07  -5.294677658831e-08
   9.962122913283e-08  -5.716588287694e-08
   9.319870112378e-08  -6.089313389389e-08
   8.616496003505e-08  -6.422885330681e-08
   7.895987239358e-08  -6.659576512120e-08
   7.173883124891e-08  -6.795352563192e-08
   6.448688185811e-08  -6.844984463405e-08
   5.696348659796e-08  -6.837492219886e-08
   4.934867746392e-08  -6.758627910601e-08
   4.200136686189e-08  -6.588166246796e-08
   3.509253989268e-08  -6.326996452124e-08
   2.852238441454e-08  -5.991831186625e-08
   2.211611886624e-08  -5.597075290890e-08
   1.611914766678e-08  -5.136529086614e-08
   1.074681115085e-08  -4.610808921086e-08
   6.166368716242e-09  -4.026566030454e-08
   2.162453840469e-09  -3.397294445591e-08
  -1.216598881822e-09  -2.728358383573e-08
  -3.894884962126e-09  -2.025346878847e-08
  -5.693449994917e-09  -1.298978879982e-08
  -6.684425439182e-09  -5.585111640132e-09
  -6.892324224505e-09   1.880643628793e-09
  -6.276199153970e-09   9.357020468859e-09
  -4.818237438143e-09   1.671726212648e-08
  -2.577789898507e-09   2.386453230706e-08
   3.197475881870e-10   3.072489693766e-08
   3.988563096988e-09   3.723263758400e-08
   8.446959381064e-09   4.328414559044e-08
   1.361931304394e-08   4.878764759111e-08
   1.920670356488e-08   5.374410880851e-08
   2.516885103822e-08   5.812025015436e-08
   3.164777732066e-08   6.178560169640e-08
   3.869449897813e-08   6.460064659346e-08
   4.604977677401e-08   6.659639693869e-08
   5.334176874680e-08   6.796018521710e-08
   6.063857307861e-08   6.861067798144e-08
   6.805069743402e-08   6.837655812268e-08
   7.565897952398e-08   6.703728422605e-08
   8.299665251183e-08   6.497070636829e-08
   8.992859971979e-08   6.230978654848e-08
   9.636568186794e-08   5.917531852583e-08
   1.026262210274e-07   5.498090278054e-08
   1.084761684034e-07   4.994329095825e-08
   1.137587846576e-07   4.424534543664e-08
   1.182066688897e-07   3.855497101148e-08
   1.220129949743e-07   3.239272726526e-08
   1.251682070658e-07   2.563936204427e-08
   1.276358641415e-07   1.810301768213e-08
   1.292365031527e-07   1.064777111116e-08
   1.300036643474e-07   3.402418905786e-09
   1.299799977704e-07  -3.727393893078e-09
   1.291356579710e-07  -1.131153365089e-08
   1.274330424439e-07  -1.898454032886e-08
   1.249446408321e-07  -2.620750782983e-08
   1.217913985467e-07  -3.270522671294e-08
   1.179461261401e-07  -3.882478877101e-08
   1.132907539855e-07  -4.490677637064e-08
   1.079290825027e-07  -5.058812115621e-08
   1.020770193519e-07  -5.546109104391e-08
   9.596395608860e-08  -5.928134939624e-08
   8.936339895132e-08  -6.256521863882e-08
   8.227223619627e-08  -6.532525189893e-08
   7.476400088463e-08  -6.746644324588e-08
   6.735414638921e-08  -6.848485566835e-08
   5.998282068611e-08  -6.859505857237e-08
   5.263548637693e-08  -6.790698137492e-08
   4.506957142942e-08  -6.665167153176e-08
   3.773998323170e-08  -6.453987690947e-08
   3.081583887937e-08  -6.156967594862e-08
   2.447324430670e-08  -5.776842433946e-08
   1.839572190521e-08  -5.336696752304e-08
   1.271403745510e-08  -4.836032413243e-08
   7.586967317354e-09  -4.276227747724e-08
   3.285564898568e-09  -3.661211652501e-08
  -2.864491273760e-10  -3.003203016523e-08
  -3.191270129467e-09  -2.310160218343e-08
  -5.390633460339e-09  -1.587713216973e-08
  -6.745061726348e-09  -8.455413549527e-09
  -7.243987186432e-09  -9.553870362926e-10
  -6.946604803698e-09   6.545870817687e-09
  -5.836575196629e-09   1.398634443531e-08
  -3.850261576307e-09   2.127520124006e-08
  -1.080733943826e-09   2.829129613939e-08
   2.369419988927e-09   3.496231833932e-08
   6.429313592641e-09   4.123372976876e-08
   1.129874931304e-08   4.699412793831e-08
   1.685922141377e-08   5.215586798460e-08
   2.296791553207e-08   5.666607479623e-08
   2.926854172322e-08   6.060453014921e-08
   3.598662078284e-08   6.381886540018e-08
   4.312587502646e-08   6.620870111226e-08
   5.072423065201e-08   6.762162293365e-08
   5.824604190575e-08   6.834458174051e-08
   6.565226737284e-08   6.838113047379e-08
   7.293967126780e-08   6.769146911465e-08
   8.038309100718e-08   6.587460024076e-08
   8.764933055411e-08   6.315576761187e-08
   9.447974532363e-08   5.979832907065e-08
   1.007001366851e-07   5.607093188277e-08
   1.065206896546e-07   5.159016960700e-08
   1.119608034510e-07   4.614636269240e-08
   1.168259667563e-07   3.997155266717e-08
   1.208981687189e-07   3.359703255340e-08
   1.241593665628e-07   2.721022430415e-08
   1.267333612226e-07   2.030150588451e-08
   1.285717868042e-07   1.277572282772e-08
   1.295783376159e-07   4.898703966742e-09
   1.297208671827e-07  -2.524612677132e-09
   1.290615696563e-07  -9.735786260258e-09
   1.276036962424e-07  -1.691772151030e-08
   1.252553818069e-07  -2.447197826857e-08
   1.221234489133e-07  -3.158406668689e-08
   1.183058732498e-07  -3.806412149061e-08
   1.139441532824e-07  -4.370990162237e-08
   1.088089397549e-07  -4.924404808941e-08
   1.029901161066e-07  -5.438213132323e-08
   9.660032418211e-08  -5.891290572704e-08
   9.004312344310e-08  -6.228757692096e-08
   8.317701449807e-08  -6.489447800000e-08
   7.594040831825e-08  -6.687606910216e-08
   6.826733213150e-08  -6.831401245633e-08
   6.061535283159e-08  -6.877631783040e-08
   5.317691974343e-08  -6.822220911869e-08
   4.591653661707e-08  -6.680604359003e-08
   3.861838087649e-08  -6.474593667659e-08
   3.144032937958e-08  -6.197141435025e-08
   2.474087538256e-08  -5.836301638710e-08
   1.865812934047e-08  -5.397534826987e-08
   1.311198999862e-08  -4.894438398281e-08
   7.952202983058e-09  -4.337723439362e-08
   3.397936977560e-09  -3.727624837302e-08
  -3.884695398199e-10  -3.070281265828e-08
  -3.306924261528e-09  -2.376349884273e-08
  -5.508418203197e-09  -1.654281835982e-08
  -6.945581573447e-09  -9.109343898872e-09
  -7.550368704290e-09  -1.541176060309e-09
  -7.290796084892e-09   6.017705748819e-09
  -6.228072295739e-09   1.349162862163e-08
  -4.385858441437e-09   2.080581639615e-08
  -1.649389121695e-09   2.788812657376e-08
   1.876721785884e-09   3.461711653851e-08
   6.078004390624e-09   4.091748654343e-08
   1.077868496847e-08   4.675502909880e-08
   1.618100240939e-08   5.201856922702e-08
   2.226707159902e-08   5.660283696756e-08
   2.891049457794e-08   6.044267239331e-08
   3.572921788774e-08   6.363838753147e-08
   4.272588466183e-08   6.615025617186e-08
   5.005083810289e-08   6.780991009255e-08
   5.774488635697e-08   6.845936201356e-08
   6.547556501692e-08   6.824049096178e-08
   7.289870976774e-08   6.742225454647e-08
   8.009391198446e-08   6.590477626801e-08
   8.719113471270e-08   6.345094999119e-08
   9.419642143741e-08   5.988254079775e-08
   1.006840845715e-07   5.570226550190e-08
   1.065462506274e-07   5.108906777444e-08
   1.117586014720e-07   4.611480690124e-08
   1.165484459027e-07   4.014441346013e-08
   1.207024796361e-07   3.349161170246e-08
   1.240938813017e-07   2.642321242141e-08
   1.265906807416e-07   1.962221155563e-08
   1.283315841181e-07   1.249820645020e-08
   1.292862952467e-07   4.979439639973e-09
   1.293950635727e-07  -3.058403883992e-09
   1.286444280615e-07  -1.066425054075e-08
   1.270993139840e-07  -1.784985624281e-08
   1.247940171641e-07  -2.470655633227e-08
   1.216070566632e-07  -3.180692141116e-08
   1.176175290607e-07  -3.862176224656e-08
   1.129803370565e-07  -4.474255602241e-08
   1.078757038378e-07  -4.992398763894e-08
   1.021650275614e-07  -5.463488464824e-08
   9.577195877756e-08  -5.900933266501e-08
   8.885884967784e-08  -6.275500637173e-08
   8.175699552609e-08  -6.548008718899e-08
   7.460910859555e-08  -6.716910104757e-08
   6.718071110056e-08  -6.819717240691e-08
   5.947218844417e-08  -6.858414444219e-08
   5.168957948444e-08  -6.817312639613e-08
   4.429443667188e-08  -6.670365178546e-08
   3.718445783421e-08  -6.438266809202e-08
   3.029905372101e-08  -6.133104672750e-08
   2.351743096261e-08  -5.765291434416e-08
   1.728232684739e-08  -5.320873201409e-08
   1.169813539215e-08  -4.806876490870e-08
   6.843891001758e-09  -4.232344963597e-08
   2.474517351333e-09  -3.609963825990e-08
  -1.232425336726e-09  -2.942797378841e-08
  -4.163783758358e-09  -2.237971910372e-08
  -6.191567607363e-09  -1.507496367307e-08
  -7.427480203564e-09  -7.593624926257e-09
  -7.860513974250e-09  -7.389112968559e-12
  -7.429854338319e-09   7.608326605195e-09
  -6.143728900357e-09   1.511160653049e-08
  -4.083389263401e-09   2.241169610477e-08
  -1.284244335560e-09   2.944298318026e-08
   2.368321020190e-09   3.612396713828e-08
   6.836525586076e-09   4.234170062294e-08
   1.191209864021e-08   4.803288258669e-08
   1.742805975633e-08   5.317715458816e-08
   2.344124618289e-08   5.769871480902e-08
   3.012498804231e-08   6.142969031938e-08
   3.727586823700e-08   6.434005516227e-08
   4.461900628827e-08   6.649339055182e-08
   5.188941489375e-08   6.802217210898e-08
   5.937519712563e-08   6.866181286326e-08
   6.704821669219e-08   6.831118546779e-08
   7.479789962800e-08   6.692912150819e-08
   8.210008909808e-08   6.500186483492e-08
   8.904601645242e-08   6.241793393055e-08
   9.565932791952e-08   5.908890128369e-08
   1.021202580716e-07   5.457180248099e-08
   1.080107709965e-07   4.942369369360e-08
   1.132114404988e-07   4.386230179910e-08
   1.176297990143e-07   3.817286497099e-08
   1.214867541888e-07   3.166665571142e-08
   1.246548742299e-07   2.448924708944e-08
   1.270208399553e-07   1.688900166504e-08
   1.284872253068e-07   9.605899734518e-09
   1.291352309743e-07   2.349391715067e-09
   1.289663600775e-07  -5.173620494890e-09
   1.279182841040e-07  -1.309183097163e-08
   1.260161208932e-07  -2.071407620108e-08
   1.233750367848e-07  -2.764800675864e-08
   1.200186895191e-07  -3.411750417758e-08
   1.158514046664e-07  -4.050631531964e-08
   1.108599258576e-07  -4.672886629322e-08
   1.053106699584e-07  -5.214418255478e-08
   9.935593573371e-08  -5.662535018027e-08
   9.301338602180e-08  -6.030824343956e-08
   8.603031237471e-08  -6.363577399341e-08
   7.863972697837e-08  -6.626183188076e-08
   7.107439642119e-08  -6.797173845043e-08
   6.368645153166e-08  -6.853168878285e-08
   5.616482455135e-08  -6.836811587959e-08
   4.854608252321e-08  -6.748939499468e-08
   4.088152478158e-08  -6.588748629353e-08
   3.371365190304e-08  -6.329261878258e-08
   2.698437626862e-08  -5.987039683283e-08
   2.067543688183e-08  -5.572631299005e-08
   1.459543221970e-08  -5.099033776380e-08
   9.109367566246e-09  -4.559593281285e-08
   4.361505602848e-09  -3.960707724402e-08
   4.306452931989e-10  -3.312535055734e-08
  -2.862417772491e-09  -2.624962846584e-08
  -5.436540885388e-09  -1.903767920093e-08
  -7.178815537748e-09  -1.157500071641e-08
  -8.027252334283e-09  -3.992504318387e-09
  -8.047244148285e-09   3.621860287832e-09
  -7.239113069077e-09   1.120895207511e-08
  -5.542849217748e-09   1.867941070514e-08
  -2.994795173521e-09   2.590756826946e-08
   2.461128308796e-10   3.279998863894e-08
   4.171490844605e-09   3.930037401669e-08
   8.854928651906e-09   4.531878837195e-08
   1.436012177796e-08   5.072921361299e-08
   2.036538980717e-08   5.551148618586e-08
   2.673015209282e-08   5.965422666301e-08
   3.337587357095e-08   6.313976000940e-08
   4.061312405881e-08   6.571849332577e-08
   4.819243197358e-08   6.740281040273e-08
   5.590412968332e-08   6.823535806623e-08
   6.334904944084e-08   6.849029481912e-08
   7.083061244830e-08   6.786207478625e-08
   7.832388697373e-08   6.625653056282e-08
   8.580163724103e-08   6.354403056785e-08
   9.273871849740e-08   6.030334768115e-08
   9.915082488039e-08   5.652299773126e-08
   1.050681243503e-07   5.212435716139e-08
   1.106658856324e-07   4.661007977727e-08
   1.156384515210e-07   4.043212868494e-08
   1.198231493717e-07   3.397147070481e-08
   1.231680188630e-07   2.750821149228e-08
   1.258064824864e-07   2.051333766435e-08
   1.276915124073e-07   1.286593163651e-08
   1.287154585026e-07   4.936324238952e-09
   1.288548852864e-07  -2.665770682053e-09
   1.281733192141e-07  -9.897525344213e-09
   1.266551106955e-07  -1.727928925487e-08
   1.242493635730e-07  -2.482498529350e-08
   1.209969739175e-07  -3.212352708372e-08
   1.171116374391e-07  -3.851901261967e-08
   1.125812624888e-07  -4.433410133934e-08
   1.073525194149e-07  -4.978139356544e-08
   1.013193376036e-07  -5.503877391429e-08
   9.485134161311e-08  -5.940086930300e-08
   8.808674539987e-08  -6.280253603817e-08
   8.114238230737e-08  -6.523501154956e-08
   7.367330202599e-08  -6.720884547936e-08
   6.593313148703e-08  -6.843015475295e-08
   5.812542200203e-08  -6.875882098813e-08
   5.066863181349e-08  -6.795896647199e-08
   4.327807980445e-08  -6.638169963519e-08
   3.595919493889e-08  -6.407773964705e-08
   2.873855075804e-08  -6.106808398126e-08
   2.210585032882e-08  -5.718366254706e-08
   1.608356811539e-08  -5.254102364253e-08
   1.061986872731e-08  -4.725958980537e-08
