   0.000000000000e+00   0.000000000000e+00
   5.028536379105e-11   6.734294521503e-09
   2.050707062604e-10   1.346698049738e-08
   4.671924246513e-10   2.019635284890e-08
   8.300689227432e-10   2.692090755376e-08
   1.296313176706e-09   3.363898811205e-08
   1.880303963299e-09   4.034830818422e-08
   2.578740275444e-09   4.704708197975e-08
   3.375373100196e-09   5.373443849109e-08
   4.279776980796e-09   6.040819574762e-08
   5.312582960219e-09   6.706498265324e-08
   6.458078571717e-09   7.370391462376e-08
   7.690552643614e-09   8.032558055168e-08
   9.028228984946e-09   8.692683622283e-08
   1.049406036738e-08   9.350340230428e-08
   1.205811389592e-08   1.000566001706e-07
   1.369090350660e-08   1.065886702218e-07
   1.542343244032e-08   1.130945254745e-07
   1.728092277448e-08   1.195689112672e-07
   1.922296471095e-08   1.260157596027e-07
   2.122294082490e-08   1.324380700752e-07
   2.332762491292e-08   1.388273161772e-07
   2.556538574170e-08   1.451767341390e-07
   2.788731775475e-08   1.514928575341e-07
   3.027105860830e-08   1.577786681050e-07
   3.277781183289e-08   1.640211399875e-07
   3.543462687518e-08   1.702123763380e-07
   3.817926776802e-08   1.763628700266e-07
   4.099150166094e-08   1.824757150423e-07
   4.394281995232e-08   1.885332874977e-07
   4.704934456765e-08   1.945289059786e-07
   5.023018151925e-08   2.004795797992e-07
   5.346977759966e-08   2.063881685479e-07
   5.684762019337e-08   2.122325963010e-07
   6.036218555289e-08   2.180103912152e-07
   6.391769445969e-08   2.237460250746e-07
   6.751234097315e-08   2.294396548324e-07
   7.123463966524e-08   2.350640964327e-07
   7.506775864759e-08   2.406218916261e-07
   7.891213278620e-08   2.461426800254e-07
   8.278719523724e-08   2.516203471779e-07
   8.679242548349e-08   2.570210473773e-07
   9.090190463451e-08   2.623509090337e-07
   9.501835375468e-08   2.676422710324e-07
   9.918159894853e-08   2.728809373955e-07
   1.034998273063e-07   2.780258844998e-07
   1.079362204733e-07   2.830875193088e-07
   1.123910763769e-07   2.881020356415e-07
   1.169183240635e-07   2.930478457815e-07
   1.216259912532e-07   2.978793304599e-07
   1.264550728297e-07   3.026165513331e-07
   1.312980695116e-07   3.073024373513e-07
   1.362211468036e-07   3.119081056854e-07
   1.413225461924e-07   3.163877963801e-07
   1.465134420897e-07   3.207772014912e-07
   1.516855097170e-07   3.251245867753e-07
   1.569231029739e-07   3.293906637547e-07
   1.623114635351e-07   3.335323295241e-07
   1.677386201851e-07   3.376009310376e-07
   1.731112716434e-07   3.416428518572e-07
   1.785380227501e-07   3.456038155693e-07
   1.840954609064e-07   3.494420452245e-07
   1.896624260510e-07   3.532187837239e-07
   1.951690770101e-07   3.569720566961e-07
   2.007470642085e-07   3.606304322409e-07
   2.064677306197e-07   3.641513760112e-07
   2.122046676649e-07   3.676034989254e-07
   2.179056026677e-07   3.710169960281e-07
   2.237164423532e-07   3.743057237472e-07
   2.296957023581e-07   3.774305840684e-07
   2.357018193853e-07   3.804737277613e-07
   2.416912089200e-07   3.834616322804e-07
   2.478146369838e-07   3.862979995213e-07
   2.541034918122e-07   3.889576278801e-07
   2.603937867595e-07   3.915435704298e-07
   2.666545929464e-07   3.940764541388e-07
   2.730388606791e-07   3.964517126077e-07
   2.795442976977e-07   3.986661519159e-07
   2.859944914023e-07   4.008407744614e-07
   2.923859276001e-07   4.029797379719e-07
   2.988762237105e-07   4.049684205720e-07
   3.054375361392e-07   4.068235088183e-07
   3.119003538942e-07   4.086711354219e-07
   3.182969906339e-07   4.104893058802e-07
   3.247916856138e-07   4.121504228538e-07
   3.313433154336e-07   4.136830065078e-07
   3.377971260198e-07   4.152100384419e-07
   3.442146647745e-07   4.166835939529e-07
   3.507623362439e-07   4.179646207978e-07
   3.573850737965e-07   4.190940527931e-07
   3.639338135740e-07   4.201970159258e-07
   3.704861466974e-07   4.212072371149e-07
   3.771985667389e-07   4.219836847564e-07
   3.839886524621e-07   4.225932252080e-07
   3.907043478318e-07   4.231715801028e-07
   3.974348716481e-07   4.236370310200e-07
   4.043158675868e-07   4.238581938446e-07
   4.112302294968e-07   4.239400448645e-07
   4.180319439279e-07   4.240233267235e-07
   4.248291748794e-07   4.240034061594e-07
   4.317348596923e-07   4.237637465914e-07
   4.386081858527e-07   4.234428619531e-07
   4.453287722096e-07   4.231671565464e-07
   4.520300943404e-07   4.227996321180e-07
   4.588090073065e-07   4.222340346084e-07
   4.655196067643e-07   4.216252601887e-07
   4.720754646485e-07   4.210715929127e-07
   4.786314122777e-07   4.204025638702e-07
   4.852732769358e-07   4.195166448023e-07
   4.918556699796e-07   4.185775535049e-07
   4.983164048215e-07   4.176602368262e-07
   5.048194004356e-07   4.165702184544e-07
   5.114327050282e-07   4.152186370304e-07
   5.180011363702e-07   4.137902597455e-07
   5.244741946449e-07   4.123489570758e-07
   5.310136642508e-07   4.106882852251e-07
   5.376567322012e-07   4.087517562070e-07
   5.442313388976e-07   4.067589411691e-07
   5.507011954293e-07   4.047600025701e-07
   5.572235547690e-07   4.025405858863e-07
   5.638004382961e-07   4.000898819495e-07
   5.702539588017e-07   3.976543980001e-07
   5.765761797008e-07   3.952503095395e-07
   5.829228033054e-07   3.926517508833e-07
   5.892706494985e-07   3.898869480507e-07
   5.954554862909e-07   3.872032248179e-07
   6.015043345301e-07   3.845661512342e-07
   6.075727131751e-07   3.817340088975e-07
   6.136254067762e-07   3.787568078516e-07
   6.195188782061e-07   3.758668085352e-07
   6.253061873130e-07   3.729829103122e-07
   6.311380582799e-07   3.698514184764e-07
   6.369683671549e-07   3.665422886673e-07
   6.426650967841e-07   3.632826473256e-07
   6.482928460351e-07   3.599621264817e-07
   6.539873460922e-07   3.563315579747e-07
   6.596818007480e-07   3.525014177952e-07
   6.652471938823e-07   3.487096280362e-07
   6.707541744408e-07   3.448245693531e-07
   6.763156788753e-07   3.406199955448e-07
   6.818402006557e-07   3.362650731662e-07
   6.872087500046e-07   3.320003916590e-07
   6.925034477194e-07   3.276618847672e-07
   6.978147417357e-07   3.230531577152e-07
   7.030370645381e-07   3.183930861720e-07
   7.080764950437e-07   3.138940202593e-07
   7.130307068729e-07   3.093451192935e-07
   7.179737959834e-07   3.045719410739e-07
   7.228014024853e-07   2.998142713760e-07
   7.274493274343e-07   2.952350000060e-07
   7.320258067094e-07   2.905768866969e-07
   7.365928725579e-07   2.856778541896e-07
   7.410519022530e-07   2.807844003293e-07
   7.453589923514e-07   2.760188814192e-07
   7.496223685051e-07   2.710944335623e-07
   7.538885426632e-07   2.658707175472e-07
   7.580581481141e-07   2.606170201727e-07
   7.620969836330e-07   2.554365154908e-07
   7.661050052640e-07   2.500322489629e-07
   7.701068147685e-07   2.443115849565e-07
   7.739989333442e-07   2.385862222131e-07
   7.777573640127e-07   2.329396722745e-07
   7.814727301977e-07   2.270710031643e-07
   7.851480489944e-07   2.209521795091e-07
   7.886840132381e-07   2.149268061784e-07
   7.920744133703e-07   2.090317713468e-07
   7.954027961421e-07   2.029567529862e-07
   7.986588519627e-07   1.967282721281e-07
   8.017588306017e-07   1.906856401468e-07
   8.047156416118e-07   1.847969144020e-07
   8.076058286046e-07   1.787370494805e-07
   8.104138953560e-07   1.725623243302e-07
   8.130737985937e-07   1.665849441093e-07
   8.156094702116e-07   1.607110314560e-07
   8.180871788118e-07   1.546063803650e-07
   8.204874856854e-07   1.483511060316e-07
   8.227559666436e-07   1.422425352429e-07
   8.249181371329e-07   1.361506300461e-07
   8.270256075929e-07   1.297526560368e-07
   8.290525692837e-07   1.231756454514e-07
   8.309523762381e-07   1.167241363340e-07
   8.327487759874e-07   1.102455866388e-07
   8.344774943693e-07   1.034506404237e-07
   8.361084749264e-07   9.653473638642e-08
   8.376065082257e-07   8.980225162738e-08
   8.389951053886e-07   8.306576847518e-08
   8.402970863584e-07   7.607658828621e-08
   8.414856583800e-07   6.908770018232e-08
   8.425413874613e-07   6.236675203950e-08
   8.434868878159e-07   5.567414677393e-08
   8.443356919095e-07   4.879211039402e-08
   8.450697193766e-07   4.199587647592e-08
   8.456826601904e-07   3.549049249407e-08
   8.461913988019e-07   2.898557483022e-08
   8.466013231247e-07   2.228219284555e-08
   8.469027157698e-07   1.565822967905e-08
   8.470958518602e-07   9.266816442218e-09
   8.471871532798e-07   2.788008255811e-09
   8.471738482346e-07  -3.950224477139e-09
   8.470535163732e-07  -1.065163819066e-08
   8.468296129108e-07  -1.718790460236e-08
   8.464967816827e-07  -2.388466745311e-08
   8.460468010267e-07  -3.086063864139e-08
   8.454877377974e-07  -3.777913007804e-08
   8.448264968660e-07  -4.453323973129e-08
   8.440471732641e-07  -5.144706296955e-08
   8.431422512641e-07  -5.856890737708e-08
   8.421348199569e-07  -6.553146480376e-08
   8.410335689699e-07  -7.227681780163e-08
   8.398125614432e-07  -7.913398569747e-08
   8.384698236306e-07  -8.609184361710e-08
   8.370423505767e-07  -9.279092020479e-08
   8.355343391004e-07  -9.924613216742e-08
   8.339082213214e-07  -1.057968567578e-07
   8.321671305697e-07  -1.123996061965e-07
   8.303559860884e-07  -1.187284863449e-07
   8.284688006345e-07  -1.248633998746e-07
   8.264551740883e-07  -1.311479174097e-07
   8.243221137965e-07  -1.375155602318e-07
   8.221201285293e-07  -1.436628298066e-07
   8.198327350765e-07  -1.497057394267e-07
   8.173994238854e-07  -1.559717296699e-07
   8.148358757956e-07  -1.623513515341e-07
   8.122018230326e-07  -1.685398031084e-07
   8.094721773754e-07  -1.746721486552e-07
   8.065824122004e-07  -1.810391142610e-07
   8.035658764142e-07  -1.874681452582e-07
   8.004931288968e-07  -1.936573482380e-07
   7.973282876331e-07  -1.997713290783e-07
   7.940080454007e-07  -2.060582686929e-07
   7.905873862707e-07  -2.122925005447e-07
   7.871402603487e-07  -2.182088649357e-07
   7.836137142888e-07  -2.240182939302e-07
   7.799461546326e-07  -2.299359084013e-07
   7.762080568970e-07  -2.357166794736e-07
   7.724654941503e-07  -2.411572610346e-07
   7.686442738039e-07  -2.465130998719e-07
   7.646817368420e-07  -2.519779036117e-07
   7.606563724522e-07  -2.573079484367e-07
   7.566230584636e-07  -2.623519926897e-07
   7.524889538399e-07  -2.673889568609e-07
   7.481922706384e-07  -2.725859622133e-07
   7.438223579216e-07  -2.776889386217e-07
   7.394285879771e-07  -2.825720855258e-07
   7.349063238108e-07  -2.875147925580e-07
   7.302047334134e-07  -2.926366223672e-07
   7.254337498842e-07  -2.976537308444e-07
   7.206397325758e-07  -3.024592842483e-07
   7.157100104733e-07  -3.073263350472e-07
   7.106154186663e-07  -3.123136213727e-07
   7.054884509513e-07  -3.171146126967e-07
   7.003632728433e-07  -3.216633962177e-07
   6.951176127608e-07  -3.262329471255e-07
   6.897454565413e-07  -3.308308877358e-07
   6.843896771888e-07  -3.351600614538e-07
   6.790590632124e-07  -3.392156189190e-07
   6.736187268671e-07  -3.432749423115e-07
   6.680774047033e-07  -3.473176194624e-07
   6.625743646548e-07  -3.510784195741e-07
   6.570897890465e-07  -3.546065044103e-07
   6.514771109756e-07  -3.581780073535e-07
   6.457547887878e-07  -3.617544211444e-07
   6.400584361977e-07  -3.650944923913e-07
   6.343483024602e-07  -3.682760294113e-07
   6.284744106329e-07  -3.715579632499e-07
   6.224735159607e-07  -3.748706300136e-07
   6.164877817159e-07  -3.779770986484e-07
   6.104655098744e-07  -3.809676807536e-07
   6.042643252731e-07  -3.840691577175e-07
   5.979525007410e-07  -3.871665457819e-07
   5.916803851736e-07  -3.900282848599e-07
   5.853804080701e-07  -3.927638563711e-07
   5.789237060118e-07  -3.955649095064e-07
   5.724113844197e-07  -3.982788715413e-07
   5.659870434709e-07  -4.007037439010e-07
   5.595570208784e-07  -4.029807436260e-07
   5.530039658453e-07  -4.052739713550e-07
   5.464476082036e-07  -4.074183820784e-07
   5.400076598002e-07  -4.092599492946e-07
   5.335611366490e-07  -4.109696450175e-07
   5.269968427521e-07  -4.126925403313e-07
   5.204399398816e-07  -4.142673897081e-07
   5.139851215431e-07  -4.155808451566e-07
   5.074884362310e-07  -4.168171618758e-07
   5.008470346735e-07  -4.181000191415e-07
   4.941951932098e-07  -4.192656047894e-07
   4.876148507089e-07  -4.202210510655e-07
   4.809537783786e-07  -4.211467676923e-07
   4.741301067939e-07  -4.221328156287e-07
   4.672999218513e-07  -4.230002544087e-07
   4.605379615842e-07  -4.236699867501e-07
   4.536891104522e-07  -4.243138454487e-07
   4.467039270823e-07  -4.249814390483e-07
   4.397611025638e-07  -4.254830514592e-07
   4.329164296115e-07  -4.257663372272e-07
   4.260088357934e-07  -4.259993215826e-07
   4.190202513356e-07  -4.261985128918e-07
   4.121348783400e-07  -4.261836418325e-07
   4.053738317830e-07  -4.259413173061e-07
   3.985666136152e-07  -4.256385177472e-07
   3.917143698030e-07  -4.252735635299e-07
   3.849893261341e-07  -4.246897762357e-07
   3.783767598803e-07  -4.239071726157e-07
   3.716993786863e-07  -4.230874757959e-07
   3.649700736700e-07  -4.222179787570e-07
   3.583495538947e-07  -4.211609245052e-07
   3.518008265627e-07  -4.199527641416e-07
   3.451501233357e-07  -4.187405806546e-07
   3.384298812268e-07  -4.174949053550e-07
   3.318016493646e-07  -4.160850272574e-07
   3.252177305378e-07  -4.145528415426e-07
   3.185192767095e-07  -4.130233918796e-07
   3.117704095890e-07  -4.114442697787e-07
   3.051358324249e-07  -4.096915266699e-07
   2.985538876114e-07  -4.078153841635e-07
   2.918849585884e-07  -4.059188594719e-07
   2.852240963267e-07  -4.039319939507e-07
   2.787238014140e-07  -4.017498277054e-07
   2.722982625820e-07  -3.994372498359e-07
   2.658238114319e-07  -3.970801678932e-07
   2.594107803717e-07  -3.946046070691e-07
   2.531828860538e-07  -3.919331863182e-07
   2.470285367271e-07  -3.891433652417e-07
   2.408347166773e-07  -3.863083172283e-07
   2.347132387377e-07  -3.833584346028e-07
   2.287593877013e-07  -3.802389749476e-07
   2.228462511621e-07  -3.770304597863e-07
   2.168730745927e-07  -3.737927520313e-07
   2.109553785366e-07  -3.704581730627e-07
   2.051732933647e-07  -3.669837288329e-07
   1.993980209266e-07  -3.634443260540e-07
   1.935507853886e-07  -3.598825071205e-07
   1.877609119462e-07  -3.562276753976e-07
   1.821000004171e-07  -3.524445343232e-07
   1.764423846130e-07  -3.486005796394e-07
   1.707385921383e-07  -3.447202039237e-07
   1.651312994576e-07  -3.407324926361e-07
   1.596745814329e-07  -3.366145668461e-07
   1.542426882526e-07  -3.324291381945e-07
   1.488124200875e-07  -3.281871381446e-07
   1.435251804583e-07  -3.238255516268e-07
   1.384057823642e-07  -3.193375929496e-07
   1.333259495350e-07  -3.147821735889e-07
   1.282782149454e-07  -3.101631194085e-07
   1.233890157338e-07  -3.054298539092e-07
   1.186550917041e-07  -3.005877739159e-07
   1.139491474901e-07  -2.956898499854e-07
   1.092730807582e-07  -2.907356777072e-07
   1.047390377246e-07  -2.856844815287e-07
   1.003283367108e-07  -2.805463646280e-07
   9.592304954050e-08  -2.753652752273e-07
   9.153837600289e-08  -2.701356352826e-07
   8.728112451672e-08  -2.648221956659e-07
   8.312723771637e-08  -2.594355738007e-07
   7.897520737658e-08  -2.540095534516e-07
   7.485910388886e-08  -2.485331751314e-07
   7.088175357932e-08  -2.429766760457e-07
   6.701239318581e-08  -2.373518840958e-07
   6.316672485043e-08  -2.316840296246e-07
   5.939441869491e-08  -2.259598278358e-07
   5.578460471805e-08  -2.201578882210e-07
   5.229426133037e-08  -2.142924130272e-07
   4.885294989875e-08  -2.083823708453e-07
   4.551500402948e-08  -2.024159560236e-07
   4.234720277499e-08  -1.963807231683e-07
   3.929548027401e-08  -1.902916083898e-07
   3.630042539217e-08  -1.841625756950e-07
   3.341303620816e-08  -1.779846169462e-07
   3.068023341527e-08  -1.717513330419e-07
   2.804549748462e-08  -1.654755501413e-07
   2.546155626467e-08  -1.591665153068e-07
   2.297683973621e-08  -1.528172528751e-07
   2.062715415518e-08  -1.464243870331e-07
   1.836197122517e-08  -1.399972318513e-07
   1.614935531682e-08  -1.335408608047e-07
   1.403806309889e-08  -1.270500540462e-07
   1.205651400044e-08  -1.205236068688e-07
   1.016235418456e-08  -1.139678310753e-07
   8.338665388231e-09  -1.073851871727e-07
   6.631342494900e-09  -1.007731300987e-07
   5.058046499699e-09  -9.413276286734e-08
   3.582771393331e-09  -8.746828392921e-08
   2.198790656477e-09  -8.078122819041e-08
   9.418774493989e-10  -7.407212142742e-08
  -1.831709139431e-10  -6.734349497897e-08
  -1.205910547722e-09  -6.059763384815e-08
  -2.128011856781e-09  -5.383588506533e-08
  -2.927218213324e-09  -4.706081477237e-08
  -3.606975008089e-09  -4.027488099431e-08
  -4.186992783450e-09  -3.347855769994e-08
  -4.665544892986e-09  -2.667311095889e-08
  -5.031491173148e-09  -1.986195031189e-08
  -5.289388055322e-09  -1.304685151714e-08
  -5.445696569721e-09  -6.227249874538e-09
  -5.495539811766e-09   5.952837816075e-10
  -5.436934189590e-09   7.416920544131e-09
  -5.272223135672e-09   1.423625519505e-08
  -4.994867950522e-09   2.105369460069e-08
  -4.600593262063e-09   2.786687383451e-08
  -4.098868011412e-09   3.467197339670e-08
  -3.489834221984e-09   4.146775013506e-08
  -2.757257381829e-09   4.825364068508e-08
  -1.903977643117e-09   5.502685491481e-08
  -9.527521935276e-10   6.178476311333e-08
   1.004860123893e-10   6.852632910187e-08
   1.279229476597e-09   7.524976244258e-08
   2.570186687400e-09   8.195300501531e-08
   3.941069290099e-09   8.863563593293e-08
   5.405370637553e-09   9.529622293778e-08
   6.994409858085e-09   1.019313497171e-07
   8.686433510442e-09   1.085403715702e-07
   1.044571511557e-08   1.151249024458e-07
   1.229933210126e-08   1.216816700223e-07
   1.428736404891e-08   1.282047771791e-07
   1.638078306558e-08   1.346950839044e-07
   1.854195985137e-08   1.411557553188e-07
   2.081120630985e-08   1.475804034091e-07
   2.323357468270e-08   1.539603376398e-07
   2.576740704623e-08   1.602990220491e-07
   2.837058493897e-08   1.666016174197e-07
   3.109417581196e-08   1.728581161610e-07
   3.397997752967e-08   1.790582807559e-07
   3.696653780568e-08   1.852108103154e-07
   4.000885947945e-08   1.913233414004e-07
   4.316921250460e-08   1.973817440050e-07
   4.647996723215e-08   2.033762956009e-07
   4.986058078436e-08   2.093228813553e-07
   5.327231754149e-08   2.152301082286e-07
   5.679212352935e-08   2.210782672456e-07
   6.044394473886e-08   2.268588439960e-07
   6.413714978870e-08   2.325939932273e-07
   6.784805628371e-08   2.382901368865e-07
   7.167070377275e-08   2.439199074912e-07
   7.562498349232e-08   2.494749506297e-07
   7.961610890222e-08   2.549819572508e-07
   8.363564735738e-08   2.604433026246e-07
   8.779203770746e-08   2.658230353490e-07
   9.209856318520e-08   2.711135180416e-07
   9.645148915655e-08   2.763473934400e-07
   1.008518388432e-07   2.815236070501e-07
   1.054148774484e-07   2.865990346743e-07
   1.101357967999e-07   2.915714214003e-07
   1.148946421862e-07   2.964832246998e-07
   1.197014007154e-07   3.013299438740e-07
   1.246718922622e-07   3.060635600914e-07
   1.297739624740e-07   3.106931144001e-07
   1.348756272947e-07   3.152715946127e-07
   1.400048789613e-07   3.197872544606e-07
   1.452772349264e-07   3.241879607569e-07
   1.506365447685e-07   3.284954883625e-07
   1.559538874354e-07   3.327679942430e-07
   1.612843223055e-07   3.369807391594e-07
   1.667462602670e-07   3.410757477123e-07
   1.722709871934e-07   3.450835649064e-07
   1.777427489908e-07   3.490614643956e-07
   1.832430517604e-07   3.529689037512e-07
   1.888938540149e-07   3.567406118631e-07
   1.946172964997e-07   3.604141069904e-07
   2.003062618902e-07   3.640461768530e-07
   2.060595372077e-07   3.675825708800e-07
   2.119942005458e-07   3.709544303048e-07
   2.180126985236e-07   3.742127020307e-07
   2.240073534850e-07   3.774185254674e-07
   2.300870375680e-07   3.805068184231e-07
   2.363511095836e-07   3.834134218744e-07
   2.426721314568e-07   3.862118433512e-07
   2.489455118817e-07   3.889668748953e-07
   2.552925963923e-07   3.916009134820e-07
   2.617888700860e-07   3.940609585422e-07
   2.682828839278e-07   3.964437149162e-07
   2.746898847844e-07   3.988073366858e-07
   2.811499153488e-07   4.010564629304e-07
   2.877198103435e-07   4.031481718179e-07
   2.942417967043e-07   4.051924399124e-07
   3.006626755783e-07   4.072298316558e-07
   3.071421010092e-07   4.091436709535e-07
   3.137267325808e-07   4.108955573768e-07
   3.202618285254e-07   4.126009363544e-07
   3.267207679090e-07   4.142819853783e-07
   3.332752188088e-07   4.158032729957e-07
   3.399591202396e-07   4.171326493097e-07
   3.466127336798e-07   4.183963828727e-07
   3.532231467482e-07   4.196056384099e-07
   3.599620667219e-07   4.206142959018e-07
   3.668366873084e-07   4.214096277948e-07
   3.736718558670e-07   4.221395728512e-07
   3.804660612381e-07   4.228060000165e-07
   3.873841533610e-07   4.232586189571e-07
   3.943971992903e-07   4.235172434411e-07
   4.013210692418e-07   4.237502244451e-07
   4.081777570310e-07   4.239390504596e-07
   4.151261507149e-07   4.239297602722e-07
   4.221081095038e-07   4.237739984798e-07
   4.289505500416e-07   4.236435140399e-07
   4.357094223236e-07   4.234857827816e-07
   4.425416502287e-07   4.231389661240e-07
   4.493756254559e-07   4.226734312583e-07
   4.560611097339e-07   4.222492719416e-07
   4.626840040916e-07   4.217777054187e-07
   4.693991292652e-07   4.210872504431e-07
   4.761268413470e-07   4.202608981581e-07
   4.827326916936e-07   4.194502657208e-07
   4.893184797650e-07   4.185404723207e-07
   4.960276070168e-07   4.173596914146e-07
   5.027619587870e-07   4.160164893295e-07
   5.093906935214e-07   4.146670806460e-07
   5.160218935302e-07   4.131797796178e-07
   5.227754340077e-07   4.113989294221e-07
   5.295251873748e-07   4.094760374044e-07
   5.361468756634e-07   4.075710521314e-07
   5.427577887754e-07   4.055318011661e-07
   5.494502647800e-07   4.032292199667e-07
   5.560776205288e-07   4.008564728879e-07
   5.625392489499e-07   3.985558251952e-07
   5.689682608245e-07   3.961437544025e-07
   5.754359431035e-07   3.935138157582e-07
   5.817937161228e-07   3.908791543765e-07
   5.879753502389e-07   3.883435935786e-07
   5.941289743216e-07   3.856876899600e-07
   6.003133399572e-07   3.828163993024e-07
   6.063875972216e-07   3.799464434221e-07
   6.123128856012e-07   3.771444973385e-07
   6.182429581006e-07   3.741634524534e-07
   6.242226911870e-07   3.709214738697e-07
   6.301119841042e-07   3.676476754427e-07
   6.358851202441e-07   3.643886887190e-07
   6.416898889914e-07   3.608860506612e-07
   6.475468583506e-07   3.570919750638e-07
   6.533077398820e-07   3.532670558046e-07
   6.589564308598e-07   3.494436172001e-07
   6.646297954389e-07   3.453621663131e-07
   6.703185596129e-07   3.410286497420e-07
   6.758720879323e-07   3.367332715429e-07
   6.812936151562e-07   3.324758670082e-07
   6.867111406856e-07   3.279948084287e-07
   6.920930099945e-07   3.233469619999e-07
   6.973026813140e-07   3.188238349893e-07
   7.023701136210e-07   3.143706437469e-07
   7.074173143208e-07   3.097170533306e-07
   7.124033384110e-07   3.049487588357e-07
   7.172142872122e-07   3.003336777754e-07
   7.219012446808e-07   2.957610602957e-07
   7.265789798259e-07   2.909506457373e-07
   7.312020842456e-07   2.860051952491e-07
   7.356729934672e-07   2.811738705390e-07
   7.400511021458e-07   2.763092064812e-07
   7.444373322600e-07   2.711351612318e-07
   7.487760026186e-07   2.657883604181e-07
   7.529765354290e-07   2.605206648556e-07
   7.570987289948e-07   2.551646178748e-07
   7.612231957722e-07   2.494707570351e-07
   7.652798780413e-07   2.436336087035e-07
   7.691869334003e-07   2.379090277374e-07
   7.730064322226e-07   2.321044400644e-07
   7.767986231837e-07   2.260093183694e-07
   7.804860231583e-07   2.198742740613e-07
   7.840058303257e-07   2.139297380494e-07
   7.874259604190e-07   2.079416760244e-07
   7.907916266596e-07   2.017322782644e-07
   7.940298631716e-07   1.955778634628e-07
   7.971012479859e-07   1.896542263807e-07
   8.000768950047e-07   1.836806737099e-07
   8.029917271908e-07   1.774972006584e-07
   8.057821704595e-07   1.713814617014e-07
   8.084254335518e-07   1.654567973689e-07
   8.109884742623e-07   1.594096396422e-07
   8.134955689344e-07   1.530986993841e-07
   8.158889636526e-07   1.468121975933e-07
   8.181534013281e-07   1.406461168550e-07
   8.203453678716e-07   1.342769897815e-07
   8.224757177340e-07   1.276063243694e-07
   8.244899479082e-07   1.209575341766e-07
   8.263781774310e-07   1.144100441674e-07
   8.281852037406e-07   1.076428613408e-07
   8.299099574194e-07   1.006229082863e-07
   8.315060342982e-07   9.370840357114e-08
   8.329722683528e-07   8.694078248392e-08
   8.343436547495e-07   7.999811550322e-08
   8.356136224642e-07   7.290901236799e-08
   8.367504751665e-07   6.603270605752e-08
   8.377615635172e-07   5.934493027879e-08
   8.386724926258e-07   5.251493271570e-08
   8.394765293868e-07   4.560655645543e-08
   8.401567598955e-07   3.894863561842e-08
   8.407228608359e-07   3.245012612017e-08
   8.411891411022e-07   2.577175864383e-08
   8.415495488670e-07   1.899661029480e-08
   8.417974232809e-07   1.242707359526e-08
   8.419385860862e-07   5.930439832323e-09
   8.419744976773e-07  -8.244833547117e-10
   8.419000409137e-07  -7.719315050237e-09
   8.417169879112e-07  -1.445245025695e-08
   8.414253514046e-07  -2.117619986858e-08
   8.410152880477e-07  -2.819023016320e-08
   8.404869629933e-07  -3.531517117660e-08
   8.398528162615e-07  -4.224554427902e-08
   8.391071630769e-07  -4.915824492731e-08
   8.382330180115e-07  -5.631017277020e-08
   8.372421255223e-07  -6.346206802271e-08
   8.361576989802e-07  -7.033504898292e-08
   8.349660490139e-07  -7.714966395155e-08
   8.336460043615e-07  -8.412712432636e-08
   8.322222766992e-07  -9.100029918618e-08
   8.307229679204e-07  -9.754916476382e-08
   8.291217804647e-07  -1.040431635016e-07
   8.273928560546e-07  -1.106825812790e-07
   8.255701007600e-07  -1.172001013105e-07
   8.236804056149e-07  -1.234331333997e-07
   8.216824931316e-07  -1.296832726681e-07
   8.195456835906e-07  -1.361298369985e-07
   8.173123440961e-07  -1.424988139403e-07
   8.150079844620e-07  -1.486576643359e-07
   8.125783480973e-07  -1.549148322363e-07
   8.099931373981e-07  -1.614069761382e-07
   8.073090066171e-07  -1.678290507246e-07
   8.045522602810e-07  -1.740643484931e-07
   8.016586890852e-07  -1.804161381661e-07
   7.986071370779e-07  -1.869582387019e-07
   7.954736593513e-07  -1.933529260525e-07
   7.922818265938e-07  -1.995185990277e-07
   7.889576912493e-07  -2.057585769905e-07
   7.854942648995e-07  -2.120876315837e-07
   7.819827131853e-07  -2.181665610384e-07
   7.784342496590e-07  -2.239761697260e-07
   7.747627246361e-07  -2.298274909191e-07
   7.709720184655e-07  -2.357006543395e-07
   7.671578592670e-07  -2.412859846714e-07
   7.633124314380e-07  -2.466278296633e-07
   7.593359460081e-07  -2.520427855354e-07
   7.552383857332e-07  -2.574925844124e-07
   7.511161826850e-07  -2.626955330803e-07
   7.469450167010e-07  -2.677344499949e-07
   7.426155403491e-07  -2.729156129420e-07
   7.381483392477e-07  -2.781707711428e-07
   7.336470082313e-07  -2.832228045371e-07
   7.290768033284e-07  -2.881704298914e-07
   7.243273896178e-07  -2.932900645058e-07
   7.194417503596e-07  -2.984624300115e-07
   7.145353135341e-07  -3.034082766298e-07
   7.095619112162e-07  -3.082455313026e-07
   7.044168796539e-07  -3.132132477861e-07
   6.991716686988e-07  -3.181417323743e-07
   6.939451895009e-07  -3.227740861987e-07
   6.886713086583e-07  -3.272647079035e-07
   6.832514215158e-07  -3.318219249556e-07
   6.777776684545e-07  -3.362520300303e-07
   6.723568471833e-07  -3.403482087346e-07
   6.668965990134e-07  -3.443055614376e-07
   6.612999723692e-07  -3.483128240582e-07
   6.556674884494e-07  -3.521764373126e-07
   6.500876985394e-07  -3.557393305495e-07
   6.444453539886e-07  -3.592214796735e-07
   6.386450059123e-07  -3.627920989410e-07
   6.327953942673e-07  -3.662550207166e-07
   6.269747706526e-07  -3.694799137526e-07
   6.210550702933e-07  -3.726895497522e-07
   6.149524696549e-07  -3.760184988965e-07
   6.087957531148e-07  -3.792498796106e-07
   6.026603248621e-07  -3.822664385143e-07
   5.964116319024e-07  -3.852843481470e-07
   5.899901484170e-07  -3.883902884716e-07
   5.835507665045e-07  -3.913445360309e-07
   5.771585946102e-07  -3.940560205759e-07
   5.706704762999e-07  -3.967397435584e-07
   5.640545952597e-07  -3.994382628353e-07
   5.574806509513e-07  -4.019114351519e-07
   5.509870917059e-07  -4.041147699743e-07
   5.444175020741e-07  -4.062679495498e-07
   5.377589337191e-07  -4.083868934422e-07
   5.311777527997e-07  -4.102542338928e-07
   5.246788672602e-07  -4.118725982813e-07
   5.180927375923e-07  -4.134630764616e-07
   5.114165265234e-07  -4.150270820115e-07
   5.048087712594e-07  -4.163701962947e-07
   4.982500292904e-07  -4.175227580669e-07
   4.915660199370e-07  -4.186951013404e-07
   4.847694415985e-07  -4.198681730668e-07
   4.780221311126e-07  -4.208545229251e-07
   4.712927166867e-07  -4.216946490793e-07
   4.644141065034e-07  -4.225757473098e-07
   4.574288044873e-07  -4.234461406057e-07
   4.505088981693e-07  -4.241196637574e-07
   4.436103354706e-07  -4.246482356987e-07
   4.365794822489e-07  -4.251930033587e-07
   4.294937818690e-07  -4.256709864857e-07
   4.225239727007e-07  -4.259121219358e-07
   4.156015531664e-07  -4.259911054177e-07
   4.085846040185e-07  -4.260482483326e-07
   4.015735443287e-07  -4.259860098244e-07
   3.947180557396e-07  -4.256676422428e-07
   3.879186830204e-07  -4.251926202424e-07
   3.810398767876e-07  -4.246865381606e-07
   3.741889365718e-07  -4.240525284416e-07
   3.674884702605e-07  -4.231866977287e-07
   3.608153888070e-07  -4.222017793388e-07
   3.540408558442e-07  -4.212083362843e-07
   3.472778531068e-07  -4.201098037766e-07
   3.406333783430e-07  -4.188206863743e-07
   3.339750542114e-07  -4.174525948271e-07
   3.271912020832e-07  -4.160937025275e-07
   3.204126597573e-07  -4.146386438242e-07
   3.137410500878e-07  -4.130112634395e-07
   3.070421308759e-07  -4.113167426919e-07
   3.002325226690e-07  -4.096158138009e-07
   2.934663622091e-07  -4.077937520809e-07
   2.868327019311e-07  -4.057899464122e-07
   2.801918648142e-07  -4.037069822533e-07
   2.734898278088e-07  -4.015818492669e-07
   2.668916044307e-07  -3.993023296051e-07
   2.604571851340e-07  -3.968333554975e-07
   2.540364922349e-07  -3.942779090198e-07
   2.475952434453e-07  -3.916584310950e-07
   2.412909182349e-07  -3.888767225481e-07
   2.351490313078e-07  -3.859222264717e-07
   2.290111719411e-07  -3.828953396373e-07
   2.228541766356e-07  -3.798099075518e-07
   2.168234363315e-07  -3.765816688381e-07
   2.109211956235e-07  -3.732135613078e-07
   2.049903930318e-07  -3.697968178839e-07
   1.990227139075e-07  -3.663350018258e-07
   1.931615824082e-07  -3.627504624827e-07
   1.873995048933e-07  -3.590504500306e-07
   1.815912535509e-07  -3.553122342184e-07
   1.757536482369e-07  -3.515256970950e-07
   1.700343274003e-07  -3.476174032849e-07
   1.644163092396e-07  -3.435990320467e-07
   1.587695487829e-07  -3.395343465513e-07
   1.531379880602e-07  -3.354019543572e-07
   1.476638113612e-07  -3.311385325368e-07
   1.423108427688e-07  -3.267644248871e-07
   1.369613300214e-07  -3.223330297521e-07
   1.316754866466e-07  -3.178189922736e-07
   1.265745452263e-07  -3.131748004970e-07
   1.215991795219e-07  -3.084289559117e-07
   1.166404079909e-07  -3.036265659049e-07
   1.117619103740e-07  -2.987437280028e-07
   1.070602673587e-07  -2.937470627699e-07
   1.024612505156e-07  -2.886674762497e-07
   9.786598510241e-08  -2.835414713601e-07
   9.333995765889e-08  -2.783465386757e-07
   8.896468654022e-08  -2.730574637180e-07
   8.466363664903e-08  -2.677021005386e-07
   8.035473585844e-08  -2.623070228374e-07
   7.611210682407e-08  -2.568492085652e-07
   7.201014144862e-08  -2.513084530334e-07
   6.797551985947e-08  -2.457083192706e-07
   6.394778355591e-08  -2.400659952881e-07
   6.001112993986e-08  -2.343590823687e-07
   5.622851292230e-08  -2.285738111044e-07
   5.252689124827e-08  -2.227310042574e-07
   4.886531978386e-08  -2.168412349274e-07
   4.532890151901e-08  -2.108862277135e-07
   4.195992632031e-08  -2.048599682523e-07
   3.868312325869e-08  -1.987810068919e-07
   3.547046253601e-08  -1.926560782837e-07
   3.239720754554e-08  -1.864727688569e-07
   2.948416160946e-08  -1.802306643798e-07
   2.665732468107e-08  -1.739447107138e-07
   2.389719581158e-08  -1.676189916978e-07
   2.126739060764e-08  -1.612457540514e-07
   1.877603397312e-08  -1.548266696284e-07
   1.635753639956e-08  -1.483718980066e-07
   1.400217296772e-08  -1.418831505938e-07
   1.176674054569e-08  -1.353558144392e-07
   9.654942956685e-09  -1.287919000448e-07
   7.614423739967e-09  -1.221971152364e-07
   5.646999997453e-09  -1.155717897352e-07
   3.803770755755e-09  -1.089144765531e-07
   2.084480425390e-09  -1.022275989033e-07
   4.494626251149e-10  -9.551379774414e-08
  -1.091345812516e-09  -8.877372130093e-08
  -2.497973563145e-09  -8.200942379878e-08
  -3.777457544943e-09  -7.522356153298e-08
  -4.959252120439e-09  -6.841676345231e-08
  -6.032017514562e-09  -6.159089475302e-08
  -6.971484588508e-09  -5.475043675061e-08
  -7.789630196116e-09  -4.789719412239e-08
  -8.506067633464e-09  -4.103017978367e-08
  -9.112085776265e-09  -3.415212682844e-08
  -9.597087057686e-09  -2.726822739930e-08
  -9.971421265841e-09  -2.037881515239e-08
  -1.024295165197e-08  -1.348182797328e-08
  -1.040550603598e-08  -6.580514542904e-09
  -1.045746801270e-08   3.199652714383e-10
  -1.040229146262e-08   7.220188349405e-09
  -1.023538747355e-08   1.412212901538e-08
  -9.954210433161e-09   2.102173874237e-08
  -9.565259234941e-09   2.791394863328e-08
  -9.064334661014e-09   3.479938628681e-08
  -8.437733638786e-09   4.167881001441e-08
  -7.691869379928e-09   4.854749461954e-08
  -6.843029137297e-09   5.540116086305e-08
  -5.879695063774e-09   6.224016151086e-08
  -4.784083887672e-09   6.906378226362e-08
  -3.576341848329e-09   7.586795684738e-08
  -2.280353913650e-09   8.265035784501e-08
  -8.747882563553e-10   8.941073781839e-08
   6.600721508284e-10   9.614721145865e-08
   2.291529637163e-09   1.028578170876e-07
   3.994706674340e-09   1.095422869967e-07
   5.804797614547e-09   1.161985992111e-07
   7.744851589811e-09   1.228235185970e-07
   9.773642764411e-09   1.294174983034e-07
   1.186983542059e-08   1.359812811548e-07
   1.408389956503e-08   1.425094294912e-07
   1.644158941498e-08   1.489968697313e-07
   1.889206686621e-08   1.554466815689e-07
   2.141640639312e-08   1.618599803407e-07
   2.407733101529e-08   1.682269731281e-07
   2.689618655980e-08   1.745415095701e-07
   2.980615162604e-08   1.808110395292e-07
   3.278947553797e-08   1.870372578762e-07
   3.591744273195e-08   1.932060204209e-07
   3.919798792686e-08   1.993125931755e-07
   4.254620731229e-08   2.053711174111e-07
   4.595109376753e-08   2.113831968372e-07
   4.949214166876e-08   2.173302268132e-07
   5.316153707695e-08   2.232110767290e-07
   5.686410121591e-08   2.290466123416e-07
   6.060485078224e-08   2.348356322621e-07
   6.447401165683e-08   2.405538304507e-07
   6.845367390556e-08   2.462033470146e-07
   7.244814102498e-08   2.518093950349e-07
   7.648237050433e-08   2.573649856013e-07
   8.065840353435e-08   2.628384686337e-07
   8.495178734989e-08   2.682342644776e-07
   8.926662326361e-08   2.735810237902e-07
   9.364342840284e-08   2.788652371886e-07
   9.819071951033e-08   2.840483082859e-07
   1.028701393173e-07   2.891395469105e-07
   1.075780874816e-07   2.941735855935e-07
   1.123652635765e-07   2.991311871888e-07
   1.173369742911e-07   3.039699797916e-07
   1.224293192643e-07   3.087102419642e-07
   1.275298753126e-07   3.133945925179e-07
   1.327021999437e-07   3.179968470596e-07
   1.380422034813e-07   3.224742814198e-07
   1.434588522669e-07   3.268620278863e-07
   1.488430788542e-07   3.312071769255e-07
   1.542794186486e-07   3.354723301784e-07
   1.598560262087e-07   3.396147668426e-07
   1.654662705525e-07   3.436817003075e-07
   1.710184282344e-07   3.477175246287e-07
   1.766217963244e-07   3.516694344040e-07
   1.823622101138e-07   3.554920310528e-07
   1.881278103512e-07   3.592397156176e-07
   1.938453602065e-07   3.629509739110e-07
   1.996437107829e-07   3.665572526766e-07
   2.056047216697e-07   3.700105878269e-07
   2.116069902283e-07   3.733745005048e-07
   2.175858418450e-07   3.766850179967e-07
   2.236795825100e-07   3.798614724629e-07
   2.299537804167e-07   3.828605776462e-07
   2.362653351913e-07   3.857635785612e-07
   2.425538939387e-07   3.886067193823e-07
   2.489620958080e-07   3.912999297608e-07
   2.555275594500e-07   3.938142706107e-07
   2.620846730650e-07   3.962531450762e-07
   2.685885701678e-07   3.986468119449e-07
   2.751888152527e-07   4.008942729790e-07
   2.818958867715e-07   4.029841372016e-07
   2.885374721447e-07   4.050345680472e-07
   2.950989597725e-07   4.070581846867e-07
   3.017408997653e-07   4.089390484477e-07
   3.084581607506e-07   4.106772940677e-07
   3.150872921376e-07   4.123942000362e-07
   3.216455991210e-07   4.140790444479e-07
   3.283034951313e-07   4.155992288957e-07
   3.350465979385e-07   4.169615611553e-07
   3.417188763652e-07   4.182891986854e-07
   3.483577749070e-07   4.195529818239e-07
   3.551341624220e-07   4.206090748781e-07
   3.620151579072e-07   4.214788695287e-07
   3.688396600756e-07   4.222973809479e-07
   3.756551031774e-07   4.230237396770e-07
   3.826210390719e-07   4.235129812802e-07
   3.896725059513e-07   4.238164569244e-07
   3.966413328986e-07   4.240858603211e-07
   4.035891115767e-07   4.242649588167e-07
   4.106593053892e-07   4.242142794420e-07
   4.177551534473e-07   4.240211762781e-07
   4.247175490376e-07   4.238418680973e-07
   4.316334391524e-07   4.235925795600e-07
   4.386339169225e-07   4.231378208590e-07
   4.456062139201e-07   4.225898695716e-07
   4.524173132121e-07   4.220905818924e-07
   4.591821902587e-07   4.215209326382e-07
   4.660254366117e-07   4.207431085002e-07
   4.728315178930e-07   4.198804610711e-07
   4.794930523744e-07   4.190553795622e-07
   4.861433379570e-07   4.181182604397e-07
   4.928982229019e-07   4.169301701757e-07
   4.996353617658e-07   4.156291717526e-07
   5.062593588161e-07   4.143298560690e-07
   5.129084705949e-07   4.128641834608e-07
   5.196778470986e-07   4.111071062557e-07
   5.264258596422e-07   4.092293490384e-07
   5.330628902819e-07   4.073458035208e-07
   5.397274190599e-07   4.052756795179e-07
   5.464844324667e-07   4.029248055896e-07
   5.531728530373e-07   4.005043151808e-07
   5.597202230835e-07   3.981164754092e-07
   5.662696885476e-07   3.955622248461e-07
   5.728588499663e-07   3.927815660817e-07
   5.793236172237e-07   3.900096757699e-07
   5.856232302795e-07   3.873127930112e-07
   5.919091206774e-07   3.844657552494e-07
   5.982029847574e-07   3.814300362491e-07
   6.043530990645e-07   3.784412777109e-07
   6.103501431114e-07   3.755209945438e-07
   6.163503499532e-07   3.724179254007e-07
   6.223657027776e-07   3.691052816326e-07
   6.282555934495e-07   3.658163850761e-07
   6.340286114903e-07   3.625411551886e-07
   6.398358614393e-07   3.590146143981e-07
   6.456728498285e-07   3.552339446407e-07
   6.513988477651e-07   3.514485932349e-07
   6.570296627333e-07   3.476321932444e-07
   6.627021153052e-07   3.435227468823e-07
   6.683859177290e-07   3.391653770928e-07
   6.739383933367e-07   3.348353125384e-07
   6.793859303964e-07   3.304841718741e-07
   6.848494520183e-07   3.258605192870e-07
   6.902750972797e-07   3.210657468667e-07
   6.955313903717e-07   3.163813720356e-07
   7.006643642989e-07   3.117156430192e-07
   7.057828865209e-07   3.068234461603e-07
   7.108226831557e-07   3.018440581051e-07
   7.156762478879e-07   2.970344100657e-07
   7.204094799879e-07   2.922479109117e-07
   7.251224257094e-07   2.872373763130e-07
   7.297505057168e-07   2.821571086405e-07
   7.342085842461e-07   2.772312465758e-07
   7.385724101522e-07   2.722692662137e-07
   7.429307947745e-07   2.670249545922e-07
   7.472168429127e-07   2.616708424027e-07
   7.513569853246e-07   2.564174939947e-07
   7.554259241654e-07   2.510519168379e-07
   7.594944379812e-07   2.453494452279e-07
   7.634867237639e-07   2.395259074266e-07
   7.673361399711e-07   2.337931275314e-07
   7.711135007933e-07   2.279238699752e-07
   7.748683714453e-07   2.217359784071e-07
   7.785180675659e-07   2.155001938287e-07
   7.820098577742e-07   2.094128670465e-07
   7.854140677402e-07   2.032219634955e-07
   7.887631086961e-07   1.967904996697e-07
   7.919783677073e-07   1.904223254669e-07
   7.950282964116e-07   1.842652808832e-07
   7.979836378208e-07   1.780310166545e-07
   8.008664416559e-07   1.716112229766e-07
   8.036101751212e-07   1.653098832586e-07
   8.062014231977e-07   1.592142816748e-07
   8.087068696617e-07   1.530027196950e-07
   8.111409982770e-07   1.465828042833e-07
   8.134478525288e-07   1.402525689813e-07
   8.156227126576e-07   1.340580722141e-07
   8.177219675699e-07   1.276631407436e-07
   8.197505099032e-07   1.210048482865e-07
   8.216583578605e-07   1.143984440006e-07
   8.234437072078e-07   1.078716697280e-07
   8.251495142578e-07   1.010943846759e-07
   8.267705538568e-07   9.406068905506e-08
   8.282641703199e-07   8.711742900595e-08
   8.296327659689e-07   8.026830752563e-08
   8.309072003830e-07   7.319506570298e-08
   8.320772190281e-07   6.595832739152e-08
   8.331136912341e-07   5.891491952475e-08
   8.340248557622e-07   5.201706417256e-08
   8.348315349605e-07   4.495147947108e-08
   8.355248700273e-07   3.782429230588e-08
   8.360913441441e-07   3.096477351281e-08
   8.365410221442e-07   2.425934569300e-08
   8.368843603039e-07   1.739194589296e-08
   8.371159055096e-07   1.048692673566e-08
   8.372335076654e-07   3.834276613785e-09
   8.372426918701e-07  -2.730266449622e-09
   8.371420258359e-07  -9.519996730886e-09
   8.369288215485e-07  -1.639146380738e-08
   8.366085649230e-07  -2.307212755506e-08
   8.361790999278e-07  -2.974939858818e-08
   8.356277667511e-07  -3.671185035570e-08
   8.349571718555e-07  -4.377081679434e-08
   8.341813750439e-07  -5.065180887797e-08
   8.332907478313e-07  -5.755560855062e-08
   8.322655163586e-07  -6.472637958964e-08
   8.311198451495e-07  -7.191674444318e-08
   8.298776959140e-07  -7.886591929796e-08
   8.285212819638e-07  -8.580192322542e-08
   8.270282452190e-07  -9.292346929305e-08
   8.254277450837e-07  -9.994593834267e-08
   8.237492965750e-07  -1.066579146561e-07
   8.219632429516e-07  -1.133281289636e-07
   8.200453809802e-07  -1.201256996912e-07
   8.180363581621e-07  -1.267638051289e-07
   8.159638043509e-07  -1.330945103347e-07
   8.137826952650e-07  -1.394216445704e-07
   8.114653204796e-07  -1.458966666119e-07
   8.090599814739e-07  -1.522397235107e-07
   8.065899065933e-07  -1.583460574896e-07
   8.039954725002e-07  -1.645324628409e-07
