   0.000000000000e+00   0.000000000000e+00
   1.154487945843e-10   6.733207989209e-09
   4.698927103638e-10   1.345807607546e-08
   1.057771573610e-09   2.016639674952e-08
   1.871979215446e-09   2.685042925341e-08
   2.937016230641e-09   3.350012190893e-08
   4.234443122314e-09   4.010814490409e-08
   5.747860781642e-09   4.666815130600e-08
   7.521068248977e-09   5.316637129934e-08
   9.528070999601e-09   5.959688272050e-08
   1.173554722830e-08   6.595683052630e-08
   1.420514338086e-08   7.222700186199e-08
   1.690909402464e-08   7.840267916593e-08
   1.979200443491e-08   8.448750870377e-08
   2.293015548518e-08   9.045576534454e-08
   2.630016079133e-08   9.630284443037e-08
   2.982205813268e-08   1.020422305136e-07
   3.358250967989e-08   1.076414123268e-07
   3.756940992816e-08   1.130935585079e-07
   4.167803894946e-08   1.184250840235e-07
   4.600003073503e-08   1.235974269609e-07
   5.054236768945e-08   1.285975317371e-07
   5.517740352519e-08   1.334670554764e-07
   5.999452699765e-08   1.381636212344e-07
   6.502772657518e-08   1.426622727497e-07
   7.013041368715e-08   1.470208598858e-07
   7.538037194469e-08   1.511975455601e-07
   8.084474715185e-08   1.551489146705e-07
   8.636440845109e-08   1.589480059408e-07
   9.199483696888e-08   1.625602467632e-07
   9.783847221629e-08   1.659179469745e-07
   1.037321135994e-07   1.691060988810e-07
   1.096990336029e-07   1.721058609977e-07
   1.158738754558e-07   1.748219459359e-07
   1.220986277503e-07   1.773462144803e-07
   1.283578380558e-07   1.796842499730e-07
   1.348108958153e-07   1.817131691628e-07
   1.413133724768e-07   1.835256725315e-07
   1.478095150720e-07   1.851590183924e-07
   1.544740441827e-07   1.864655428598e-07
   1.611826494486e-07   1.875325790027e-07
   1.678422807708e-07   1.884339390910e-07
   1.746339340024e-07   1.890016058911e-07
   1.814583088223e-07   1.893110833427e-07
   1.881909313415e-07   1.894752767002e-07
   1.950113418156e-07   1.893110298395e-07
   2.018494387107e-07   1.888743401999e-07
   2.085562492641e-07   1.883178973357e-07
   2.153029709136e-07   1.874496539690e-07
   2.220527366479e-07   1.862962255906e-07
   2.286390464827e-07   1.850491858203e-07
   2.352176312841e-07   1.835161125643e-07
   2.417881546394e-07   1.816823533399e-07
   2.481736763459e-07   1.797753657933e-07
   2.545065807610e-07   1.776144560084e-07
   2.608240319245e-07   1.751318436620e-07
   2.669464498297e-07   1.725846203409e-07
   2.729750382919e-07   1.698196023783e-07
   2.789813909614e-07   1.667075724572e-07
   2.847919014694e-07   1.635250120993e-07
   2.904708516192e-07   1.601636517397e-07
   2.961165757288e-07   1.564314254317e-07
   3.015699178487e-07   1.526107626325e-07
   3.068568611220e-07   1.486534759447e-07
   3.120915503620e-07   1.443110725758e-07
   3.171361029276e-07   1.398575647183e-07
   3.219821804208e-07   1.353140877870e-07
   3.267482822978e-07   1.303877482488e-07
   3.313218899201e-07   1.253311920468e-07
   3.356686069772e-07   1.202368986080e-07
   3.399017163997e-07   1.147814869802e-07
   3.439353722016e-07   1.091854715052e-07
   3.477192860109e-07   1.036089761157e-07
   3.513548012984e-07   9.771121367972e-08
   3.547819165131e-07   9.167077812064e-08
   3.579442441322e-07   8.570875189070e-08
   3.609269386772e-07   7.947882793328e-08
   3.636933752480e-07   7.310703016247e-08
   3.661892236639e-07   6.686783328314e-08
   3.684808835581e-07   6.042180031275e-08
   3.705509280039e-07   5.383037413710e-08
   3.723534099606e-07   4.741331118237e-08
   3.739348055916e-07   4.085313896178e-08
   3.752906970389e-07   3.413523694797e-08
   3.763883168004e-07   2.761457453701e-08
   3.772549468057e-07   2.101417019717e-08
   3.778911152911e-07   1.423626626311e-08
   3.782805859706e-07   7.657338682398e-09
   3.784348958188e-07   1.060779340203e-09
   3.783506145344e-07  -5.732961727662e-09
   3.780296091755e-07  -1.234320132526e-08
   3.774741377074e-07  -1.890956549653e-08
   3.766688280280e-07  -2.568223414032e-08
   3.756330938908e-07  -3.229481892807e-08
   3.743685512990e-07  -3.880149246703e-08
   3.728424365742e-07  -4.550474188618e-08
   3.710890999193e-07  -5.206885143362e-08
   3.691185565336e-07  -5.846415409533e-08
   3.668783125526e-07  -6.502504466494e-08
   3.644134422762e-07  -7.145869969424e-08
   3.617500769666e-07  -7.766122225045e-08
   3.588162629477e-07  -8.398071714293e-08
   3.556623229754e-07  -9.017572150020e-08
   3.523360045007e-07  -9.608144121235e-08
   3.487479241523e-07  -1.020451463535e-07
   3.449468009282e-07  -1.078833388082e-07
   3.410052726628e-07  -1.133836413701e-07
   3.368199542642e-07  -1.188803630277e-07
   3.324294862938e-07  -1.242540068207e-07
   3.279327934238e-07  -1.292563407387e-07
   3.232177512059e-07  -1.341967318968e-07
   3.183031848830e-07  -1.390245716777e-07
   3.133138650028e-07  -1.434666845276e-07
   3.081367809356e-07  -1.477943594528e-07
   3.027614068126e-07  -1.520273504227e-07
   2.973355773906e-07  -1.558794357326e-07
   2.917559341098e-07  -1.595704871171e-07
   2.859756394658e-07  -1.631860578574e-07
   2.801599775504e-07  -1.664406013045e-07
   2.742270971871e-07  -1.694921530889e-07
   2.680916864744e-07  -1.724804494820e-07
   2.619283753428e-07  -1.751349699681e-07
   2.556873040383e-07  -1.775480445052e-07
   2.492479539400e-07  -1.798968515215e-07
   2.427850544412e-07  -1.819383782196e-07
   2.362872065035e-07  -1.837035416585e-07
   2.296059405470e-07  -1.853891143389e-07
   2.229072841139e-07  -1.867881509773e-07
   2.162197477346e-07  -1.878809310068e-07
   2.093756972252e-07  -1.888685289304e-07
   2.025249011007e-07  -1.895843542218e-07
   1.957331595381e-07  -1.899715675885e-07
   1.888220928409e-07  -1.902243568569e-07
   1.819185961905e-07  -1.902175992414e-07
   1.751209513257e-07  -1.898701301913e-07
   1.682476160065e-07  -1.893616032004e-07
   1.613963005668e-07  -1.886075442221e-07
   1.546923145087e-07  -1.875127873379e-07
   1.479584626880e-07  -1.862368731716e-07
   1.412573385698e-07  -1.847336642936e-07
   1.347356193639e-07  -1.829019402936e-07
   1.282288845770e-07  -1.808765850088e-07
   1.217602614661e-07  -1.786456793280e-07
   1.154913233636e-07  -1.761085693233e-07
   1.092798245062e-07  -1.733720624379e-07
   1.031085482676e-07  -1.704521103164e-07
   9.714595992654e-08  -1.672547050417e-07
   9.128087424343e-08  -1.638572922323e-07
   8.545978437721e-08  -1.602953325491e-07
   7.984873833852e-08  -1.564868453528e-07
   7.437340882665e-08  -1.524818182992e-07
   6.895275941808e-08  -1.483260815428e-07
   6.374118063271e-08  -1.439535463922e-07
   5.870176920341e-08  -1.393918938476e-07
   5.373728558957e-08  -1.346891902115e-07
   4.898299901179e-08  -1.297968858970e-07
   4.443458104059e-08  -1.247274418101e-07
   3.998968104294e-08  -1.195253497926e-07
   3.575975084865e-08  -1.141589928844e-07
   3.176460903073e-08  -1.086326744275e-07
   2.790576303716e-08  -1.029840935359e-07
   2.426885917232e-08  -9.719626611882e-08
   2.088835972444e-08  -9.127086676342e-08
   1.767608511404e-08  -8.523764148994e-08
   1.469209928933e-08  -7.909096107542e-08
   1.197674354030e-08  -7.283332819398e-08
   9.456674387912e-09  -6.648672136889e-08
   7.168645375906e-09  -6.005321138882e-08
   5.151489643737e-09  -5.353775901737e-08
   3.349844913277e-09  -4.695565303078e-08
   1.781748893629e-09  -4.031317454570e-08
   4.783386094398e-10  -3.361806883413e-08
  -5.961992120460e-10  -2.688069910514e-08
  -1.435445536588e-09  -2.010881271617e-08
  -2.021143357676e-09  -1.331237019270e-08
  -2.370485177059e-09  -6.499004233519e-09
  -2.479654793584e-09   3.235211215842e-10
  -2.347118990438e-09   7.144253397610e-09
  -1.975750765659e-09   1.395620611684e-08
  -1.355015855967e-09   2.075147251679e-08
  -5.019223328006e-10   2.751974913593e-08
   5.874549489522e-10   3.425347540025e-08
   1.937956481746e-09   4.094310393891e-08
   3.514673180328e-09   4.758071213782e-08
   5.319110540730e-09   5.415840542837e-08
   7.394952363551e-09   6.066274171853e-08
   9.692326790830e-09   6.708963386220e-08
   1.220149660511e-08   7.343266417237e-08
   1.498646557418e-08   7.967215655359e-08
   1.798716756146e-08   8.580868041055e-08
   2.117564936791e-08   9.184032600895e-08
   2.463549563339e-08   9.773918074881e-08
   2.830282478755e-08   1.035102366212e-07
   3.212667256181e-08   1.091598209605e-07
   3.620798146518e-08   1.146503089396e-07
   4.048717549744e-08   1.199892459942e-07
   4.488727648586e-08   1.251951724125e-07
   4.952280077945e-08   1.302200713939e-07
   5.434828591221e-08   1.350699496211e-07
   5.925925801034e-08   1.397793944078e-07
   6.437765451989e-08   1.442907625850e-07
   6.968271027977e-08   1.486020449393e-07
   7.504292633368e-08   1.527670157765e-07
   8.057844015448e-08   1.567215633504e-07
   8.630251303164e-08   1.604475379580e-07
   9.205993046244e-08   1.640195278328e-07
   9.795723135926e-08   1.673731661305e-07
   1.040471811388e-07   1.704661283239e-07
   1.101573985479e-07   1.733931708987e-07
   1.163686514844e-07   1.760985727981e-07
   1.227730997922e-07   1.785099574894e-07
   1.291902076195e-07   1.807391453155e-07
   1.356655386840e-07   1.827490571819e-07
   1.423253158428e-07   1.844347792718e-07
   1.489906628058e-07   1.859201437929e-07
   1.556674205198e-07   1.871958124909e-07
   1.625075092655e-07   1.881250364810e-07
   1.693428494182e-07   1.888373301283e-07
   1.761399673132e-07   1.893580806754e-07
   1.830675375270e-07   1.895214566692e-07
   1.899762993123e-07   1.894550832631e-07
   1.967971159789e-07   1.892239253653e-07
   2.037072060169e-07   1.886369156900e-07
   2.105834201591e-07   1.878101932526e-07
   2.173258880212e-07   1.868516852717e-07
   2.241126822530e-07   1.855501830833e-07
   2.308535416600e-07   1.839978995162e-07
   2.374230308148e-07   1.823480392799e-07
   2.439918812524e-07   1.803769879949e-07
   2.505082870468e-07   1.781380621284e-07
   2.568269411065e-07   1.758302980251e-07
   2.631019249512e-07   1.732297793650e-07
   2.693226625143e-07   1.703356233003e-07
   2.753311329603e-07   1.673897772001e-07
   2.812551214717e-07   1.641849835452e-07
   2.871235312434e-07   1.606543659756e-07
   2.927746046069e-07   1.570749094409e-07
   2.983020911546e-07   1.532757775029e-07
   3.037674815013e-07   1.491195837642e-07
   3.090151451734e-07   1.449057311788e-07
   3.141015700014e-07   1.405180147194e-07
   3.191101621990e-07   1.357525764575e-07
   3.239003816831e-07   1.309159720466e-07
   3.284939500424e-07   1.259589722340e-07
   3.329844668844e-07   1.206217683971e-07
   3.372530039557e-07   1.152027636954e-07
   3.412936860818e-07   1.097245624728e-07
   3.452000146003e-07   1.038846406625e-07
   3.488782263316e-07   9.795913770798e-08
   3.523042463961e-07   9.204139308184e-08
   3.555637178644e-07   8.579920515554e-08
   3.585888881498e-07   7.947280915295e-08
   3.613468128054e-07   7.322216050933e-08
   3.639098444582e-07   6.669771681756e-08
   3.662346489464e-07   6.008928288883e-08
   3.682874808683e-07   5.361846351092e-08
   3.701237012272e-07   4.693175855841e-08
   3.717202907938e-07   4.015305814229e-08
   3.730493971538e-07   3.355983228326e-08
   3.741473506230e-07   2.681138732344e-08
   3.750047401173e-07   1.995147971403e-08
   3.756051663769e-07   1.330487800628e-08
   3.759662444061e-07   6.564535826072e-09
   3.760833326187e-07  -3.147439636756e-10
   3.759557610887e-07  -6.974321683659e-09
   3.755859854102e-07  -1.366517055433e-08
   3.749645583817e-07  -2.052081593611e-08
   3.741089200103e-07  -2.716700458885e-08
   3.730132930440e-07  -3.377991270861e-08
   3.716551047450e-07  -4.057025402922e-08
   3.700698555331e-07  -4.716854692668e-08
   3.682526473238e-07  -5.366635750356e-08
   3.661623046928e-07  -6.033304514012e-08
   3.638499158001e-07  -6.682267266473e-08
   3.613207379260e-07  -7.314297847054e-08
   3.585127504155e-07  -7.960131298299e-08
   3.554881595384e-07  -8.589012293612e-08
   3.522700994351e-07  -9.194211275626e-08
   3.487760491103e-07  -9.808405321938e-08
   3.450731597397e-07  -1.040578886006e-07
   3.412079088114e-07  -1.097335779085e-07
   3.370793896749e-07  -1.154420626529e-07
   3.327517248645e-07  -1.209837279107e-07
   3.282981073694e-07  -1.261779823795e-07
   3.236029810007e-07  -1.313466185748e-07
   3.187176346374e-07  -1.363560716295e-07
   3.137435632193e-07  -1.409862012433e-07
   3.085565960563e-07  -1.455360861174e-07
   3.031843248617e-07  -1.499435445292e-07
   2.977561043802e-07  -1.539599159082e-07
   2.921482665962e-07  -1.578468887491e-07
   2.863547272566e-07  -1.616143623467e-07
   2.805294320926e-07  -1.649980200938e-07
   2.745611621252e-07  -1.682079776083e-07
   2.684037480885e-07  -1.713199800891e-07
   2.622291253407e-07  -1.740690792495e-07
   2.559513015452e-07  -1.766037556404e-07
   2.494832581768e-07  -1.790522218293e-07
   2.430056258362e-07  -1.811642438812e-07
   2.364680691578e-07  -1.830242073951e-07
   2.297476401590e-07  -1.847950459530e-07
   2.230233740398e-07  -1.862540805113e-07
   2.162861169709e-07  -1.874275014192e-07
   2.093855599034e-07  -1.884951343218e-07
   2.024895707029e-07  -1.892702711057e-07
   1.956303523808e-07  -1.897326032266e-07
   1.886398079712e-07  -1.900642163285e-07
   1.816664611082e-07  -1.901183406994e-07
   1.747801749779e-07  -1.898416670325e-07
   1.678039797273e-07  -1.894080619974e-07
   1.608598925615e-07  -1.887114225439e-07
   1.540498992634e-07  -1.876776236219e-07
   1.471963375600e-07  -1.864650757430e-07
   1.403881480315e-07  -1.850069099702e-07
   1.337533719013e-07  -1.832178780672e-07
   1.271220573194e-07  -1.812355532484e-07
   1.205445900891e-07  -1.790289898581e-07
   1.141685226987e-07  -1.765094741209e-07
   1.078409777634e-07  -1.737895845369e-07
   1.015709439770e-07  -1.708688769652e-07
   9.551771874855e-08  -1.676617573103e-07
   8.955523120352e-08  -1.642533564653e-07
   8.365270873248e-08  -1.606661488360e-07
   7.797184942107e-08  -1.568235267206e-07
   7.242133324170e-08  -1.527834846718e-07
   6.693755046155e-08  -1.485824453463e-07
   6.167455504377e-08  -1.441574135353e-07
   5.657923420653e-08  -1.395429230545e-07
   5.156610847225e-08  -1.347806144893e-07
   4.677264647814e-08  -1.298236810807e-07
   4.218147863954e-08  -1.246895493914e-07
   3.769743524608e-08  -1.194182531366e-07
   3.343517028306e-08  -1.139793498833e-07
   2.940557583310e-08  -1.083803872145e-07
   2.551446687509e-08  -1.026556601484e-07
   2.185069176945e-08  -9.678923107922e-08
   1.844340301636e-08  -9.078500132113e-08
   1.520728500109e-08  -8.466983919877e-08
   1.220521177941e-08  -7.843917301301e-08
   9.474540505021e-09  -7.209745391783e-08
   6.944082408230e-09  -6.566413056329e-08
   4.652901133448e-09  -5.914230928591e-08
   2.637845857395e-09  -5.253906884571e-08
   8.451726668556e-10  -4.586749538563e-08
  -7.053893559505e-10  -3.913475428170e-08
  -1.984566198108e-09  -3.235097579645e-08
  -3.027072834916e-09  -2.552464722554e-08
  -3.825557323566e-09  -1.866406130945e-08
  -4.363869260679e-09  -1.178169875782e-08
  -4.658467220554e-09  -4.883648919092e-09
  -4.705291667606e-09   2.022297029130e-09
  -4.505166187770e-09   8.922740779359e-09
  -4.060341764669e-09   1.581185422488e-08
  -3.360244777511e-09   2.268227826563e-08
  -2.424235146418e-09   2.952150955165e-08
  -1.247872870761e-09   3.632267798098e-08
   1.942672565218e-10   4.307720078140e-08
   1.865461034953e-09   4.977524458284e-08
   3.767092895130e-09   5.640913786477e-08
   5.944480303889e-09   6.296649622799e-08
   8.347240204186e-09   6.944146813459e-08
   1.096397046770e-08   7.582759379326e-08
   1.386118636815e-08   8.210605191012e-08
   1.698037611056e-08   8.827548907597e-08
   2.028960430968e-08   9.433408840717e-08
   2.387498998085e-08   1.002545262352e-07
   2.767668063940e-08   1.060393766885e-07
   3.163724928004e-08   1.116956515053e-07
   3.585901517349e-08   1.171862999748e-07
   4.028880294726e-08   1.225157384843e-07
   4.484131877045e-08   1.277040921355e-07
   4.963024406126e-08   1.327043888198e-07
   5.461843933313e-08   1.375187313908e-07
   5.969252049020e-08   1.421841855540e-07
   6.497071753678e-08   1.466451884207e-07
   7.044204977940e-08   1.508950135395e-07
   7.596705388941e-08   1.549904142672e-07
   8.165898102994e-08   1.588709536749e-07
   8.754212127001e-08   1.625127552247e-07
   9.345581523868e-08   1.659930787596e-07
   9.949630796035e-08   1.692534489958e-07
   1.057285982075e-07   1.722444200659e-07
   1.119789352397e-07   1.750618312156e-07
   1.183139511900e-07   1.776589225632e-07
   1.248389026526e-07   1.799545416395e-07
   1.313774380783e-07   1.820582509128e-07
   1.379565765236e-07   1.839461109662e-07
   1.447153550579e-07   1.855031772470e-07
   1.514857738731e-07   1.868456878326e-07
   1.582505609762e-07   1.879826503135e-07
   1.651722415334e-07   1.887674064403e-07
   1.721006851928e-07   1.893147852169e-07
   1.789755538118e-07   1.896741178428e-07
   1.859717691895e-07   1.896719926640e-07
   1.929644191877e-07   1.894132954675e-07
   1.998556851837e-07   1.889918593935e-07
   2.068229567148e-07   1.882139590164e-07
   2.137722148793e-07   1.871650403904e-07
   2.205758471772e-07   1.859849113946e-07
   2.274051354852e-07   1.844671173950e-07
   2.342016214619e-07   1.826662114378e-07
   2.408160889205e-07   1.807672310933e-07
   2.474055388424e-07   1.785607681533e-07
   2.539504865527e-07   1.760569844762e-07
   2.602884501608e-07   1.734828380026e-07
   2.665536252219e-07   1.706395159247e-07
   2.727663236893e-07   1.674791403317e-07
   2.787597522790e-07   1.642634277343e-07
   2.846369699831e-07   1.608219890380e-07
   2.904546416285e-07   1.570389448370e-07
   2.960513854003e-07   1.531986303492e-07
   3.014929792868e-07   1.491792373409e-07
   3.068640326732e-07   1.447947660064e-07
   3.120180878774e-07   1.403356670754e-07
   3.169821369052e-07   1.357468264178e-07
   3.218567024810e-07   1.307796029451e-07
   3.265178054018e-07   1.257123980102e-07
   3.309580254827e-07   1.205681584392e-07
   3.352811269840e-07   1.150505329223e-07
   3.393898298180e-07   1.094093193951e-07
   3.432515403222e-07   1.037479837125e-07
   3.469628089478e-07   9.774033972197e-08
   3.504537391059e-07   9.159432073680e-08
   3.536780461382e-07   8.548876759943e-08
   3.567181108208e-07   7.908473491832e-08
   3.595292889124e-07   7.253753129053e-08
   3.620626906950e-07   6.609170885600e-08
   3.643827735123e-07   5.941084875952e-08
   3.664659180378e-07   5.258741698859e-08
   3.682697167747e-07   4.592003309414e-08
   3.698393099868e-07   3.908988067927e-08
   3.711659671306e-07   3.211614587203e-08
   3.722203547703e-07   2.533856798849e-08
   3.730289286692e-07   1.847305673889e-08
   3.735898152618e-07   1.145671168879e-08
   3.738908764618e-07   4.655057112688e-09
   3.739429757661e-07  -2.161552258515e-09
   3.737417500937e-07  -9.141251344572e-09
   3.732938139263e-07  -1.591162750836e-08
   3.726005593617e-07  -2.262814886214e-08
   3.716460348738e-07  -2.951766458848e-08
   3.704543387456e-07  -3.622245180875e-08
   3.690263025079e-07  -4.280918385018e-08
   3.673276665796e-07  -4.956635514263e-08
   3.653960016246e-07  -5.617181405137e-08
   3.632417761780e-07  -6.259885252165e-08
   3.608096189323e-07  -6.917374089555e-08
   3.581445692082e-07  -7.562615318003e-08
   3.552760017683e-07  -8.184284182770e-08
   3.521285902660e-07  -8.816339843666e-08
   3.487478984355e-07  -9.437905304996e-08
   3.451887772959e-07  -1.003053363486e-07
   3.413599109285e-07  -1.062748503827e-07
   3.373001281512e-07  -1.121446674028e-07
   3.330929549625e-07  -1.176779978534e-07
   3.286366317899e-07  -1.231853809591e-07
   3.239555852701e-07  -1.285911550395e-07
   3.191620112236e-07  -1.336248395070e-07
   3.141504396266e-07  -1.385632429040e-07
   3.089226038864e-07  -1.433981441091e-07
   3.036165148025e-07  -1.478422356550e-07
   2.981313873192e-07  -1.521278984110e-07
   2.924379854620e-07  -1.563126464008e-07
   2.866944767796e-07  -1.601079474549e-07
   2.808152797743e-07  -1.636912391119e-07
   2.747338572165e-07  -1.671799491806e-07
   2.686199095763e-07  -1.702996005862e-07
   2.624150076574e-07  -1.731640616613e-07
   2.560135381419e-07  -1.759387627931e-07
   2.495855673347e-07  -1.783778509006e-07
   2.431108937679e-07  -1.805281661888e-07
   2.364493332482e-07  -1.825855186661e-07
   2.297592444881e-07  -1.843444725875e-07
   2.230657575782e-07  -1.857891793487e-07
   2.162042074350e-07  -1.871259391196e-07
   2.093106109657e-07  -1.881964754317e-07
   2.024564532949e-07  -1.889342202202e-07
   1.954653038067e-07  -1.895384806055e-07
   1.884433520217e-07  -1.898991119455e-07
   1.815035517599e-07  -1.899152411889e-07
   1.744697848203e-07  -1.897671205988e-07
   1.674141987498e-07  -1.893892229279e-07
   1.604823963751e-07  -1.886630578367e-07
   1.535083290274e-07  -1.877433185370e-07
   1.465280232091e-07  -1.866032526487e-07
   1.397092176555e-07  -1.851207625091e-07
   1.329036257832e-07  -1.834222785272e-07
   1.261101623225e-07  -1.815131688248e-07
   1.195079153355e-07  -1.792780424567e-07
   1.129731768093e-07  -1.768143038795e-07
   1.064680249780e-07  -1.741522975084e-07
   1.001722756151e-07  -1.711903347432e-07
   9.399338224880e-08  -1.679972196897e-07
   8.785949646584e-08  -1.646203618885e-07
   8.194072471341e-08  -1.609762280898e-07
   7.618119354214e-08  -1.571070325940e-07
   7.048212732857e-08  -1.530686290522e-07
   6.499419889734e-08  -1.487979177305e-07
   5.970058377696e-08  -1.443148121153e-07
   5.448672507561e-08  -1.396752227852e-07
   4.947627686694e-08  -1.348364989887e-07
   4.468873236863e-08  -1.298028180343e-07
   4.000691501054e-08  -1.246235704160e-07
   3.552358794868e-08  -1.192743440823e-07
   3.128639782646e-08  -1.137512749025e-07
   2.718734611370e-08  -1.080936810071e-07
   2.328870998264e-08  -1.022915455072e-07
   1.965452653752e-08  -9.633996709183e-08
   1.619386306227e-08  -9.026769369597e-08
   1.294238571612e-08  -8.407460943600e-08
   9.968055753089e-09  -7.775960192763e-08
   7.200485494295e-09  -7.134241490152e-08
   4.654626977574e-09  -6.482857369215e-08
   2.391582003923e-09  -5.822288219933e-08
   3.616089803315e-10  -5.153851407143e-08
  -1.434154408852e-09  -4.478312296390e-08
  -2.949339027037e-09  -3.796720822299e-08
  -4.215102004922e-09  -3.109989165869e-08
  -5.236435593587e-09  -2.418847094000e-08
  -5.986302453315e-09  -1.724736068464e-08
  -6.481069648210e-09  -1.028388888970e-08
  -6.723410884620e-09  -3.303831734583e-09
  -6.706874975292e-09   3.676954795444e-09
  -6.438897465526e-09   1.065119922419e-08
  -5.911340869007e-09   1.761423378999e-08
  -5.136152716410e-09   2.455113156030e-08
  -4.120000670455e-09   3.145390075943e-08
  -2.837150002626e-09   3.831707147666e-08
  -1.312461433979e-09   4.512820661531e-08
   4.384434067508e-10   5.187928294652e-08
   2.461908818962e-09   5.856130020124e-08
   4.728032977714e-09   6.516456204423e-08
   7.202841580309e-09   7.168337055793e-08
   9.951557220730e-09   7.810276228019e-08
   1.294787268299e-08   8.441460738846e-08
   1.613254860920e-08   9.061920236663e-08
   1.958409127033e-08   9.669445734697e-08
   2.328767399341e-08   1.026314546920e-07
   2.715566733281e-08   1.084406704183e-07
   3.127234042776e-08   1.140933943782e-07
   3.564090287982e-08   1.195766843282e-07
   4.014611380784e-08   1.249149759236e-07
   4.487007705236e-08   1.300750456793e-07
   4.983962634077e-08   1.350358405677e-07
   5.491610810568e-08   1.398382476931e-07
   6.017143629065e-08   1.444481572655e-07
   6.566109120203e-08   1.488313152122e-07
   7.123018528604e-08   1.530454006009e-07
   7.693180265152e-08   1.570607888187e-07
   8.285393177699e-08   1.608241474778e-07
   8.883538615210e-08   1.644072946656e-07
   9.490097072576e-08   1.677925306140e-07
   1.011720601389e-07   1.709019671444e-07
   1.074934421496e-07   1.738153161894e-07
   1.138525125793e-07   1.765360695478e-07
   1.203997902676e-07   1.789588568000e-07
   1.269992666266e-07   1.811616541415e-07
   1.335945323957e-07   1.831789042741e-07
   1.403551416940e-07   1.848795108357e-07
   1.471759606812e-07   1.863281851676e-07
   1.539556046594e-07   1.875983802334e-07
   1.608685872673e-07   1.885403042768e-07
   1.678482434608e-07   1.891943021033e-07
   1.747532162637e-07   1.896771969007e-07
   1.817487397901e-07   1.898312441417e-07
   1.888091462380e-07   1.896636178037e-07
   1.957630301406e-07   1.893343951068e-07
   2.027552277983e-07   1.886897908722e-07
   2.097995212584e-07   1.876976440722e-07
   2.167068536336e-07   1.865570717795e-07
   2.235946560908e-07   1.851296472302e-07
   2.305124907075e-07   1.833392778635e-07
   2.372664291297e-07   1.814163373271e-07
   2.439425235289e-07   1.792486817027e-07
   2.506216559071e-07   1.767120986274e-07
   2.571170873083e-07   1.740568333693e-07
   2.634809433619e-07   1.712086468087e-07
   2.698200317118e-07   1.679917928246e-07
   2.759657054733e-07   1.646609636078e-07
   2.819344506139e-07   1.611928703180e-07
   2.878515373945e-07   1.573600868602e-07
   2.935756968097e-07   1.534022876128e-07
   2.990878349487e-07   1.493603595135e-07
   3.045213730111e-07   1.449618591492e-07
   3.097690283774e-07   1.404096088899e-07
   3.147796193158e-07   1.358186855380e-07
   3.196824121353e-07   1.308872076064e-07
   3.244065633753e-07   1.257608009107e-07
   3.288766496112e-07   1.206316055971e-07
   3.332061981567e-07   1.151910569236e-07
   3.373583021780e-07   1.095132395667e-07
   3.412446556819e-07   1.038610781090e-07
   3.449553406705e-07   9.794383801924e-08
   3.484806962793e-07   9.175813295106e-08
   3.517320229017e-07   8.562349340381e-08
   3.547736888157e-07   7.928760265897e-08
   3.576143758152e-07   7.267103025302e-08
   3.601759953211e-07   6.613115264012e-08
   3.624996635613e-07   5.946828005775e-08
   3.646032444116e-07   5.253237334525e-08
   3.664270744642e-07   4.569812491906e-08
   3.679943125492e-07   3.882761834535e-08
   3.693235798533e-07   3.170670651310e-08
   3.703775579126e-07   2.470611533983e-08
   3.711679886144e-07   1.775676678310e-08
   3.717066964791e-07   1.058763585034e-08
   3.719785680016e-07   3.543361821654e-09
   3.719911375593e-07  -3.369493592102e-09
   3.717429268134e-07  -1.046846423373e-08
   3.712369123993e-07  -1.745765508080e-08
   3.704843139529e-07  -2.424946382998e-08
   3.694658408560e-07  -3.119126914933e-08
   3.681949045398e-07  -3.805704469508e-08
   3.666946346253e-07  -4.467773322001e-08
   3.649269662612e-07  -5.140666761350e-08
   3.629057199214e-07  -5.810320389895e-08
   3.606732810019e-07  -6.452488441667e-08
   3.581764789446e-07  -7.100327720534e-08
   3.554191687350e-07  -7.748896306383e-08
   3.524678265125e-07  -8.368321195258e-08
   3.492619527490e-07  -8.987100513374e-08
   3.457868690777e-07  -9.608926281919e-08
   3.421343493030e-07  -1.020060633670e-07
   3.382463573679e-07  -1.078437296005e-07
   3.340841249405e-07  -1.137127622609e-07
   3.297622048982e-07  -1.192722063960e-07
   3.252345201504e-07  -1.246757762513e-07
   3.204355063482e-07  -1.300916664414e-07
   3.154967578089e-07  -1.351915346959e-07
   3.103921392843e-07  -1.400617774309e-07
   3.050285429207e-07  -1.449129188800e-07
   2.995460608454e-07  -1.494472671617e-07
   2.939450515561e-07  -1.536882531998e-07
   2.881056256602e-07  -1.578747372552e-07
   2.821652597206e-07  -1.617544188230e-07
   2.761564603052e-07  -1.652925966301e-07
   2.699355668616e-07  -1.687424095150e-07
   2.636243321555e-07  -1.719085261300e-07
   2.572919743025e-07  -1.747036367536e-07
   2.507778465053e-07  -1.773793765091e-07
   2.441744003406e-07  -1.798048514231e-07
   2.375896219783e-07  -1.818483790835e-07
   2.308573461430e-07  -1.837427711980e-07
   2.240293530288e-07  -1.854230786457e-07
   2.172501005946e-07  -1.867257520451e-07
   2.103628526831e-07  -1.878487565671e-07
   2.033725038942e-07  -1.887873675951e-07
   1.964525469940e-07  -1.893622711911e-07
   1.894705883674e-07  -1.897260082490e-07
   1.823850451258e-07  -1.899221239805e-07
   1.753870017767e-07  -1.897723657790e-07
   1.683793219966e-07  -1.893813025979e-07
   1.612799676046e-07  -1.888257548795e-07
   1.542846028501e-07  -1.879427335395e-07
   1.473363134420e-07  -1.867935184465e-07
   1.403215987324e-07  -1.854737284593e-07
   1.334282689899e-07  -1.838452954877e-07
   1.266394138092e-07  -1.819348918531e-07
   1.198195730681e-07  -1.798450995596e-07
   1.131377524594e-07  -1.774678082951e-07
   1.066138317510e-07  -1.748044448345e-07
   1.000994455765e-07  -1.719556235282e-07
   9.373546310785e-08  -1.688444306298e-07
   8.757416424779e-08  -1.654552841534e-07
   8.146341715290e-08  -1.618800766982e-07
   7.550860776163e-08  -1.580713270515e-07
   6.978924416205e-08  -1.540034006608e-07
   6.415949108407e-08  -1.497543683484e-07
   5.868497389938e-08  -1.453019464710e-07
   5.346567632491e-08  -1.406166831125e-07
   4.837277586794e-08  -1.357596361326e-07
   4.343242207654e-08  -1.307275394605e-07
   3.875603923611e-08  -1.254928321700e-07
   3.424119329799e-08  -1.200990003310e-07
   2.988022874534e-08  -1.145546030288e-07
   2.578528269865e-08  -1.088386178829e-07
   2.188545627800e-08  -1.029793639200e-07
   1.814937527722e-08  -9.699042083530e-08
   1.467939138062e-08  -9.086007678691e-08
   1.143522793427e-08  -8.460609399828e-08
   8.373675088785e-09  -7.824196024026e-08
   5.579196492174e-09  -7.176575807658e-08
   3.035762897264e-09  -6.518986512157e-08
   6.992348919195e-10  -5.852481753208e-08
  -1.368285227465e-09  -5.177697011613e-08
  -3.167984059207e-09  -4.495746480645e-08
  -4.736551713690e-09  -3.807303037857e-08
  -6.034971048715e-09  -3.113550703521e-08
  -7.059474567535e-09  -2.415713340497e-08
  -7.833611592069e-09  -1.714137981098e-08
  -8.338704692993e-09  -1.010237824886e-08
  -8.574903360312e-09  -3.053997713868e-09
  -8.549256996704e-09   4.002094883655e-09
  -8.257379294483e-09   1.105221300981e-08
  -7.710731826372e-09   1.808171689963e-08
  -6.898968174993e-09   2.508873806540e-08
  -5.822936080835e-09   3.206147320986e-08
  -4.511132299028e-09   3.898633987126e-08
  -2.938229357207e-09   4.585921755658e-08
  -1.099308185578e-09   5.266967895798e-08
   9.566753069750e-10   5.940758171959e-08
   3.263504051741e-09   6.606530857817e-08
   5.842613964249e-09   7.263124734807e-08
   8.624372170657e-09   7.910108424292e-08
   1.164081670304e-08   8.546423588975e-08
   1.493769168662e-08   9.170395957018e-08
   1.842806366294e-08   9.782350419322e-08
   2.213052565227e-08   1.038121436372e-07
   2.611821726405e-08   1.096438839057e-07
   3.029324919455e-08   1.153300747510e-07
   3.465049642466e-08   1.208646449156e-07
   3.928904548434e-08   1.262091506253e-07
   4.410815106958e-08   1.313820936869e-07
   4.907211205985e-08   1.363879052815e-07
   5.430149703716e-08   1.411739296912e-07
   5.970170382612e-08   1.457631529389e-07
   6.520332716938e-08   1.501764316720e-07
   7.094237278942e-08   1.543466330424e-07
   7.684016043080e-08   1.582963842224e-07
   8.279344943144e-08   1.620682491753e-07
   8.894635814525e-08   1.655820313936e-07
   9.524663688613e-08   1.688524418461e-07
   1.015594361233e-07   1.719477969405e-07
   1.080276365880e-07   1.747786997048e-07
   1.146356875373e-07   1.773417275114e-07
   1.212219255155e-07   1.797328909758e-07
   1.279159793155e-07   1.818610521813e-07
   1.347467379122e-07   1.836931770865e-07
   1.415338342906e-07   1.853515651879e-07
   1.483798087476e-07   1.867549417177e-07
   1.553602797772e-07   1.878308066768e-07
   1.622876351566e-07   1.887220388259e-07
   1.692245092595e-07   1.893718268157e-07
   1.762883070397e-07   1.896632379554e-07
   1.832974004517e-07   1.897500144161e-07
   1.902664704559e-07   1.896144223134e-07
   1.973435322800e-07   1.890966899220e-07
   2.043653052240e-07   1.883493961118e-07
   2.112976151746e-07   1.874051343763e-07
   2.183050817465e-07   1.860685038844e-07
   2.252521404829e-07   1.844785791995e-07
   2.320615309649e-07   1.827243159053e-07
   2.389012021331e-07   1.805850166926e-07
   2.456691942458e-07   1.781744348543e-07
   2.522550334463e-07   1.756388835510e-07
   2.588192275842e-07   1.727438471942e-07
   2.652966181270e-07   1.695657731272e-07
   2.715547448907e-07   1.663053865235e-07
   2.777381706527e-07   1.627268479725e-07
   2.838197217217e-07   1.588562073881e-07
   2.896559050652e-07   1.549423321261e-07
   2.953680655533e-07   1.507630397038e-07
   3.009658344720e-07   1.462804671552e-07
   3.063050101709e-07   1.417814311816e-07
   3.114773763952e-07   1.370762315517e-07
   3.165247284467e-07   1.320523594454e-07
   3.213119350950e-07   1.270192046870e-07
   3.258969368751e-07   1.218413735881e-07
   3.303448687037e-07   1.163285898704e-07
   3.345383420702e-07   1.107921977610e-07
   3.385012196977e-07   1.051719573659e-07
   3.423098456833e-07   9.920796540030e-08
   3.458707342426e-07   9.319029487095e-08
   3.491788524996e-07   8.714798971931e-08
   3.523090394494e-07   8.077029465932e-08
   3.551940393034e-07   7.430467685991e-08
   3.578099450752e-07   6.787270028043e-08
   3.602199793169e-07   6.113707597676e-08
   3.623813809525e-07   5.428684829301e-08
   3.642637474729e-07   4.752845008844e-08
   3.659129843102e-07   4.052183698083e-08
   3.673059314198e-07   3.338790252495e-08
   3.684174607555e-07   2.640286606466e-08
   3.692747627577e-07   1.924384614949e-08
   3.698673979190e-07   1.195780293374e-08
   3.701845623777e-07   4.872146605384e-09
   3.702365526113e-07  -2.302327886348e-09
   3.700174574739e-07  -9.596700156700e-09
   3.695361601677e-07  -1.665228832217e-08
   3.687903004523e-07  -2.370903174613e-08
   3.677693533374e-07  -3.087835891716e-08
   3.665033082049e-07  -3.779138958995e-08
   3.649837486779e-07  -4.462255388315e-08
   3.631863154060e-07  -5.156123019083e-08
   3.611595327114e-07  -5.825112412362e-08
   3.588979761384e-07  -6.478571437066e-08
   3.563560239852e-07  -7.142141037761e-08
   3.535943418318e-07  -7.783810970903e-08
   3.506212047930e-07  -8.403805530568e-08
   3.473664467522e-07  -9.032374468435e-08
   3.438935707467e-07  -9.643226915020e-08
   3.402348794872e-07  -1.022742855190e-07
   3.362979276397e-07  -1.081706585890e-07
   3.321387017978e-07  -1.139297336456e-07
   3.278209511824e-07  -1.193819701191e-07
   3.232370569177e-07  -1.248389925080e-07
   3.184261450352e-07  -1.301852660506e-07
   3.134862672744e-07  -1.351914277563e-07
   3.083042378187e-07  -1.401385287900e-07
   3.028951275034e-07  -1.449841021158e-07
   2.973894551857e-07  -1.494629296313e-07
   2.916783093024e-07  -1.538124269173e-07
   2.857474709181e-07  -1.580557204450e-07
   2.797541924890e-07  -1.619146780349e-07
   2.736030029531e-07  -1.655763530242e-07
   2.672463750950e-07  -1.691205457994e-07
   2.608594629090e-07  -1.722759658461e-07
   2.543691273123e-07  -1.751757192729e-07
   2.476917669205e-07  -1.779465810429e-07
   2.410089799542e-07  -1.803404748141e-07
   2.342791221082e-07  -1.824343558581e-07
   2.273824803213e-07  -1.843902588522e-07
   2.204934864397e-07  -1.859966599476e-07
   2.136107600290e-07  -1.872742584013e-07
   2.065833804325e-07  -1.884053683019e-07
   1.995640989830e-07  -1.892248680510e-07
   1.925979280096e-07  -1.897013627667e-07
   1.855137715846e-07  -1.900198614557e-07
   1.784297941174e-07  -1.900665111682e-07
   1.714381600423e-07  -1.897677378165e-07
   1.643632422378e-07  -1.892942458151e-07
   1.572802425190e-07  -1.885821262436e-07
   1.503225218538e-07  -1.875304178763e-07
   1.433261209250e-07  -1.862832057343e-07
   1.363209953919e-07  -1.848195887329e-07
   1.294701874965e-07  -1.830277122913e-07
   1.226339985237e-07  -1.810196652772e-07
   1.158002120816e-07  -1.788073610069e-07
   1.091473528280e-07  -1.762826077802e-07
   1.025671636275e-07  -1.735262728124e-07
   9.601144680576e-08  -1.705723559707e-07
   8.966003819419e-08  -1.673267322291e-07
   8.343872449390e-08  -1.638433750069e-07
   7.727061638423e-08  -1.601688073540e-07
   7.132421718631e-08  -1.562288042353e-07
   6.555931497229e-08  -1.520559058313e-07
   5.987813487856e-08  -1.477011519084e-07
   5.442734630497e-08  -1.431121001259e-07
   4.919930365219e-08  -1.383053115005e-07
   4.408429672654e-08  -1.333297300979e-07
   3.919931333939e-08  -1.281535099874e-07
   3.456620519649e-08  -1.227826359010e-07
   3.007393292914e-08  -1.172588616144e-07
   2.580552712453e-08  -1.115674790362e-07
   2.180652337493e-08  -1.057093779645e-07
   1.797589841238e-08  -9.971615244087e-08
   1.436313957957e-08  -9.358531222233e-08
   1.102837615832e-08  -8.731780516498e-08
   7.890104492692e-09  -8.093480272953e-08
   4.969678212719e-09  -7.444071362608e-08
   2.330517376901e-09  -6.784045475313e-08
  -8.458431454003e-11  -6.114702204492e-08
  -2.273301713901e-09  -5.436718482850e-08
  -4.180043207241e-09  -4.751166971370e-08
  -5.838840930292e-09  -4.058886768632e-08
  -7.255994094734e-09  -3.360496031031e-08
  -8.392256938791e-09  -2.657607283554e-08
  -9.264325082578e-09  -1.950935212285e-08
  -9.877552784755e-09  -1.240918825188e-08
  -1.021360634632e-08  -5.294965036736e-09
  -1.028007147844e-08   1.825315896076e-09
  -1.007360477571e-08   8.948815954942e-09
  -9.597068993723e-09   1.605585344745e-08
  -8.857685228523e-09   2.313703883723e-08
  -7.837566029132e-09   3.018975595274e-08
  -6.556836866864e-09   3.719677467305e-08
  -5.030814959597e-09   4.414820311887e-08
  -3.223324174012e-09   5.103950065015e-08
  -1.163832030510e-09   5.785739430680e-08
   1.116347123915e-09   6.459358218800e-08
   3.672330373207e-09   7.123908317920e-08
   6.476454340433e-09   7.778398077204e-08
   9.474770226345e-09   8.422463867594e-08
   1.273747660790e-08   9.054567630771e-08
   1.625123440129e-08   9.673746264019e-08
   1.993552115956e-08   1.028046125822e-07
   2.386669895160e-08   1.087252136864e-07
   2.805674570316e-08   1.144848677862e-07
   3.239874144640e-08   1.200997083658e-07
   3.696276012729e-08   1.255439226967e-07
   4.179284197650e-08   1.307925989818e-07
   4.676029855248e-08   1.358754200756e-07
   5.191619056062e-08   1.407679961816e-07
   5.733812963656e-08   1.454298829303e-07
   6.288373922407e-08   1.499044700312e-07
   6.857512192033e-08   1.541757952248e-07
   7.452075612287e-08   1.581844042059e-07
   8.057465659251e-08   1.619853352694e-07
   8.672400163073e-08   1.655785428612e-07
   9.310303526363e-08   1.688837072207e-07
   9.957338281981e-08   1.719628206241e-07
   1.060847180035e-07   1.748389608495e-07
   1.127906011783e-07   1.774106549487e-07
   1.195723588768e-07   1.797388673880e-07
   1.263418760901e-07   1.818763510970e-07
   1.332638403164e-07   1.837023868756e-07
   1.402516681763e-07   1.852652708402e-07
   1.471812262745e-07   1.866527420441e-07
   1.542172940272e-07   1.877304585392e-07
   1.613163828399e-07   1.885195624537e-07
   1.683231218742e-07   1.891454602335e-07
   1.753882679202e-07   1.894710715783e-07
   1.825182365806e-07   1.894757089451e-07
   1.895352963096e-07   1.893206173830e-07
   1.965609208836e-07   1.888820972780e-07
   2.036513274734e-07   1.880867803092e-07
   2.106190652047e-07   1.871243327395e-07
   2.175438285758e-07   1.859031188559e-07
   2.245240152232e-07   1.842933950032e-07
   2.313766561080e-07   1.825010406671e-07
   2.381337069938e-07   1.804833100310e-07
   2.449229581800e-07   1.780580789582e-07
   2.515787615578e-07   1.754327256942e-07
   2.580870741491e-07   1.726247984181e-07
   2.645909452407e-07   1.694092198791e-07
   2.709516154071e-07   1.659796873239e-07
   2.771166346437e-07   1.624191434561e-07
   2.832317613283e-07   1.584714697672e-07
   2.891911757226e-07   1.543014094389e-07
   2.949143636077e-07   1.500573472568e-07
   3.005396974452e-07   1.454651219589e-07
   3.059973450523e-07   1.406443180670e-07
   3.111894015318e-07   1.358052581053e-07
   3.162386051688e-07   1.306707401961e-07
   3.211112305858e-07   1.252979587322e-07
   3.257020410970e-07   1.199522533194e-07
   3.301111655162e-07   1.143723939189e-07
   3.343375666943e-07   1.085372311620e-07
   3.382781557050e-07   1.027552765306e-07
   3.420053456714e-07   9.680491724571e-08
   3.455432615064e-07   9.057674970111e-08
   3.487996872477e-07   8.440419224393e-08
   3.518177697241e-07   7.813073473242e-08
   3.546357315608e-07   7.155994779291e-08
   3.571791388133e-07   6.502642344330e-08
   3.594654402536e-07   5.846003362786e-08
   3.615346224042e-07   5.159145565571e-08
   3.633337067142e-07   4.473127783727e-08
   3.648630826910e-07   3.790662084771e-08
   3.661539900375e-07   3.079873409151e-08
   3.671746225913e-07   2.367249580946e-08
   3.679199339640e-07   1.665036883980e-08
   3.684059026803e-07   9.390328342593e-09
   3.686180578365e-07   2.096002440871e-09
   3.685575460233e-07  -5.026961994340e-09
   3.682229338410e-07  -1.232031559995e-08
   3.676106453837e-07  -1.965177048312e-08
   3.667372857737e-07  -2.675021185942e-08
   3.655854071013e-07  -3.393756303590e-08
   3.641539901477e-07  -4.115982393690e-08
   3.624808017595e-07  -4.810007279124e-08
   3.605365683233e-07  -5.504302886172e-08
   3.583130533219e-07  -6.201770354903e-08
   3.558709317572e-07  -6.868181939805e-08
   3.531760333481e-07  -7.526546473855e-08
   3.502026829219e-07  -8.188128138332e-08
   3.470320701384e-07  -8.818348712965e-08
   3.436349491933e-07  -9.433025192729e-08
   3.399596339641e-07  -1.005107462659e-07
   3.361012303212e-07  -1.063990711394e-07
   3.320473634279e-07  -1.120678341294e-07
   3.277161920595e-07  -1.177654275576e-07
   3.232066156614e-07  -1.232084294850e-07
   3.185349205386e-07  -1.283789712377e-07
   3.135913097685e-07  -1.335588276542e-07
   3.084667280661e-07  -1.385245806411e-07
   3.032146830480e-07  -1.431748956481e-07
   2.977054841521e-07  -1.477966557415e-07
   2.920112210665e-07  -1.522355167254e-07
   2.862257732905e-07  -1.563242560199e-07
   2.802108139582e-07  -1.603310476186e-07
   2.740112096287e-07  -1.641710509270e-07
   2.677587472484e-07  -1.676341966754e-07
   2.613179897556e-07  -1.709541236449e-07
   2.547008517252e-07  -1.741100132494e-07
   2.480701577020e-07  -1.768720443191e-07
   2.413037097381e-07  -1.794307404704e-07
   2.343765098235e-07  -1.818211354100e-07
   2.274724901917e-07  -1.838136372853e-07
   2.204921233837e-07  -1.855514257890e-07
   2.133709542839e-07  -1.871160219413e-07
   2.063018387972e-07  -1.882941519057e-07
   1.992172222747e-07  -1.891795343800e-07
   1.920132113967e-07  -1.898891576968e-07
   1.848776092716e-07  -1.902386288035e-07
   1.777837314978e-07  -1.902721273712e-07
   1.705929981057e-07  -1.901285133219e-07
   1.634733446123e-07  -1.896613560519e-07
   1.564454160856e-07  -1.888688252180e-07
   1.493468920157e-07  -1.878958955125e-07
   1.423124059933e-07  -1.866387886692e-07
   1.354110838763e-07  -1.850581585776e-07
   1.284728666621e-07  -1.832897356019e-07
   1.215900027738e-07  -1.812716983238e-07
   1.148742185989e-07  -1.789400913424e-07
   1.081647783752e-07  -1.764100340336e-07
   1.015087528000e-07  -1.736559113911e-07
   9.504846698673e-08  -1.706037632218e-07
   8.864604217289e-08  -1.673429552652e-07
   8.230649536554e-08  -1.638752038003e-07
   7.618769842021e-08  -1.601294519708e-07
