   0.000000000000e+00   0.000000000000e+00
   2.045429575137e-10   6.730329355564e-09
   8.718213536936e-10   1.343194293477e-08
   1.858045045087e-09   2.008789833668e-08
   3.425143633273e-09   2.664787927396e-08
   5.217591398003e-09   3.312553907102e-08
   7.545779694330e-09   3.945239271925e-08
   1.026699460336e-08   4.562025315251e-08
   1.319224379350e-08   5.165056685976e-08
   1.684739508468e-08   5.738107924369e-08
   2.039313188386e-08   6.302096760540e-08
   2.473953766422e-08   6.826307968272e-08
   2.910379281856e-08   7.334160340271e-08
   3.382250251252e-08   7.811629007443e-08
   3.910159752027e-08   8.245718548044e-08
   4.410500604689e-08   8.673225728795e-08
   5.005715225039e-08   9.030340650199e-08
   5.556282602908e-08   9.388403134422e-08
   6.173073373067e-08   9.682539562875e-08
   6.797521329697e-08   9.943784254525e-08
   7.407529530113e-08   1.018677555439e-07
   8.094913388159e-08   1.034151840614e-07
   8.710009627498e-08   1.051969231218e-07
   9.412441761173e-08   1.059020678184e-07
   1.006472295389e-07   1.066650299298e-07
   1.073549620415e-07   1.068640745294e-07
   1.143381845745e-07   1.063431606771e-07
   1.206524871311e-07   1.060930671678e-07
   1.277430550327e-07   1.044654616799e-07
   1.339460119232e-07   1.033951652236e-07
   1.406087577937e-07   1.011862417931e-07
   1.469422984522e-07   9.882268356332e-08
   1.529027251020e-07   9.639969628663e-08
   1.592242910618e-07   9.270592901041e-08
   1.646190780478e-07   8.987363432117e-08
   1.704761803358e-07   8.541033617191e-08
   1.755814247710e-07   8.157340476516e-08
   1.806028932670e-07   7.702463799101e-08
   1.854592808120e-07   7.182654199537e-08
   1.896191447033e-07   6.734679545128e-08
   1.939502305258e-07   6.115702709734e-08
   1.974506636591e-07   5.622752799693e-08
   2.009281726706e-07   4.989956493762e-08
   2.038856702122e-07   4.388646269333e-08
   2.064034694541e-07   3.798972716403e-08
   2.087018312291e-07   3.088830868082e-08
   2.103639734887e-07   2.520496885277e-08
   2.118044725846e-07   1.778170459796e-08
   2.127018721780e-07   1.159176849245e-08
   2.132194481869e-07   4.725498349311e-09
   2.132989066685e-07  -2.380473477919e-09
   2.129700217027e-07  -8.474118358711e-09
   2.121436907379e-07  -1.606374574736e-08
   2.110125246674e-07  -2.193828928810e-08
   2.093269360170e-07  -2.906939314036e-08
   2.073100047527e-07  -3.539178726053e-08
   2.049208230828e-07  -4.145366384741e-08
   2.019425083090e-07  -4.823777828957e-08
   1.989170012778e-07  -5.342820946475e-08
   1.951028032480e-07  -5.994363663408e-08
   1.913137230078e-07  -6.493966421498e-08
   1.869545826456e-07  -7.037868605243e-08
   1.822446799790e-07  -7.556519052514e-08
   1.775341708995e-07  -7.973572734684e-08
   1.719959389023e-07  -8.476796851678e-08
   1.668401516566e-07  -8.813714713249e-08
   1.608532100747e-07  -9.227040635152e-08
   1.550023969318e-07  -9.538721810592e-08
   1.489382621173e-07  -9.816772497375e-08
   1.423448879858e-07  -1.010736942095e-07
   1.362525372109e-07  -1.026667142393e-07
   1.292579140688e-07  -1.048769235033e-07
   1.228789319732e-07  -1.057783603542e-07
   1.159814991836e-07  -1.067883752600e-07
   1.091078320637e-07  -1.072825460258e-07
   1.025574243103e-07  -1.070134070126e-07
   9.536729831344e-08  -1.069292164246e-07
   8.901562273075e-08  -1.057012081686e-07
   8.200188888278e-08  -1.046642452106e-07
   7.556161678484e-08  -1.028207354547e-07
   6.913122784002e-08  -1.006542677658e-07
   6.257863994191e-08  -9.825785156972e-08
   5.676250307210e-08  -9.511014934023e-08
   5.045074605598e-08  -9.198960210546e-08
   4.500473540372e-08  -8.814015971365e-08
   3.937300016892e-08  -8.415962530250e-08
   3.413913316805e-08  -7.977133502621e-08
   2.936743883458e-08  -7.499164351746e-08
   2.450611616628e-08  -7.006059603561e-08
   2.047038147024e-08  -6.467145751244e-08
   1.632444684389e-08  -5.916563932849e-08
   1.284852558624e-08  -5.333115770540e-08
   9.638283510575e-09  -4.731086763725e-08
   6.742189430327e-09  -4.111089561306e-08
   4.445072119639e-09  -3.471308792498e-08
   2.322677426298e-09  -2.820416867835e-08
   8.202474002846e-10  -2.156267129477e-08
  -3.797916506840e-10  -1.484010972053e-08
  -1.103842677518e-09  -8.056177279493e-09
  -1.395830285287e-09  -1.241795141180e-09
  -1.248833400224e-09   5.583719452852e-09
  -7.089059502719e-10   1.237903469275e-08
   3.476644609764e-10   1.912836282116e-08
   1.734399135946e-09   2.580082180629e-08
   3.601000216684e-09   3.236619759062e-08
   5.923625283850e-09   3.879269790548e-08
   8.480660364531e-09   4.508981741508e-08
   1.172501251934e-08   5.114599218064e-08
   1.499731716866e-08   5.707475493674e-08
   1.895873292370e-08   6.268799732644e-08
   2.309240987542e-08   6.809665765316e-08
   2.752579064804e-08   7.324460092336e-08
   3.255783255644e-08   7.798334911133e-08
   3.740921288297e-08   8.260587525537e-08
   4.310357577577e-08   8.663371829906e-08
   4.854661973463e-08   9.055608553679e-08
   5.452609659681e-08   9.395098106235e-08
   6.071316161454e-08   9.695495885092e-08
   6.676340040345e-08   9.976962921285e-08
   7.354512183131e-08   1.017866199126e-07
   7.976958243857e-08   1.038836970137e-07
   8.672273247504e-08   1.050792689176e-07
   9.335905569236e-08   1.061609943390e-07
   1.001049980715e-07   1.067657424278e-07
   1.071680343236e-07   1.066452952417e-07
   1.136502384029e-07   1.066705973067e-07
   1.207998848348e-07   1.055073124768e-07
   1.272378826513e-07   1.046475198850e-07
   1.340195920095e-07   1.028419342037e-07
   1.405730566437e-07   1.007436630454e-07
   1.467593312182e-07   9.855816587315e-08
   1.532611010255e-07   9.523166207167e-08
   1.589546658099e-07   9.249962587309e-08
   1.650039349007e-07   8.840085828151e-08
   1.704109742714e-07   8.466319061704e-08
   1.756899142049e-07   8.031970650221e-08
   1.808109400998e-07   7.533378628274e-08
   1.852839243538e-07   7.086621554710e-08
   1.898628593331e-07   6.495669093514e-08
   1.936830959438e-07   5.996857517345e-08
   1.974311733274e-07   5.381348260677e-08
   2.006814927672e-07   4.783111074612e-08
   2.034927503163e-07   4.189254132267e-08
   2.060618314583e-07   3.494575009042e-08
   2.080097672150e-07   2.908364919780e-08
   2.097173712523e-07   2.179056506091e-08
   2.108768242943e-07   1.546182680674e-08
   2.116499988645e-07   8.534399378518e-09
   2.119783645478e-07   1.435838191434e-09
   2.118696660603e-07  -4.902477899158e-09
   2.112866264658e-07  -1.242177240579e-08
   2.103413218325e-07  -1.856128287572e-08
   2.088675151766e-07  -2.574776460814e-08
   2.070322400498e-07  -3.220221687859e-08
   2.047884787304e-07  -3.851604884419e-08
   2.020036721148e-07  -4.530427830208e-08
   1.990653485072e-07  -5.082402314904e-08
   1.954185214757e-07  -5.737994111782e-08
   1.917108427617e-07  -6.261138640332e-08
   1.874331493458e-07  -6.825941744307e-08
   1.828396727927e-07  -7.352574215053e-08
   1.781211945883e-07  -7.802262524598e-08
   1.727032245143e-07  -8.308583774297e-08
   1.675175414030e-07  -8.673882902982e-08
   1.615705525025e-07  -9.100892522108e-08
   1.557395367372e-07  -9.426313615644e-08
   1.495999075270e-07  -9.730763680596e-08
   1.430717729393e-07  -1.002454804560e-07
   1.368531580212e-07  -1.021096309985e-07
   1.298783231906e-07  -1.043818829609e-07
   1.234203044413e-07  -1.054430362207e-07
   1.164223929882e-07  -1.066178608605e-07
   1.095501754388e-07  -1.071486158498e-07
   1.028164937272e-07  -1.070845117612e-07
   9.563572219070e-08  -1.070050819618e-07
   8.912710192964e-08  -1.059162422837e-07
   8.202848348896e-08  -1.049400657578e-07
   7.552618012603e-08  -1.031287927387e-07
   6.890971511658e-08  -1.010699044386e-07
   6.235359564034e-08  -9.864371315723e-08
   5.634596435031e-08  -9.557765450188e-08
   4.998681247537e-08  -9.243711758951e-08
   4.443391268000e-08  -8.859721660838e-08
   3.866335258253e-08  -8.462721746314e-08
   3.340878185351e-08  -8.018939019989e-08
   2.846704862281e-08  -7.541659102048e-08
   2.359390450045e-08  -7.041979654682e-08
   1.944528001769e-08  -6.500151693201e-08
   1.523280232721e-08  -5.943796353584e-08
   1.172689975193e-08  -5.353841411035e-08
   8.416844413060e-09  -4.746103617133e-08
   5.529607455902e-09  -4.117880644192e-08
   3.163357752263e-09  -3.471294889580e-08
   1.038183924227e-09  -2.811789114635e-08
  -4.766154384565e-10  -2.139854287739e-08
  -1.687528298915e-09  -1.458865977986e-08
  -2.390638253698e-09  -7.722900507391e-09
  -2.667724717691e-09  -8.238036713909e-10
  -2.490178945101e-09   6.084964314671e-09
  -1.906455947417e-09   1.295660517812e-08
  -7.935140521958e-10   1.978567401155e-08
   6.370676882136e-10   2.652708421237e-08
   2.609751144346e-09   3.315668613444e-08
   4.968517115455e-09   3.964838168463e-08
   7.655229499782e-09   4.598864376699e-08
   1.097391735089e-08   5.209583823836e-08
   1.433929543147e-08   5.805896767786e-08
   1.846087367717e-08   6.368535693269e-08
   2.263108114301e-08   6.913263876315e-08
   2.727668848288e-08   7.425147330644e-08
   3.235392635391e-08   7.901425197511e-08
   3.736920534507e-08   8.359965972927e-08
   4.321045299245e-08   8.758751964791e-08
   4.870775806707e-08   9.150316511583e-08
   5.493390890846e-08   9.477475277341e-08
   6.111853566420e-08   9.778615430662e-08
   6.739553357355e-08   1.004516975075e-07
   7.424738160355e-08   1.024060929839e-07
   8.056345251585e-08   1.044143325139e-07
   8.771917756509e-08   1.054117387556e-07
   9.431954334125e-08   1.064799547303e-07
   1.013051791378e-07   1.068068434877e-07
   1.083342580261e-07   1.066433670254e-07
   1.149409866198e-07   1.064552723130e-07
   1.221769442433e-07   1.050824569747e-07
   1.285711855701e-07   1.041571179210e-07
   1.355272365990e-07   1.019793242852e-07
   1.419592833917e-07   9.987861736471e-08
   1.482611088691e-07   9.733685994392e-08
   1.547036518138e-07   9.386984083172e-08
   1.603533923721e-07   9.097462443945e-08
   1.664422137590e-07   8.649884189181e-08
   1.716790291558e-07   8.277951379358e-08
   1.769976778477e-07   7.797331350871e-08
   1.819382929131e-07   7.296982811254e-08
   1.863413563825e-07   6.821370157182e-08
   1.908028402167e-07   6.203627801923e-08
   1.944305169990e-07   5.703722317309e-08
   1.980864504690e-07   5.041149507780e-08
   2.010904155274e-07   4.453179444658e-08
   2.037569765675e-07   3.820307599300e-08
   2.060888247337e-07   3.118388341987e-08
   2.078160468428e-07   2.523701461208e-08
   2.092923203621e-07   1.759610482027e-08
   2.101867100961e-07   1.143665048158e-08
   2.107030583152e-07   4.104172905155e-09
   2.107472901267e-07  -2.853495893090e-09
   2.103605319537e-07  -9.351525850240e-09
   2.094604097517e-07  -1.698873999555e-08
   2.082451226368e-07  -2.295828311457e-08
   2.064121608907e-07  -3.044071854223e-08
   2.043114476014e-07  -3.659403848353e-08
   2.017119336288e-07  -4.308488341020e-08
   1.986134614298e-07  -4.972647136165e-08
   1.953865363415e-07  -5.510948967631e-08
   1.913460565318e-07  -6.174494475323e-08
   1.874194834826e-07  -6.660074993545e-08
   1.827304277950e-07  -7.234697867753e-08
   1.779054981100e-07  -7.725050368097e-08
   1.728693988721e-07  -8.162511680489e-08
   1.671231223279e-07  -8.651192005801e-08
   1.617583226997e-07  -8.978251768140e-08
   1.554182467755e-07  -9.398550415782e-08
   1.494718814246e-07  -9.675835353950e-08
   1.430102850011e-07  -9.963871270136e-08
   1.363032935954e-07  -1.021884592526e-07
   1.299343103739e-07  -1.036850585580e-07
   1.226842113993e-07  -1.056957788785e-07
   1.162168036547e-07  -1.062505035823e-07
   1.089603401400e-07  -1.071666645020e-07
   1.020901666617e-07  -1.071974520366e-07
   9.525081625721e-08  -1.067653252620e-07
   8.799061781661e-08  -1.062749705767e-07
   8.155553725669e-08  -1.047089031885e-07
   7.434730471086e-08  -1.033715164277e-07
   6.800601319850e-08  -1.010526110105e-07
   6.137866392375e-08  -9.860788548167e-08
   5.495881378111e-08  -9.571646584388e-08
   4.910452179943e-08  -9.221989950196e-08
   4.284362343514e-08  -8.866565374475e-08
   3.756766893074e-08  -8.438115277355e-08
   3.194110125465e-08  -8.002171852174e-08
   2.699934417106e-08  -7.516322254985e-08
   2.231518421970e-08  -7.001621802435e-08
   1.774718468099e-08  -6.463891260046e-08
   1.396306167797e-08  -5.887357398828e-08
   1.007949407752e-08  -5.297088602636e-08
   6.997934960532e-09  -4.676237199243e-08
   4.078934137119e-09  -4.039579116458e-08
   1.644200165995e-09  -3.384678012618e-08
  -2.738272203587e-10  -2.715312981823e-08
  -1.912834424299e-09  -2.034022464420e-08
  -2.944286408555e-09  -1.345544169891e-08
  -3.632128536543e-09  -6.492000440740e-09
  -3.819247194203e-09   4.808440697223e-10
  -3.564566012050e-09   7.458065288346e-09
  -2.823302396606e-09   1.441086082199e-08
  -1.724715703213e-09   2.128758969042e-08
  -9.834120973313e-12   2.808524859808e-08
   1.931606847840e-09   3.476249908011e-08
   4.491671604893e-09   4.128317262429e-08
   7.395729300212e-09   4.763233962464e-08
   1.060746817110e-08   5.379844907593e-08
   1.451315632251e-08   5.967155451584e-08
   1.834486494403e-08   6.540141135157e-08
   2.303926720803e-08   7.071100108298e-08
   2.766351005167e-08   7.584897229565e-08
   3.280092802804e-08   8.059906749708e-08
   3.835293666027e-08   8.495132528996e-08
   4.376182611532e-08   8.913566663846e-08
   5.006534313832e-08   9.261926435678e-08
   5.588923836220e-08   9.608662773069e-08
   6.249963233162e-08   9.880670244731e-08
   6.898346231516e-08   1.012852334390e-07
   7.553774867768e-08   1.033918256571e-07
   8.265725385616e-08   1.047189642142e-07
   8.915413158529e-08   1.061618509789e-07
   9.650252068970e-08   1.064826059024e-07
   1.032078534336e-07   1.069473604876e-07
   1.102901843961e-07   1.066004687649e-07
   1.173532328220e-07   1.057700087704e-07
   1.239673287577e-07   1.049287131366e-07
   1.311482627053e-07   1.028503998876e-07
   1.374582005170e-07   1.012853647680e-07
   1.442706776844e-07   9.840849569148e-08
   1.505137566119e-07   9.566735152533e-08
   1.566083979612e-07   9.244883842757e-08
   1.627465576931e-07   8.834824559488e-08
   1.681224380882e-07   8.481077049923e-08
   1.738094166719e-07   7.972922027815e-08
   1.786697907418e-07   7.542886176363e-08
   1.835395899174e-07   7.003264779702e-08
   1.879749736931e-07   6.453287318999e-08
   1.919042718008e-07   5.919824171207e-08
   1.957484640142e-07   5.261271689554e-08
   1.988416469189e-07   4.711113850256e-08
   2.018303650755e-07   4.011213624571e-08
   2.041952635519e-07   3.388766036255e-08
   2.061955630265e-07   2.715660108601e-08
   2.077829575303e-07   1.997445967005e-08
   2.088356767201e-07   1.364860564815e-08
   2.095122610124e-07   5.947909542144e-09
   2.096864228074e-07  -4.183377960623e-10
   2.094045123831e-07  -7.849129530601e-09
   2.086705804932e-07  -1.474594656562e-08
   2.075038946246e-07  -2.140839189317e-08
   2.057934482458e-07  -2.877403014631e-08
   2.038106709745e-07  -3.480809705362e-08
   2.011673052529e-07  -4.200288215588e-08
   1.983180242271e-07  -4.793184551639e-08
   1.949187799049e-07  -5.426388897941e-08
   1.911076394901e-07  -6.037011451724e-08
   1.871106680783e-07  -6.562577569189e-08
   1.823900828607e-07  -7.160164084189e-08
   1.777758090194e-07  -7.611692894111e-08
   1.724057949901e-07  -8.131987853168e-08
   1.670230871532e-07  -8.553802935122e-08
   1.613051764483e-07  -8.952010343500e-08
   1.551162179048e-07  -9.348768038343e-08
   1.491574335046e-07  -9.630245800190e-08
   1.424018006263e-07  -9.961822289104e-08
   1.360612449002e-07  -1.016557412809e-07
   1.291430692903e-07  -1.038435238656e-07
   1.222640055216e-07  -1.053760900093e-07
   1.154674263971e-07  -1.062708396700e-07
   1.081569332218e-07  -1.071936203218e-07
   1.014593965659e-07  -1.070108905873e-07
   9.410473086399e-08  -1.069933730411e-07
   8.730136229341e-08  -1.060514960365e-07
   8.031441338924e-08  -1.048648027056e-07
   7.334336870744e-08  -1.032759705730e-07
   6.687773596753e-08  -1.009767547650e-07
   5.998888979587e-08  -9.861843754302e-08
   5.390649280652e-08  -9.545186897574e-08
   4.751456578543e-08  -9.216872972677e-08
   4.164959159851e-08  -8.833041732036e-08
   3.603858158926e-08  -8.412001941084e-08
   3.046229034118e-08  -7.964800938791e-08
   2.562596148536e-08  -7.466884234314e-08
   2.063775300463e-08  -6.953165446243e-08
   1.641614337712e-08  -6.396718984685e-08
   1.231165133678e-08  -5.819463751445e-08
   8.655397128549e-09  -5.215289153338e-08
   5.522568411123e-09  -4.586891543503e-08
   2.580813311025e-09  -3.941122395273e-08
   3.273050258532e-10  -3.276541318855e-08
  -1.696991624924e-09  -2.598093699677e-08
  -3.142714961503e-09  -1.908860404426e-08
  -4.173755986890e-09  -1.211055021135e-08
  -4.752522079752e-09  -5.071282738345e-09
  -4.851830080971e-09   1.967387725713e-09
  -4.469454024113e-09   9.028859092635e-09
  -3.682421332884e-09   1.602120422351e-08
  -2.358952830695e-09   2.296392653394e-08
  -6.243355258151e-10   2.979877674122e-08
   1.511085526427e-09   3.650700620610e-08
   4.254301637907e-09   4.304566107804e-08
   7.134616163402e-09   4.942744219738e-08
   1.078126214944e-08   5.554222680297e-08
   1.450441872666e-08   6.147496430120e-08
   1.879158747356e-08   6.710099182784e-08
   2.348267604020e-08   7.241767242732e-08
   2.821860424315e-08   7.752051404024e-08
   3.378790730506e-08   8.209468199912e-08
   3.904366211440e-08   8.656200117815e-08
   4.513072717190e-08   9.040280932231e-08
   5.112509241947e-08   9.401263311841e-08
   5.735189124462e-08   9.721536209196e-08
   6.412362536881e-08   9.977845316821e-08
   7.041777991050e-08   1.023241497543e-07
   7.763545705062e-08   1.038788140993e-07
   8.423562135103e-08   1.055149464328e-07
   9.138452095511e-08   1.063226969239e-07
   9.849281006962e-08   1.067277585870e-07
   1.052865993627e-07   1.069836605092e-07
   1.127328770977e-07   1.061038388810e-07
   1.193023278150e-07   1.056417846097e-07
   1.265779853329e-07   1.038367098541e-07
   1.332140448096e-07   1.022106725107e-07
   1.398649512149e-07   9.995904325842e-08
   1.466043044761e-07   9.689325569836e-08
   1.525710511976e-07   9.428994672050e-08
   1.590558789879e-07   9.006544970149e-08
   1.645887967487e-07   8.667365900976e-08
   1.703394603429e-07   8.198460108368e-08
   1.756133425517e-07   7.727332522064e-08
   1.804135349218e-07   7.259926857671e-08
   1.852739276903e-07   6.657029486929e-08
   1.892477702158e-07   6.170393532341e-08
   1.933318314767e-07   5.505348372817e-08
   1.966691877621e-07   4.933327864639e-08
   1.997318533967e-07   4.289000857074e-08
   2.024179813750e-07   3.594142496052e-08
   2.044816541817e-07   2.991354223395e-08
   2.063179687686e-07   2.217046943665e-08
   2.075094225516e-07   1.600965147554e-08
   2.083477165515e-07   8.435207159284e-09
   2.086769803215e-07   1.476919446609e-09
   2.085504303135e-07  -5.280760791592e-09
   2.079154077501e-07  -1.303549464090e-08
   2.069150079823e-07  -1.917492900766e-08
   2.052931579904e-07  -2.692759823353e-08
   2.033881544483e-07  -3.316596208464e-08
   2.009277479714e-07  -4.000411881064e-08
   1.979992497415e-07  -4.674964556595e-08
   1.948618447201e-07  -5.243046483655e-08
   1.909286311439e-07  -5.927942422274e-08
   1.870818667428e-07  -6.431170636963e-08
   1.824120079579e-07  -7.037809030620e-08
   1.776640970855e-07  -7.537921331026e-08
   1.725798949968e-07  -8.008818081667e-08
   1.668676312168e-07  -8.509492194357e-08
   1.614463626204e-07  -8.860332360071e-08
   1.550507593229e-07  -9.301025797924e-08
   1.490800145942e-07  -9.589045371702e-08
   1.424710141330e-07  -9.903343248907e-08
   1.357484807717e-07  -1.016223933500e-07
   1.292007887396e-07  -1.033458746548e-07
   1.218794726731e-07  -1.054155362179e-07
   1.152811433015e-07  -1.060786609370e-07
   1.078553781279e-07  -1.071113675995e-07
   1.009230712926e-07  -1.071331199525e-07
   9.384687121056e-08  -1.068343021479e-07
   8.653692680962e-08  -1.062865522794e-07
   7.989166627040e-08  -1.047884268382e-07
   7.256891888940e-08  -1.034131729812e-07
   6.611777539747e-08  -1.010534935823e-07
   5.929011762863e-08  -9.860300165585e-08
   5.284492352900e-08  -9.558964692502e-08
   4.677403460167e-08  -9.207395760700e-08
   4.049001936543e-08  -8.837633970007e-08
   3.508289810770e-08  -8.401014084666e-08
   2.937015430377e-08  -7.952373949572e-08
   2.441809277893e-08  -7.451705532847e-08
   1.960409221743e-08  -6.925304529477e-08
   1.509297748458e-08  -6.369395980818e-08
   1.122250039367e-08  -5.779521513107e-08
   7.386359136702e-09  -5.170977833405e-08
   4.323977648302e-09  -4.534276133563e-08
   1.422518719502e-09  -3.880344872430e-08
  -9.043402723073e-10  -3.208353798928e-08
  -2.787170603339e-09  -2.522551537484e-08
  -4.284766962621e-09  -1.824420426352e-08
  -5.216681302083e-09  -1.120711366230e-08
  -5.751965090005e-09  -4.086195032294e-09
  -5.784116512864e-09   3.019513554175e-09
  -5.341169433966e-09   1.013368688262e-08
  -4.421632337085e-09   1.719819405675e-08
  -3.087844129868e-09   2.417748599090e-08
  -1.162963777188e-09   3.106289517888e-08
   1.015785731519e-09   3.780422297091e-08
   3.865478253952e-09   4.437221405360e-08
   6.961152435521e-09   5.075703910111e-08
   1.054560250999e-08   5.691078933819e-08
   1.463020290193e-08   6.278945023350e-08
   1.882117353491e-08   6.845765950123e-08
   2.378902588752e-08   7.370615032687e-08
   2.864405479185e-08   7.877375867132e-08
   3.420495067778e-08   8.335446244122e-08
   3.986543748267e-08   8.764066625913e-08
   4.573925210994e-08   9.157059188563e-08
   5.218367854995e-08   9.492515688044e-08
   5.831436646993e-08   9.815292850512e-08
   6.525003870165e-08   1.005774667224e-07
   7.179864159782e-08   1.029049054637e-07
   7.881808065389e-08   1.045437011058e-07
   8.589921454195e-08   1.057361673541e-07
   9.276285561169e-08   1.066987416109e-07
   1.002054910741e-07   1.067072517451e-07
   1.069812543063e-07   1.068711784921e-07
   1.143674276259e-07   1.059237045885e-07
   1.212522895432e-07   1.049713428783e-07
   1.281913138616e-07   1.033981279221e-07
   1.351936946799e-07   1.011207585053e-07
   1.415822097642e-07   9.902071723778e-08
   1.484062038622e-07   9.558984492345e-08
   1.544065214524e-07   9.267742505708e-08
   1.606336138099e-07   8.858770421495e-08
   1.663838651436e-07   8.446397064297e-08
   1.717677913068e-07   8.013446803001e-08
   1.771520982518e-07   7.474614682681e-08
   1.817388786257e-07   7.011776071444e-08
   1.864399989935e-07   6.394117641476e-08
   1.903875456189e-07   5.853952669103e-08
   1.941333371255e-07   5.226764877068e-08
   1.974574177210e-07   4.573483338861e-08
   2.002009021415e-07   3.968961397401e-08
   2.027319035635e-07   3.225733556722e-08
   2.045780380776e-07   2.611575761141e-08
   2.061316696177e-07   1.854631676372e-08
   2.071274477149e-07   1.173455516378e-08
   2.076696752519e-07   4.724599919369e-09
   2.077351196370e-07  -2.907911447553e-09
   2.073463434832e-07  -9.319613595075e-09
   2.064079005600e-07  -1.721117753499e-08
   2.051101452203e-07  -2.358391310798e-08
   2.032393590285e-07  -3.085628525009e-08
   2.009434315106e-07  -3.767940295075e-08
   1.982980970031e-07  -4.387749651085e-08
   1.949611420814e-07  -5.098094697130e-08
   1.915826869840e-07  -5.640491228835e-08
   1.873752382270e-07  -6.301363611828e-08
   1.831225014961e-07  -6.828554417784e-08
   1.783567518255e-07  -7.367461407112e-08
   1.731080149643e-07  -7.902548196599e-08
   1.679550112688e-07  -8.312316348136e-08
   1.618704845680e-07  -8.810624029856e-08
   1.561991754737e-07  -9.142009007255e-08
   1.497140797696e-07  -9.530265892941e-08
   1.432842952303e-07  -9.830189976303e-08
   1.367742477995e-07  -1.007208853236e-07
   1.296062724793e-07  -1.033432887266e-07
   1.230745864200e-07  -1.045448965427e-07
   1.155913432242e-07  -1.062774926378e-07
   1.087520542958e-07  -1.067464142040e-07
   1.014921984551e-07  -1.071418315045e-07
   9.417847957056e-08  -1.070879705013e-07
   8.736299725126e-08  -1.061513956195e-07
   7.983599547951e-08  -1.053644669332e-07
   7.326712149354e-08  -1.034450141588e-07
   6.608146018925e-08  -1.015894398755e-07
   5.947822395353e-08  -9.898833622824e-08
   5.303616793425e-08  -9.596715614892e-08
   4.643888002916e-08  -9.270944542952e-08
   4.072191387627e-08  -8.871877931522e-08
   3.454390602720e-08  -8.466281538832e-08
   2.929130339319e-08  -7.996380200041e-08
   2.397540798787e-08  -7.505201953671e-08
   1.907244337137e-08  -6.977332029908e-08
   1.475344188626e-08  -6.412686997968e-08
   1.040856452683e-08  -5.828274668952e-08
   6.936010844580e-09  -5.209189797531e-08
   3.485967237422e-09  -4.572180438445e-08
   7.162437358002e-10  -3.912227296136e-08
  -1.674297311827e-09  -3.235324189787e-08
  -3.677563263298e-09  -2.543008034758e-08
  -5.070501223727e-09  -1.841580255116e-08
  -6.128520602406e-09  -1.127926565509e-08
  -6.617189122038e-09  -4.136923326633e-09
  -6.657520172151e-09   3.059374277613e-09
  -6.207957611751e-09   1.022828949510e-08
  -5.311706487807e-09   1.734091764887e-08
  -3.837062606559e-09   2.440118005758e-08
  -2.075691621843e-09   3.132471861754e-08
   3.787173828220e-10   3.812222009679e-08
   3.072265049949e-09   4.474700025518e-08
   6.310671091912e-09   5.116699477787e-08
   1.004238160403e-08   5.734232422493e-08
   1.391298115738e-08   6.331018762073e-08
   1.860532417950e-08   6.889366950204e-08
   2.316469725653e-08   7.430075335167e-08
   2.851198490990e-08   7.923755159800e-08
   3.393469014988e-08   8.390002686916e-08
   3.962760055513e-08   8.820236244113e-08
   4.592288959811e-08   9.195134916498e-08
   5.190009748220e-08   9.556959477061e-08
   5.876194246347e-08   9.839178078841e-08
   6.520697554607e-08   1.011253012082e-07
   7.219624530452e-08   1.031595474017e-07
   7.925211366809e-08   1.047593831001e-07
   8.611879057186e-08   1.061093588441e-07
   9.361157711403e-08   1.065142418099e-07
   1.004305329549e-07   1.070558436717e-07
   1.079176920467e-07   1.064866255505e-07
   1.148988044885e-07   1.059023744331e-07
   1.219797857310e-07   1.046706561254e-07
   1.291342493463e-07   1.027494445130e-07
   1.357025230190e-07   1.009445344349e-07
   1.427233781735e-07   9.784908912682e-08
   1.489327502551e-07   9.520694237626e-08
   1.553988039256e-07   9.139496073288e-08
   1.613830012984e-07   8.754275970736e-08
   1.670442295215e-07   8.339792707602e-08
   1.726871678850e-07   7.828209234369e-08
   1.775670739431e-07   7.377705072922e-08
   1.825579876728e-07   6.781916457416e-08
   1.867966544743e-07   6.255264291550e-08
   1.908631973168e-07   5.636713008305e-08
   1.944796051359e-07   5.001469184092e-08
   1.975493834632e-07   4.393301599653e-08
   2.003865832238e-07   3.666874224003e-08
   2.025402757846e-07   3.048396564137e-08
   2.044130540717e-07   2.294494943148e-08
   2.057035198339e-07   1.617995929345e-08
   2.065504136438e-07   9.012679862959e-09
   2.069151768040e-07   1.488295147745e-09
   2.067953063672e-07  -5.147561809480e-09
   2.061526012752e-07  -1.302222689607e-08
   2.051066825155e-07  -1.951731505920e-08
   2.034867070454e-07  -2.699154271939e-08
   2.014565147406e-07  -3.379762652681e-08
   1.989938183690e-07  -4.034657645009e-08
   1.959230803575e-07  -4.743341670401e-08
   1.926997637353e-07  -5.314758971078e-08
   1.886908990515e-07  -5.992868215507e-08
   1.846284754302e-07  -6.530752099623e-08
   1.799463512191e-07  -7.107831308003e-08
   1.749222212497e-07  -7.643494663802e-08
   1.697901650029e-07  -8.093426033153e-08
   1.638720688446e-07  -8.602609072426e-08
   1.582668318769e-07  -8.957268707757e-08
   1.517960934963e-07  -9.377479951974e-08
   1.455168955979e-07  -9.683659234671e-08
   1.389000114876e-07  -9.967172058366e-08
   1.318751714102e-07  -1.023535515066e-07
   1.252575845948e-07  -1.038660323716e-07
   1.177683412778e-07  -1.058088888166e-07
   1.109633756465e-07  -1.064083331774e-07
   1.035231495308e-07  -1.071409439727e-07
   9.630921789304e-08  -1.071347468548e-07
   8.927650335016e-08  -1.065043037614e-07
   8.175369064059e-08  -1.058278948987e-07
   7.508230270141e-08  -1.040755993967e-07
   6.771484259582e-08  -1.024315718197e-07
   6.113152884938e-08  -9.988905471861e-08
   5.441026979487e-08  -9.709222325607e-08
   4.781870732870e-08  -9.388516824670e-08
   4.189080743319e-08  -9.003857474811e-08
   3.557559561483e-08  -8.607905432281e-08
   3.024544930098e-08  -8.143714414034e-08
   2.467166859418e-08  -7.663519298161e-08
   1.974257987195e-08  -7.137833643613e-08
   1.517840915630e-08  -6.580229965567e-08
   1.073799362188e-08  -5.998027983859e-08
   7.120129786258e-09  -5.381122378606e-08
   3.483196618129e-09  -4.745434692691e-08
   6.367107151523e-10  -4.085050267885e-08
  -1.951633710887e-09  -3.406786648047e-08
  -4.043527888141e-09  -2.712535249326e-08
  -5.578665292947e-09  -2.007618929072e-08
  -6.759346776639e-09  -1.289631572281e-08
  -7.349394772231e-09  -5.711835017666e-09
  -7.499421723107e-09   1.553302980138e-09
  -7.154906932159e-09   8.774160984956e-09
  -6.326883488948e-09   1.596449236775e-08
  -4.953139861709e-09   2.309772789388e-08
  -3.254892876892e-09   3.009670863277e-08
  -8.423472828537e-10   3.698169973542e-08
   1.749866512290e-09   4.368929278974e-08
   5.017673239609e-09   5.019084098839e-08
   8.639222120642e-09   5.646471397299e-08
   1.254140681578e-08   6.250633639361e-08
   1.720386562462e-08   6.818310525795e-08
   2.171994689342e-08   7.368069051516e-08
   2.715537489610e-08   7.867403556475e-08
   3.247249025988e-08   8.345651503927e-08
   3.829661781517e-08   8.778529089804e-08
   4.453315225596e-08   9.164512152823e-08
   5.056876727564e-08   9.531067279865e-08
   5.750700123493e-08   9.817297365182e-08
   6.389912332183e-08   1.010145164491e-07
   7.106326544556e-08   1.030111499122e-07
   7.803937862398e-08   1.047439243528e-07
   8.505645209130e-08   1.060492399493e-07
   9.256484710153e-08   1.065144464622e-07
   9.941956599634e-08   1.070897053869e-07
   1.070450027842e-07   1.064538372871e-07
   1.139696813651e-07   1.059889651319e-07
   1.212269154425e-07   1.046183050063e-07
   1.283406419476e-07   1.027999032625e-07
   1.350165972997e-07   1.009028442990e-07
   1.420887978935e-07   9.777824407949e-08
   1.482982216612e-07   9.517061120542e-08
   1.548857832959e-07   9.118802538259e-08
   1.608155022572e-07   8.745033809977e-08
   1.665895500154e-07   8.309723232305e-08
   1.722042599915e-07   7.803448815780e-08
   1.771238780819e-07   7.342127621714e-08
   1.821402563657e-07   6.735753098029e-08
   1.863429465770e-07   6.213924985369e-08
   1.904571272056e-07   5.571543526315e-08
   1.940101362664e-07   4.947677072857e-08
   1.971000108278e-07   4.315726492380e-08
   1.998858419998e-07   3.591841497328e-08
   2.020075577721e-07   2.964643155767e-08
   2.038408714695e-07   2.196038961384e-08
   2.050642254443e-07   1.528774807303e-08
   2.058596952999e-07   7.851713828564e-09
   2.061476287494e-07   4.716480365257e-10
   2.059505848721e-07  -6.382670370605e-09
   2.052206046037e-07  -1.422970751330e-08
   2.040893861852e-07  -2.073668692030e-08
   2.023508175679e-07  -2.837463189915e-08
   2.002493010475e-07  -3.500244321232e-08
   1.976325805471e-07  -4.180601151633e-08
   1.944896337364e-07  -4.869717480898e-08
   1.911196787503e-07  -5.454151023764e-08
   1.869889723020e-07  -6.128892452088e-08
   1.828422401284e-07  -6.655102494911e-08
   1.779602211394e-07  -7.247743118598e-08
   1.729095524699e-07  -7.755836084055e-08
   1.675522370847e-07  -8.223021044603e-08
   1.615849784734e-07  -8.709606150935e-08
   1.558379941813e-07  -9.062228997082e-08
   1.492087007957e-07  -9.479030446199e-08
   1.429222582819e-07  -9.760174433575e-08
   1.360514395664e-07  -1.005344205883e-07
   1.290790237096e-07  -1.028887230995e-07
   1.222491034353e-07  -1.044285192999e-07
   1.147288275959e-07  -1.061552845760e-07
   1.078832749094e-07  -1.065819311840e-07
   1.002625014712e-07  -1.072604240600e-07
   9.316483538217e-08  -1.069355132853e-07
   8.590535158026e-08  -1.062921466411e-07
   7.850279116975e-08  -1.053086344595e-07
   7.173920024519e-08  -1.034384544556e-07
   6.435324707963e-08  -1.016032061597e-07
   5.788449585266e-08  -9.881272419353e-08
   5.102537709507e-08  -9.591007314429e-08
   4.465322150074e-08  -9.241215822193e-08
   3.863236398251e-08  -8.844628037921e-08
   3.247353400052e-08  -8.424553473871e-08
   2.722759852753e-08  -7.942214553271e-08
   2.168441807884e-08  -7.444621514029e-08
   1.699352830257e-08  -6.897513733875e-08
   1.242763895696e-08  -6.325301811261e-08
   8.249286792272e-09  -5.723337189313e-08
   4.725261315143e-09  -5.091900757752e-08
   1.281749252591e-09  -4.439843781482e-08
  -1.347259482421e-09  -3.765963663994e-08
  -3.786561587198e-09  -3.073922610131e-08
  -5.605058341829e-09  -2.368780551497e-08
  -6.961829013571e-09  -1.652792572582e-08
  -7.875019730118e-09  -9.263521273858e-09
  -8.238107956097e-09  -2.009655221858e-09
  -8.118825077172e-09   5.320394688279e-09
  -7.536049868982e-09   1.256518573311e-08
  -6.410011871969e-09   1.978937979124e-08
  -4.800610356129e-09   2.691204758091e-08
  -2.805464903122e-09   3.389884695331e-08
  -1.126177610520e-10   4.074168194347e-08
   2.709701153692e-09   4.739522137007e-08
   6.339000201520e-09   5.380811615182e-08
   1.011726087835e-08   5.999921324302e-08
   1.440150442434e-08   6.590130248744e-08
   1.924141998153e-08   7.145401829417e-08
   2.403436228067e-08   7.679111763691e-08
   2.976838819766e-08   8.158081108316e-08
   3.519618796733e-08   8.621684388208e-08
   4.141283525273e-08   9.025422744056e-08
   4.768264917695e-08   9.396067550975e-08
   5.404821772598e-08   9.731034722270e-08
   6.110665796820e-08   9.992811493417e-08
   6.762417886918e-08   1.025203870954e-07
   7.505743578961e-08   1.041247118742e-07
   8.196933211790e-08   1.056907289286e-07
   8.928920726697e-08   1.065179776416e-07
   9.671034816581e-08   1.067868629070e-07
   1.037156008655e-07   1.069528530057e-07
   1.113797422879e-07   1.059481593327e-07
   1.182181469419e-07   1.052518703454e-07
   1.256236367476e-07   1.033294371320e-07
   1.325076904215e-07   1.013901360111e-07
   1.392874340891e-07   9.892409331850e-08
   1.461588392638e-07   9.558092233630e-08
   1.522840326679e-07   9.260209510541e-08
   1.587793639475e-07   8.816187793395e-08
   1.644297770223e-07   8.431342555467e-08
   1.701535832476e-07   7.934353289525e-08
   1.754139929293e-07   7.425210078085e-08
   1.801974387798e-07   6.911837673684e-08
   1.849002794082e-07   6.284961417510e-08
   1.888134117078e-07   5.742758267239e-08
   1.926695172724e-07   5.053569034395e-08
   1.958218497249e-07   4.437882408562e-08
   1.986447200850e-07   3.750375011075e-08
   2.010042893571e-07   3.036156802741e-08
   2.027907697506e-07   2.375499827440e-08
   2.042116557105e-07   1.592738573818e-08
   2.050357072013e-07   9.311152879488e-09
   2.054169876304e-07   1.488689898290e-09
   2.052817147227e-07  -5.585504803647e-09
   2.046522826218e-07  -1.281272426926e-08
   2.034862406317e-07  -2.042315101144e-08
   2.019309707757e-07  -2.697756912057e-08
   1.997195238802e-07  -3.465215600052e-08
   1.972425130759e-07  -4.093090939081e-08
   1.941137969570e-07  -4.795803346962e-08
   1.906287213395e-07  -5.433895238136e-08
   1.867746595719e-07  -6.028316917798e-08
   1.822609531192e-07  -6.667162081543e-08
   1.777545996858e-07  -7.166104031615e-08
   1.723978942841e-07  -7.749635618905e-08
   1.671288707795e-07  -8.198142233502e-08
   1.612656257070e-07  -8.665624493992e-08
   1.551164859528e-07  -9.088234349809e-08
   1.489892512215e-07  -9.420862104976e-08
   1.420800202250e-07  -9.793890706122e-08
   1.356469242336e-07  -1.002187682954e-07
   1.283793700880e-07  -1.029244280605e-07
   1.214313442907e-07  -1.045564083922e-07
   1.142403424762e-07  -1.058693704728e-07
   1.067304151837e-07  -1.069330134990e-07
   9.975619280194e-08  -1.069282593688e-07
   9.200068795250e-08  -1.071378301888e-07
   8.505155199314e-08  -1.061702672157e-07
   7.757604455968e-08  -1.051827219147e-07
   7.044732775736e-08  -1.035044493808e-07
   6.359734188806e-08  -1.012497819655e-07
   5.640827310971e-08  -9.882543449679e-08
   5.013235479838e-08  -9.552871243018e-08
   4.333430230013e-08  -9.217546457507e-08
   3.738372488097e-08  -8.810410112414e-08
   3.142253465746e-08  -8.375209465420e-08
   2.572895222030e-08  -7.901509783761e-08
   2.072097650702e-08  -7.379972980749e-08
   1.554969682499e-08  -6.838144961574e-08
   1.132236760223e-08  -6.251276794369e-08
   7.059789783161e-09  -5.643356692296e-08
   3.467998499222e-09  -5.005196457542e-08
   3.017932552065e-10  -4.344240651422e-08
  -2.560554346449e-09  -3.662404581457e-08
  -4.703284431592e-09  -2.965259595414e-08
  -6.604478509806e-09  -2.250285829764e-08
  -7.838405326691e-09  -1.529358833730e-08
  -8.658675130448e-09  -7.977171102653e-09
  -8.953264594212e-09  -6.295629766013e-10
  -8.755779950793e-09   6.692772517498e-09
  -8.001713772400e-09   1.403876683568e-08
  -6.862933295560e-09   2.125493086424e-08
  -5.072046060300e-09   2.842328541696e-08
  -2.934220289559e-09   3.542791223301e-08
  -2.757243337973e-10   4.227505903531e-08
   2.961321783877e-09   4.891727417934e-08
   6.355439826465e-09   5.535063941779e-08
   1.061092720401e-08   6.147029323450e-08
   1.481108596071e-08   6.737875582110e-08
   1.978144773171e-08   7.288970594503e-08
   2.495734233475e-08   7.809421912973e-08
   3.035432134775e-08   8.297685049055e-08
   3.648562176473e-08   8.730858079012e-08
   4.228598638810e-08   9.148982491344e-08
   4.903070568902e-08   9.492286897593e-08
   5.543852142816e-08   9.819484661924e-08
   6.235078460847e-08   1.008395178485e-07
   6.948348672046e-08   1.029649473253e-07
   7.635006502547e-08   1.048825413119e-07
   8.397601599876e-08   1.058180909072e-07
   9.091485341353e-08   1.068493578057e-07
   9.854993039780e-08   1.068146884502e-07
   1.057704168574e-07   1.066431326974e-07
   1.130237893795e-07   1.059109189993e-07
   1.204874018506e-07   1.043626219631e-07
   1.272936138131e-07   1.029639412579e-07
   1.346360285401e-07   1.002368309760e-07
   1.411690783170e-07   9.788109617227e-08
   1.479485951650e-07   9.442206200969e-08
   1.543180084537e-07   9.076772693287e-08
   1.603022384635e-07   8.690358201629e-08
   1.663455187407e-07   8.195390923855e-08
   1.715779893136e-07   7.760877666391e-08
   1.769520063298e-07   7.180867584202e-08
   1.815691140469e-07   6.659025379700e-08
   1.859950117041e-07   6.052164112431e-08
   1.899933850970e-07   5.415876974349e-08
   1.934030046623e-07   4.810548151809e-08
   1.966026682894e-07   4.081338674316e-08
   1.990774039870e-07   3.456061944698e-08
   2.012777384610e-07   2.697094283572e-08
   2.028669222630e-07   2.007759795273e-08
   2.039962819612e-07   1.280850095188e-08
   2.046316021466e-07   5.132011506875e-09
   2.047447387779e-07  -1.662721715847e-09
   2.043340391606e-07  -9.708142914253e-09
   2.034758853115e-07  -1.639416190082e-08
   2.020355705114e-07  -2.406843735823e-08
   2.001542227843e-07  -3.107398221424e-08
   1.978121850496e-07  -3.784466506199e-08
   1.948482349848e-07  -4.514141399477e-08
   1.916946912192e-07  -5.107050341514e-08
   1.877389597844e-07  -5.808129921555e-08
   1.837083534177e-07  -6.364916541881e-08
   1.790222425877e-07  -6.965508207720e-08
   1.739918679383e-07  -7.518578531237e-08
   1.688139518083e-07  -7.988917642480e-08
   1.628388316211e-07  -8.516069728950e-08
   1.571669945172e-07  -8.885424950769e-08
   1.505857395076e-07  -9.323661518722e-08
   1.442227224024e-07  -9.639622599019e-08
   1.374638777813e-07  -9.937891995293e-08
   1.303210162851e-07  -1.021372571428e-07
   1.235625731887e-07  -1.037326372067e-07
   1.159107192344e-07  -1.057427799771e-07
   1.089802857231e-07  -1.063558899934e-07
   1.013518668163e-07  -1.071312434708e-07
   9.401311501620e-08  -1.070900900131e-07
   8.680489982361e-08  -1.064537229284e-07
   7.913756806007e-08  -1.057146902199e-07
   7.233174644776e-08  -1.038954569901e-07
   6.480415459123e-08  -1.021666307735e-07
   5.812690084054e-08  -9.950165089870e-08
   5.125879644404e-08  -9.659347403211e-08
   4.459419631184e-08  -9.322336568625e-08
   3.856541957655e-08  -8.923305319468e-08
   3.218644730432e-08  -8.508482285638e-08
   2.681800513867e-08  -8.026409274246e-08
   2.119729592504e-08  -7.526100890249e-08
   1.628767622733e-08  -6.979359985509e-08
   1.171298982609e-08  -6.401300726464e-08
   7.335599248624e-09  -5.795952276905e-08
   3.764571679342e-09  -5.158446188164e-08
   2.238304789842e-10  -4.499293545889e-08
  -2.508128624836e-09  -3.818099706181e-08
  -4.968581198861e-09  -3.117869494092e-08
  -6.882658940269e-09  -2.402976813478e-08
  -8.249905317791e-09  -1.678700274789e-08
  -9.202090624314e-09  -9.414003353847e-09
  -9.575343897650e-09  -2.066367691793e-09
  -9.457339234701e-09   5.362704648775e-09
  -8.847900853453e-09   1.271374220157e-08
  -7.716937594247e-09   2.002496572357e-08
  -6.036520428515e-09   2.725039330761e-08
  -4.008153062609e-09   3.431846890610e-08
  -1.247807002585e-09   4.124813187804e-08
   1.681598854021e-09   4.797072656385e-08
   5.343315870250e-09   5.445692762653e-08
   9.293019711642e-09   6.069245605366e-08
   1.362063576480e-08   6.665032166835e-08
   1.861642700341e-08   7.222874123074e-08
   2.353556750537e-08   7.758131294949e-08
   2.935051112124e-08   8.239640141903e-08
   3.499037711901e-08   8.699187525226e-08
   4.125463765257e-08   9.104534141490e-08
   4.773585080676e-08   9.467853726186e-08
   5.420436848547e-08   9.799192752679e-08
   6.138689361263e-08   1.005485765705e-07
   6.808885824445e-08   1.030230133174e-07
   7.557414678430e-08   1.045796763263e-07
   8.268514853494e-08   1.059736298441e-07
   9.006808916649e-08   1.067118636409e-07
   9.761339966396e-08   1.068196279667e-07
   1.047320724350e-07   1.068125149430e-07
   1.124341045522e-07   1.056791757953e-07
   1.193958808739e-07   1.047470774742e-07
   1.268146862254e-07   1.026761089376e-07
   1.337634889096e-07   1.005047503245e-07
   1.405690201714e-07   9.782476468808e-08
   1.474256490599e-07   9.428673827666e-08
   1.535656450706e-07   9.105041767318e-08
   1.600053090693e-07   8.640869677393e-08
   1.656182682337e-07   8.231574968913e-08
   1.712724645073e-07   7.709900292108e-08
   1.764295885208e-07   7.180015697823e-08
   1.811138050229e-07   6.641308455198e-08
   1.856697662145e-07   5.992923957718e-08
   1.894335853093e-07   5.430543316411e-08
   1.931156857344e-07   4.715608525505e-08
   1.960671705693e-07   4.085035969171e-08
   1.986809998669e-07   3.373909673010e-08
   2.007988212606e-07   2.643702113075e-08
   2.023385179122e-07   1.970006969002e-08
   2.034816044675e-07   1.165589867507e-08
   2.040293442675e-07   5.004342549914e-09
   2.040992541955e-07  -3.014884251055e-09
   2.036560838004e-07  -1.012352842726e-08
   2.027033010515e-07  -1.740307571999e-08
   2.011842771575e-07  -2.511962751041e-08
   1.993148813559e-07  -3.157631680000e-08
   1.967127794810e-07  -3.936414083811e-08
   1.939149309758e-07  -4.551151611267e-08
   1.904095829467e-07  -5.250663307510e-08
