   0.000000000000e+00   0.000000000000e+00
   1.253627176298e-11   6.734537595006e-09
   5.734237761400e-11   1.346894866096e-08
   1.166732484496e-10   2.020319971723e-08
   2.323737499119e-10   2.693691679840e-08
   3.257850265389e-10   3.367061432678e-08
   5.091831110553e-10   4.040311428476e-08
   6.483784244323e-10   4.713582900564e-08
   8.986070913747e-10   5.386656429116e-08
   1.095223820688e-09   6.059771107922e-08
   1.374525052440e-09   6.732687648383e-08
   1.650979296947e-09   7.405552530728e-08
   1.959064130285e-09   8.078288976106e-08
   2.341673724792e-09   8.750769629326e-08
   2.647718709268e-09   9.423385187349e-08
   3.116765372917e-09   1.009545714092e-07
   3.444786127602e-09   1.076787977165e-07
   4.012064660033e-09   1.143943194331e-07
   4.387109013143e-09   1.211155199006e-07
   4.979666196951e-09   1.278277882843e-07
   5.429502164462e-09   1.345445047397e-07
   6.043090571040e-09   1.412535163775e-07
   6.633237907094e-09   1.479622410530e-07
   7.213054791435e-09   1.546702695195e-07
   7.916439310901e-09   1.613711826795e-07
   8.468347615457e-09   1.680782588055e-07
   9.325142014525e-09   1.747683657291e-07
   9.890325847589e-09   1.814724490158e-07
   1.080700161909e-08   1.881557018906e-07
   1.140212663313e-08   1.948557511804e-07
   1.235783312707e-08   2.015329950167e-07
   1.309993987686e-08   2.082214747125e-07
   1.402125345100e-08   2.148969790216e-07
   1.489074686295e-08   2.215739860522e-07
   1.573190802320e-08   2.282512320203e-07
   1.680921503227e-08   2.349101190730e-07
   1.761982086185e-08   2.415861000047e-07
   1.882422507066e-08   2.482310970290e-07
   1.958590400718e-08   2.549074992268e-07
   2.087638021681e-08   2.615409298531e-07
   2.174793069381e-08   2.682053698002e-07
   2.305230687419e-08   2.748323268135e-07
   2.403376203910e-08   2.814838728249e-07
   2.523201928033e-08   2.881147394707e-07
   2.644417671141e-08   2.947418454651e-07
   2.758115593365e-08   3.013733290288e-07
   2.899751359225e-08   3.079764549376e-07
   2.999641519356e-08   3.146163443237e-07
   3.156275688442e-08   3.211992466624e-07
   3.259204864247e-08   3.278320364498e-07
   3.426921869221e-08   3.343972841570e-07
   3.535165584853e-08   3.410203251945e-07
   3.694512857133e-08   3.475875490736e-07
   3.822456510848e-08   3.541850704934e-07
   3.976267403961e-08   3.607517949118e-07
   4.130147611649e-08   3.673151155501e-07
   4.263715027049e-08   3.738983934255e-07
   4.438194255322e-08   3.804316968441e-07
   4.564633450546e-08   3.870178638893e-07
   4.762614210695e-08   3.935158782873e-07
   4.885727524102e-08   4.001008069653e-07
   5.083007453700e-08   4.065915758438e-07
   5.215943777913e-08   4.131591098454e-07
   5.413258071620e-08   4.196417690423e-07
   5.572561960110e-08   4.261695080972e-07
   5.749133263721e-08   4.326712845015e-07
   5.930939712403e-08   4.391623263687e-07
   6.091296542082e-08   4.456789056545e-07
   6.307972087769e-08   4.521142693997e-07
   6.456036012573e-08   4.586413367797e-07
   6.683628208951e-08   4.650521934924e-07
   6.826557121396e-08   4.715805539527e-07
   7.064243076137e-08   4.779673481753e-07
   7.227470700110e-08   4.844595834541e-07
   7.451922214111e-08   4.908563254659e-07
   7.633650026921e-08   4.973135284582e-07
   7.837359086686e-08   5.037331354160e-07
   8.059986827614e-08   5.101186631261e-07
   8.245664964870e-08   5.165583103956e-07
   8.491511346630e-08   5.228971164371e-07
   8.655599418669e-08   5.293642267437e-07
   8.923631892575e-08   5.356563364355e-07
   9.096236434378e-08   5.421023156710e-07
   9.366226076584e-08   5.483798031118e-07
   9.546955396551e-08   5.548045961077e-07
   9.798633179750e-08   5.611027287522e-07
   1.001760593330e-07   5.674528298873e-07
   1.025197136267e-07   5.737710769064e-07
   1.050306779737e-07   5.800541124218e-07
   1.070276082540e-07   5.864255691713e-07
   1.098630008502e-07   5.926385517368e-07
   1.117996866445e-07   5.990128044106e-07
   1.148532757137e-07   6.051726884946e-07
   1.167221307159e-07   6.115516219109e-07
   1.196898584188e-07   6.177153588367e-07
   1.218163935781e-07   6.240363302242e-07
   1.246986706756e-07   6.302043242320e-07
   1.271663323474e-07   6.364483733494e-07
   1.296520687269e-07   6.426837889986e-07
   1.324869102152e-07   6.488429978005e-07
   1.347825120315e-07   6.551069035956e-07
   1.380299380083e-07   6.611685059307e-07
   1.401028719573e-07   6.674691638418e-07
   1.434136435493e-07   6.735037391602e-07
   1.455390316279e-07   6.797844358318e-07
   1.489232308352e-07   6.857891855863e-07
   1.513242421064e-07   6.920006662970e-07
   1.543731861443e-07   6.980646763837e-07
   1.570940802944e-07   7.041949339484e-07
   1.598817339634e-07   7.103046311581e-07
   1.631473691262e-07   7.162998675189e-07
   1.656025110896e-07   7.224734480779e-07
   1.690914058722e-07   7.284032578374e-07
   1.713583039895e-07   7.346101947567e-07
   1.751151520461e-07   7.404622788349e-07
   1.775174657688e-07   7.466272721106e-07
   1.811121793981e-07   7.525019022185e-07
   1.836903821040e-07   7.586141182507e-07
   1.870402131149e-07   7.645331461063e-07
   1.901856215745e-07   7.704948424267e-07
   1.931843791856e-07   7.764862272384e-07
   1.966735763489e-07   7.823483130623e-07
   1.992698006516e-07   7.884283002911e-07
   2.032029759147e-07   7.941625903318e-07
   2.057565464094e-07   8.002421752989e-07
   2.097797752368e-07   8.059359682562e-07
   2.122919409203e-07   8.120152417173e-07
   2.161778424325e-07   8.177280116721e-07
   2.191489673164e-07   8.236746365636e-07
   2.227818277842e-07   8.294379682376e-07
   2.261346626614e-07   8.352685907418e-07
   2.292392610951e-07   8.411596798493e-07
   2.331354981180e-07   8.468269974053e-07
   2.360346354487e-07   8.527611630296e-07
   2.402919968150e-07   8.583107197989e-07
   2.429102381073e-07   8.643108843562e-07
   2.472037157203e-07   8.698319035908e-07
   2.500563498698e-07   8.757538188135e-07
   2.543040994143e-07   8.812690018903e-07
   2.574726872624e-07   8.870867689664e-07
   2.611990160595e-07   8.927352802241e-07
   2.648893848367e-07   8.983859433489e-07
   2.683159785605e-07   9.041066885199e-07
   2.725851404137e-07   9.095682408917e-07
   2.755363087887e-07   9.154164376708e-07
   2.800320117009e-07   9.207907701343e-07
   2.829253460258e-07   9.266435461918e-07
   2.876496839783e-07   9.319277303066e-07
   2.907001680313e-07   9.377188499435e-07
   2.950535321266e-07   9.430975555911e-07
   2.984678206321e-07   9.487610115082e-07
   3.025318108385e-07   9.542118491897e-07
   3.066252689514e-07   9.596437242687e-07
   3.101289324596e-07   9.652556542669e-07
   3.145968420313e-07   9.705484335450e-07
   3.177543802922e-07   9.762571774920e-07
   3.227237700056e-07   9.813659093319e-07
   3.258287864016e-07   9.870775497351e-07
   3.306929477479e-07   9.921987199518e-07
   3.338897644135e-07   9.978657221944e-07
   3.385855697844e-07   1.003021845634e-06
   3.424087287499e-07   1.008462232955e-06
   3.466107220682e-07   1.013765042908e-06
   3.508613539982e-07   1.019041374315e-06
   3.545087596275e-07   1.024516713793e-06
   3.594547986435e-07   1.029532132030e-06
   3.628521150165e-07   1.035078133398e-06
   3.680111264854e-07   1.039995792089e-06
   3.711725051485e-07   1.045609876835e-06
   3.763664976657e-07   1.050491906251e-06
   3.799526441522e-07   1.055938927803e-06
   3.848739141639e-07   1.060895383020e-06
   3.888178432905e-07   1.066195653932e-06
   3.931150545092e-07   1.071358007056e-06
   3.978048868883e-07   1.076365547035e-06
   4.017317076755e-07   1.081645118673e-06
   4.069232713956e-07   1.086443584801e-06
   4.103125390599e-07   1.091906565997e-06
   4.157679938146e-07   1.096581784742e-06
   4.192774856485e-07   1.101983338256e-06
   4.247949515200e-07   1.106609275848e-06
   4.284781545966e-07   1.111927478691e-06
   4.334658898401e-07   1.116732815612e-06
   4.377702506418e-07   1.121792154103e-06
   4.423911501892e-07   1.126717700601e-06
   4.473779644076e-07   1.131487692357e-06
   4.512705025544e-07   1.136679951875e-06
   4.567054004277e-07   1.141248196877e-06
   4.603866345475e-07   1.146506870232e-06
   4.662543557333e-07   1.150874780933e-06
   4.698566292888e-07   1.156147848607e-06
   4.754341971829e-07   1.160606550827e-06
   4.793705787574e-07   1.165725482782e-06
   4.847205169381e-07   1.170251807795e-06
   4.893596878710e-07   1.175059887216e-06
   4.939648157649e-07   1.179871458728e-06
   4.991277641584e-07   1.184437526229e-06
   5.032491482681e-07   1.189431508286e-06
   5.091565433746e-07   1.193656553360e-06
   5.129502981129e-07   1.198770415175e-06
   5.188932104221e-07   1.202951818709e-06
   5.226298015573e-07   1.208072163233e-06
   5.285906431441e-07   1.212217487143e-06
   5.328803005218e-07   1.217077929809e-06
   5.382763107339e-07   1.221442178421e-06
   5.430196118554e-07   1.226081389764e-06
   5.477911583146e-07   1.230697017111e-06
   5.534437828486e-07   1.234907029573e-06
   5.577221411851e-07   1.239720486329e-06
   5.637367740119e-07   1.243739245474e-06
   5.675536630238e-07   1.248741256054e-06
   5.738735962477e-07   1.252591697199e-06
   5.779611659480e-07   1.257450599775e-06
   5.840631513439e-07   1.261370130755e-06
   5.883915608082e-07   1.266097037813e-06
   5.938988048852e-07   1.270264124346e-06
   5.990996406721e-07   1.274560671130e-06
   6.040926097574e-07   1.278942459432e-06
   6.098942587235e-07   1.282928166708e-06
   6.141107178557e-07   1.287654844639e-06
   6.204636250743e-07   1.291348192476e-06
   6.246107319228e-07   1.296087075566e-06
   6.311824979335e-07   1.299642399616e-06
   6.352619198333e-07   1.304393186133e-06
   6.414322310117e-07   1.308112154924e-06
   6.461399819828e-07   1.312533741928e-06
   6.519424503437e-07   1.316403049059e-06
   6.573356047563e-07   1.320460171985e-06
   6.622224275529e-07   1.324756774326e-06
   6.682923725109e-07   1.328447451612e-06
   6.728041543619e-07   1.332908193336e-06
   6.795133378920e-07   1.336243782852e-06
   6.836343066163e-07   1.340880154168e-06
   6.902469418588e-07   1.344231167006e-06
   6.945933064184e-07   1.348730557613e-06
   7.011267469903e-07   1.352088590869e-06
   7.060644730143e-07   1.356258019065e-06
   7.117654203143e-07   1.360016692845e-06
   7.173334576588e-07   1.363830038447e-06
   7.224712150430e-07   1.367856215505e-06
   7.289741986342e-07   1.371144992785e-06
   7.334776787167e-07   1.375481705697e-06
   7.402166670095e-07   1.378610396636e-06
   7.444757459776e-07   1.383055047678e-06
   7.514968215956e-07   1.385996331327e-06
   7.561007555476e-07   1.390231054450e-06
   7.625856532499e-07   1.393427613175e-06
   7.675944364512e-07   1.397416093405e-06
   7.734964506805e-07   1.400899839450e-06
   7.795304173996e-07   1.404294091863e-06
   7.847146841357e-07   1.408145181513e-06
   7.912513708775e-07   1.411226180875e-06
   7.957680235767e-07   1.415424578600e-06
   8.029241380762e-07   1.418121560260e-06
   8.074569738848e-07   1.422286301089e-06
   8.145210168009e-07   1.424996893909e-06
   8.190978535565e-07   1.429111948957e-06
   8.257318242300e-07   1.432032327364e-06
   8.311881154900e-07   1.435614419156e-06
   8.372220267002e-07   1.438846637678e-06
   8.433052327207e-07   1.442033069010e-06
   8.484011798767e-07   1.445782042516e-06
   8.553193928584e-07   1.448444113607e-06
   8.601152584959e-07   1.452342424374e-06
   8.674265997112e-07   1.454732460435e-06
   8.718565127634e-07   1.458822640158e-06
   8.790185986096e-07   1.461262557997e-06
   8.839757069511e-07   1.465010620752e-06
   8.908433362457e-07   1.467588744720e-06
   8.963719882429e-07   1.470961285944e-06
   9.022552656479e-07   1.474102470079e-06
   9.086409513568e-07   1.476918514897e-06
   9.140117742783e-07   1.480342546456e-06
   9.211959499806e-07   1.482627751708e-06
   9.258499969400e-07   1.486467113259e-06
   9.332123728652e-07   1.488600992809e-06
   9.379177017621e-07   1.492381901360e-06
   9.454115961484e-07   1.494391044478e-06
   9.504684190746e-07   1.497922119383e-06
   9.571715054404e-07   1.500391736117e-06
   9.628895486575e-07   1.503471432242e-06
   9.690334534446e-07   1.506261814136e-06
   9.757724133321e-07   1.508649755293e-06
   9.810091911966e-07   1.511991884353e-06
   9.882042778938e-07   1.514044342150e-06
   9.930082901795e-07   1.517639121323e-06
   1.000775372738e-06   1.519274436231e-06
   1.005610214751e-06   1.522820507570e-06
   1.012974780470e-06   1.524676965438e-06
   1.018090097547e-06   1.528008190653e-06
   1.025028377793e-06   1.530106810428e-06
   1.031146920961e-06   1.532734187650e-06
   1.037213340290e-06   1.535379017363e-06
   1.043932317433e-06   1.537563506113e-06
   1.049192486784e-06   1.540720863005e-06
   1.056821699127e-06   1.542243850293e-06
   1.061786878481e-06   1.545571782162e-06
   1.069500543469e-06   1.546990571819e-06
   1.074265410399e-06   1.550427321027e-06
   1.081827162354e-06   1.551906110633e-06
   1.087342059012e-06   1.554790259198e-06
   1.094300773885e-06   1.556645518423e-06
   1.100379439002e-06   1.559098836232e-06
   1.106360338542e-06   1.561603619621e-06
   1.113488987717e-06   1.563274223911e-06
   1.118942931190e-06   1.566117920180e-06
   1.126619128877e-06   1.567351858470e-06
   1.131409307825e-06   1.570639459343e-06
   1.139269492200e-06   1.571693916193e-06
   1.144386307300e-06   1.574714693296e-06
   1.152090858360e-06   1.575833292065e-06
   1.157558542176e-06   1.578564913736e-06
   1.164355858484e-06   1.580302702115e-06
   1.170765766935e-06   1.582304575192e-06
   1.176971048869e-06   1.584438361474e-06
   1.184250988692e-06   1.585751242780e-06
   1.189466803547e-06   1.588585385439e-06
   1.197228351813e-06   1.589491074924e-06
   1.202285557971e-06   1.592411658095e-06
   1.210411629099e-06   1.592991424935e-06
   1.215488276355e-06   1.595864379560e-06
   1.222998167911e-06   1.596862925505e-06
   1.228674865346e-06   1.599243031196e-06
   1.235719449455e-06   1.600551585419e-06
   1.242368552142e-06   1.602141991321e-06
   1.248326973666e-06   1.604247965823e-06
   1.255625089193e-06   1.605289002792e-06
   1.261000230223e-06   1.607813040012e-06
   1.269125887706e-06   1.608155001092e-06
   1.274166297682e-06   1.610907525101e-06
   1.282109104649e-06   1.611340926696e-06
   1.287247042029e-06   1.613982437467e-06
   1.295011813708e-06   1.614505992599e-06
   1.300983712080e-06   1.616442756950e-06
   1.307830520784e-06   1.617654179123e-06
   1.314430901068e-06   1.619041683004e-06
   1.320434683699e-06   1.620893037194e-06
   1.328148612936e-06   1.621326277212e-06
   1.333547536632e-06   1.623632377412e-06
   1.341539918727e-06   1.623783470517e-06
   1.346491464310e-06   1.626422748583e-06
   1.354674390521e-06   1.626361701612e-06
   1.360123848993e-06   1.628551340834e-06
   1.367790146287e-06   1.628865791337e-06
   1.373654054390e-06   1.630668928376e-06
   1.380441940675e-06   1.631672432922e-06
   1.387450515366e-06   1.632464134469e-06
   1.393533731967e-06   1.634019459194e-06
   1.401190016856e-06   1.634207566461e-06
   1.406371526729e-06   1.636494050929e-06
   1.414562771737e-06   1.636167810440e-06
   1.419802826988e-06   1.638366645947e-06
   1.428018534526e-06   1.637960174274e-06
   1.433316199413e-06   1.640070927187e-06
   1.440842284441e-06   1.640210655534e-06
   1.447046116694e-06   1.641485963248e-06
   1.453977416183e-06   1.642096440668e-06
   1.461012795909e-06   1.642588194458e-06
   1.466792850564e-06   1.644173637704e-06
   1.474580794174e-06   1.643941518532e-06
   1.479995242631e-06   1.645812908588e-06
   1.488356746411e-06   1.645005618723e-06
   1.493424331863e-06   1.647150678192e-06
   1.501450446854e-06   1.646587118417e-06
   1.506969104801e-06   1.648282746921e-06
   1.514699548938e-06   1.647930349684e-06
   1.521006834199e-06   1.648857853221e-06
   1.527606643010e-06   1.649492047346e-06
   1.534686096998e-06   1.649655588104e-06
   1.540621432695e-06   1.650859156514e-06
   1.548695573630e-06   1.650037531948e-06
   1.553946285089e-06   1.651838368582e-06
   1.562103881703e-06   1.650876462985e-06
   1.567241706806e-06   1.652743972939e-06
   1.575516184293e-06   1.651608354794e-06
   1.581194519746e-06   1.652919159123e-06
   1.588627342662e-06   1.652525749943e-06
   1.594880521869e-06   1.653238686698e-06
   1.601547570239e-06   1.653527864941e-06
   1.608984018403e-06   1.653042409237e-06
   1.614796647757e-06   1.654110855238e-06
   1.622684545679e-06   1.653124311013e-06
   1.627846892354e-06   1.654785624398e-06
   1.636266955724e-06   1.653211586699e-06
   1.641593775938e-06   1.654667950367e-06
   1.649659794532e-06   1.653377545772e-06
   1.655187835967e-06   1.654589600511e-06
   1.662600716564e-06   1.653889642619e-06
   1.669222185436e-06   1.653955077313e-06
   1.675837049895e-06   1.654000409310e-06
   1.683128468603e-06   1.653330424612e-06
   1.688711351501e-06   1.654373291578e-06
   1.696837491621e-06   1.652789029543e-06
   1.702190773706e-06   1.654020927822e-06
   1.710528854315e-06   1.652149060131e-06
   1.715624997437e-06   1.653602129503e-06
   1.723594435768e-06   1.652044635272e-06
   1.729440025995e-06   1.652671374197e-06
   1.736890874785e-06   1.651589387644e-06
   1.743420659830e-06   1.651444554743e-06
   1.749703844247e-06   1.651533666604e-06
   1.757169418464e-06   1.650339215045e-06
   1.762921466744e-06   1.650940013706e-06
   1.771103790343e-06   1.648912187290e-06
   1.776175104057e-06   1.650194094702e-06
   1.784357696232e-06   1.648095205902e-06
   1.789667535400e-06   1.649073896830e-06
   1.797768547732e-06   1.646991090847e-06
   1.803576682394e-06   1.647377121380e-06
   1.810648991024e-06   1.646350793926e-06
   1.817254912953e-06   1.645805896458e-06
   1.823667260983e-06   1.645446098504e-06
   1.831311174411e-06   1.643687240920e-06
   1.836769609925e-06   1.644332435907e-06
   1.844759089708e-06   1.642117189859e-06
   1.849904857867e-06   1.643064096069e-06
   1.858296694940e-06   1.640320917655e-06
   1.863615859274e-06   1.641022749128e-06
   1.871352428034e-06   1.638947397198e-06
   1.877117079837e-06   1.639090193682e-06
   1.884265986896e-06   1.637617535924e-06
   1.891132758213e-06   1.636434519040e-06
   1.897284612363e-06   1.636047231877e-06
   1.904719903057e-06   1.634137825912e-06
   1.910100916273e-06   1.634591648437e-06
   1.918343313025e-06   1.631665127167e-06
   1.923533518339e-06   1.632290764022e-06
   1.931630463923e-06   1.629455520663e-06
   1.936781605826e-06   1.630076815968e-06
   1.944534936274e-06   1.627572874703e-06
   1.950588625631e-06   1.627062903931e-06
   1.957552080626e-06   1.625430156390e-06
   1.964212720228e-06   1.624127025763e-06
   1.970146510531e-06   1.623672574963e-06
   1.977832057874e-06   1.621055959803e-06
   1.983280109822e-06   1.621134280475e-06
   1.991336481430e-06   1.617983740926e-06
   1.996247786797e-06   1.618667519731e-06
   2.004299331827e-06   1.615441848745e-06
   2.009709948413e-06   1.615454477135e-06
   2.017382927472e-06   1.612616731431e-06
   2.023246109500e-06   1.612005292332e-06
   2.029883371097e-06   1.610390706662e-06
   2.036741548864e-06   1.608460954948e-06
   2.042753079506e-06   1.607569447441e-06
   2.050377378341e-06   1.604589559046e-06
   2.055467139584e-06   1.604812567814e-06
   2.063418208416e-06   1.601332286069e-06
   2.068508896198e-06   1.601499107935e-06
   2.076595778599e-06   1.597755961040e-06
   2.081839704184e-06   1.597667036414e-06
   2.089126136831e-06   1.594881560420e-06
   2.095089663032e-06   1.593790817826e-06
   2.101803742761e-06   1.591678722704e-06
   2.108715980673e-06   1.589264784228e-06
   2.114335403624e-06   1.588531347601e-06
   2.121800643414e-06   1.585302181195e-06
   2.126954350518e-06   1.585129419606e-06
   2.135043849909e-06   1.580974628532e-06
   2.139996649088e-06   1.581013521428e-06
   2.147690879610e-06   1.577302381669e-06
   2.152907076775e-06   1.576924949781e-06
   2.160257088988e-06   1.573596246517e-06
   2.166358841447e-06   1.571938903324e-06
   2.172699741282e-06   1.569916169221e-06
   2.179408083163e-06   1.567345237104e-06
   2.184960297896e-06   1.566346037153e-06
   2.192632807581e-06   1.562345719173e-06
   2.197681117605e-06   1.561986596203e-06
   2.205422402452e-06   1.557795887711e-06
   2.210207587396e-06   1.557748241482e-06
   2.217938804233e-06   1.553478360703e-06
   2.223332621251e-06   1.552500850056e-06
   2.230378811410e-06   1.549117490896e-06
   2.236242391987e-06   1.547394779525e-06
   2.242389829903e-06   1.545225653671e-06
   2.249324806261e-06   1.541870198358e-06
   2.254807129402e-06   1.540593737692e-06
   2.262213281202e-06   1.536457154061e-06
   2.266963751593e-06   1.536188977434e-06
   2.274701865612e-06   1.531466768340e-06
   2.279655513607e-06   1.530834202077e-06
   2.287190154941e-06   1.526313466991e-06
   2.292323176793e-06   1.525345902071e-06
   2.299073040424e-06   1.521909199841e-06
   2.305127511645e-06   1.519478460520e-06
   2.311241648593e-06   1.516916905955e-06
   2.318010054510e-06   1.513312648354e-06
   2.323094596594e-06   1.512247190988e-06
   2.330445341251e-06   1.507654434444e-06
   2.335311811634e-06   1.506856369213e-06
   2.342977629401e-06   1.501670915943e-06
   2.347660885475e-06   1.501090410813e-06
   2.354833278919e-06   1.496572849018e-06
   2.360071010830e-06   1.495052584380e-06
   2.366820890078e-06   1.491101812281e-06
   2.372805311110e-06   1.488317738755e-06
   2.378468341682e-06   1.486005518092e-06
   2.385120346949e-06   1.482064199259e-06
   2.390236842484e-06   1.480550626620e-06
   2.397631774424e-06   1.475307588291e-06
   2.402233274391e-06   1.474555246406e-06
   2.409514238663e-06   1.469389309945e-06
   2.414179100122e-06   1.468464280074e-06
   2.421375115573e-06   1.463329379298e-06
   2.426618011476e-06   1.461374445914e-06
   2.432918753628e-06   1.457619236914e-06
   2.438721783504e-06   1.454646978855e-06
   2.444316320797e-06   1.451981556930e-06
   2.451097933391e-06   1.447266023656e-06
   2.455971747338e-06   1.445733768449e-06
   2.463000633995e-06   1.440489592053e-06
   2.467443246345e-06   1.439618222409e-06
   2.474754927897e-06   1.433776242372e-06
   2.479467500485e-06   1.432365658054e-06
   2.486270215592e-06   1.427287456575e-06
   2.491268440837e-06   1.425301132247e-06
   2.497399763888e-06   1.421289075785e-06
   2.503370087834e-06   1.417507081082e-06
   2.508761077604e-06   1.414701029783e-06
   2.515227345818e-06   1.409935595399e-06
   2.519806598557e-06   1.408488556308e-06
   2.526851767888e-06   1.402574756168e-06
   2.531348493091e-06   1.401196974453e-06
   2.538364608068e-06   1.395212228201e-06
   2.542777313530e-06   1.393908424524e-06
   2.549323562945e-06   1.388662147354e-06
   2.554472109712e-06   1.385926424928e-06
   2.560452236345e-06   1.381608145982e-06
   2.566175201925e-06   1.377711306095e-06
   2.571162159843e-06   1.375138285525e-06
   2.577607097477e-06   1.369783818777e-06
   2.582214107077e-06   1.367834532926e-06
   2.589083005530e-06   1.361555682740e-06
   2.593239542075e-06   1.360376960719e-06
   2.599936801903e-06   1.354298953977e-06
   2.604431653443e-06   1.352390788306e-06
   2.610884478466e-06   1.346656185743e-06
   2.615855036700e-06   1.343735778014e-06
   2.621364874656e-06   1.339716119765e-06
   2.627007971692e-06   1.335379528013e-06
   2.631971571967e-06   1.332327883679e-06
   2.638356816452e-06   1.326406361616e-06
   2.642604699634e-06   1.324679285777e-06
   2.649122571777e-06   1.318364173522e-06
   2.653254166906e-06   1.316784572770e-06
   2.659910425793e-06   1.310055499060e-06
   2.664284681606e-06   1.307895306305e-06
   2.670253545899e-06   1.302431313256e-06
   2.675070534393e-06   1.299269493242e-06
   2.680491396848e-06   1.294810925823e-06
   2.686165845834e-06   1.289764216690e-06
   2.690777486916e-06   1.286875079333e-06
   2.696809280906e-06   1.280954988860e-06
   2.700904502536e-06   1.279053690110e-06
   2.707417247561e-06   1.271980736619e-06
   2.711465404406e-06   1.270086639539e-06
   2.717676154317e-06   1.263512643350e-06
   2.721816369674e-06   1.261327879423e-06
   2.727626783477e-06   1.255479996652e-06
   2.732524082446e-06   1.251549562614e-06
   2.737627194120e-06   1.247111966573e-06
   2.742969503496e-06   1.242085402429e-06
   2.747301082473e-06   1.239234216303e-06
   2.753338266086e-06   1.232533788157e-06
   2.757364401750e-06   1.230259531601e-06
   2.763511729964e-06   1.223161788754e-06
   2.767248658473e-06   1.221441928127e-06
   2.773237261805e-06   1.214554571417e-06
   2.777457263487e-06   1.211634973281e-06
   2.783006813402e-06   1.205603435949e-06
   2.787607389645e-06   1.201693688000e-06
   2.792323587891e-06   1.197457803978e-06
   2.797652103123e-06   1.191725477645e-06
   2.801908136360e-06   1.188446580838e-06
   2.807683345962e-06   1.181512972879e-06
   2.811334983074e-06   1.179557050244e-06
   2.817209663240e-06   1.172231020539e-06
   2.820978619198e-06   1.169892273830e-06
   2.826776233387e-06   1.162588677201e-06
   2.830738624574e-06   1.159671696374e-06
   2.835831118572e-06   1.153932318609e-06
   2.840369927304e-06   1.149482362841e-06
   2.844987988850e-06   1.144771581054e-06
   2.850159394411e-06   1.138609640176e-06
   2.854001326613e-06   1.135708043741e-06
   2.859470727454e-06   1.128642138416e-06
   2.863069764954e-06   1.126241760523e-06
   2.868823086294e-06   1.118284119745e-06
   2.872368791177e-06   1.115908627556e-06
   2.877685058970e-06   1.108902711042e-06
   2.881514695938e-06   1.105678087991e-06
   2.886476050972e-06   1.099433334477e-06
   2.890943409240e-06   1.094405090246e-06
   2.895138317192e-06   1.090027884168e-06
   2.899988406901e-06   1.083833820649e-06
   2.903672077841e-06   1.080689618240e-06
   2.909075750660e-06   1.072839190288e-06
   2.912476280647e-06   1.070337504567e-06
   2.917770100864e-06   1.062602186689e-06
   2.921098577067e-06   1.060181325838e-06
   2.926246023069e-06   1.052668582442e-06
   2.930055607220e-06   1.048788085279e-06
   2.934617249919e-06   1.042731425267e-06
   2.938762241971e-06   1.037765843804e-06
   2.942690468546e-06   1.033342910820e-06
   2.947505328710e-06   1.026308554824e-06
   2.951004391649e-06   1.022971527402e-06
   2.956007955426e-06   1.015206266777e-06
   2.959105153491e-06   1.012907085594e-06
   2.964192932222e-06   1.004703701470e-06
   2.967511476166e-06   1.001627570735e-06
   2.972310905288e-06   9.940776522837e-07
   2.975806154006e-06   9.903372230368e-07
   2.980007604188e-06   9.843979657982e-07
   2.984116499942e-06   9.786494668517e-07
   2.987864435534e-06   9.739199821775e-07
   2.992360737208e-06   9.668017058532e-07
   2.995481329387e-06   9.638570195607e-07
   3.000246126693e-06   9.557082548337e-07
   3.003303578722e-06   9.528246091428e-07
   3.008113237815e-06   9.443195325444e-07
   3.011128942071e-06   9.414297100774e-07
   3.015503695864e-06   9.341052862413e-07
   3.018930194475e-06   9.297463997927e-07
   3.022948378873e-06   9.233787253628e-07
   3.026823927946e-06   9.173787586673e-07
   3.030140634325e-06   9.131377362034e-07
   3.034372301146e-06   9.057634590541e-07
   3.037391700977e-06   9.023569534260e-07
   3.041952694385e-06   8.936540303530e-07
   3.044718169473e-06   8.909577331048e-07
   3.049075771737e-06   8.827203582910e-07
   3.051963312629e-06   8.794572748864e-07
   3.056146842727e-06   8.715969752473e-07
   3.059411516004e-06   8.668496012835e-07
   3.062976145518e-06   8.609522750621e-07
   3.066568390716e-06   8.548548566882e-07
   3.069703775688e-06   8.503035237752e-07
   3.073795980761e-06   8.421854109434e-07
   3.076531884730e-06   8.389110922502e-07
   3.080651097331e-06   8.304533488650e-07
   3.083211521339e-06   8.276687690631e-07
   3.087366920018e-06   8.188286489709e-07
   3.090137834027e-06   8.150888708701e-07
   3.093878639608e-06   8.075668309832e-07
   3.096847063473e-06   8.028919669511e-07
   3.100146565220e-06   7.968417980877e-07
   3.103641839099e-06   7.899122608902e-07
   3.106500096264e-06   7.853786443443e-07
   3.110191601942e-06   7.774309341346e-07
   3.112640041980e-06   7.743451541244e-07
   3.116544638174e-06   7.652811117352e-07
   3.119001381431e-06   7.619858954840e-07
   3.122754479462e-06   7.532609884768e-07
   3.125219485152e-06   7.497501341611e-07
   3.128622139811e-06   7.422188138842e-07
   3.131507099361e-06   7.367430231876e-07
   3.134534943884e-06   7.305462387329e-07
   3.137688984271e-06   7.236803977523e-07
   3.140184628852e-06   7.195570835727e-07
   3.143648829559e-06   7.110754244438e-07
   3.145975238747e-06   7.074942259850e-07
   3.149538318190e-06   6.982738023250e-07
   3.151680603561e-06   6.953231987472e-07
   3.155044757798e-06   6.867036254915e-07
   3.157409357206e-06   6.825370798086e-07
   3.160546020259e-06   6.746687589263e-07
   3.163152728757e-06   6.691405376267e-07
   3.165761632183e-06   6.634827311159e-07
   3.168675913085e-06   6.562296092449e-07
   3.171006523464e-06   6.516644870485e-07
   3.174197547764e-06   6.427594661697e-07
   3.176201136896e-06   6.395725238816e-07
   3.179353103601e-06   6.305341305759e-07
   3.181351496055e-06   6.271607718831e-07
   3.184455955054e-06   6.180229643829e-07
   3.186594989999e-06   6.136970725452e-07
   3.189283371247e-06   6.063812710012e-07
   3.191637798557e-06   6.006704322325e-07
   3.194024427270e-06   5.946511182242e-07
   3.196727977489e-06   5.867643010152e-07
   3.198728199239e-06   5.825589321109e-07
   3.201514781348e-06   5.738725091340e-07
   3.203312609070e-06   5.705426804740e-07
   3.206211610770e-06   5.608530909261e-07
   3.208016938502e-06   5.572334603348e-07
   3.210673805623e-06   5.485456941233e-07
   3.212547014902e-06   5.442712666596e-07
   3.214953671333e-06   5.366909514837e-07
   3.217142651087e-06   5.302319930612e-07
   3.219193724017e-06   5.244489733610e-07
   3.221522586228e-06   5.167812532302e-07
   3.223247661126e-06   5.127126196217e-07
   3.225787858371e-06   5.033237260123e-07
   3.227400512498e-06   4.996834454844e-07
   3.229879882948e-06   4.902470232187e-07
   3.231403776068e-06   4.869059147832e-07
   3.233728702492e-06   4.780593821768e-07
   3.235457512135e-06   4.730368546865e-07
   3.237527542203e-06   4.654935934550e-07
   3.239384553330e-06   4.592262956771e-07
   3.241095306030e-06   4.538137186761e-07
   3.243183383461e-06   4.454931130790e-07
   3.244707733850e-06   4.410707239051e-07
   3.246875690807e-06   4.316840201571e-07
   3.248188856418e-06   4.285034105053e-07
   3.250304082901e-06   4.190160586767e-07
   3.251678379694e-06   4.150369523664e-07
   3.253670743544e-06   4.059842574381e-07
   3.255111387508e-06   4.011066682812e-07
   3.256790687307e-06   3.940847823045e-07
   3.258410435017e-06   3.873150592585e-07
   3.259887268343e-06   3.815245334156e-07
   3.261658940585e-06   3.729512468127e-07
   3.262864092625e-06   3.690886811993e-07
   3.264658157120e-06   3.597549187116e-07
   3.265793159994e-06   3.561326384510e-07
   3.267585134561e-06   3.461974218924e-07
   3.268705341984e-06   3.423029842301e-07
   3.270278713179e-06   3.338180826813e-07
   3.271482162300e-06   3.286699595453e-07
   3.272885570007e-06   3.212665981336e-07
   3.274241594157e-06   3.140340641667e-07
   3.275379784984e-06   3.087982359836e-07
   3.276789539390e-06   3.003722020865e-07
   3.277771429398e-06   2.963139678783e-07
   3.279256104990e-06   2.863416086616e-07
   3.280153913365e-06   2.827316839295e-07
   3.281523546769e-06   2.733038627287e-07
   3.282401745217e-06   2.694169772680e-07
   3.283658555111e-06   2.605727003851e-07
   3.284638002890e-06   2.548326255759e-07
   3.285686102321e-06   2.478669191886e-07
   3.286708315786e-06   2.408612096557e-07
   3.287570999734e-06   2.356837771029e-07
   3.288688490440e-06   2.265212450950e-07
   3.289430046644e-06   2.223902119268e-07
   3.290511662003e-06   2.127759481736e-07
   3.291156750969e-06   2.094529584835e-07
   3.292179782330e-06   1.997192206907e-07
   3.292854450843e-06   1.952093194360e-07
   3.293744466033e-06   1.865891797984e-07
   3.294425361032e-06   1.811354176031e-07
   3.295148738236e-06   1.744504603836e-07
   3.295897300293e-06   1.667276100204e-07
   3.296498378595e-06   1.613806393343e-07
   3.297248141862e-06   1.523722810171e-07
   3.297720292398e-06   1.487615266381e-07
   3.298442575951e-06   1.389291349337e-07
   3.298883404284e-06   1.350470638504e-07
   3.299535114719e-06   1.252644843653e-07
   3.299943494977e-06   1.210737527852e-07
   3.300471609603e-06   1.128929667351e-07
   3.300896732400e-06   1.068603672371e-07
   3.301325034135e-06   9.990512119013e-08
   3.301748079608e-06   9.212048764592e-08
   3.302058206943e-06   8.743910584903e-08
   3.302455804291e-06   7.833237634361e-08
   3.302704136273e-06   7.430230396681e-08
   3.303058489867e-06   6.414068051788e-08
   3.303253361691e-06   6.057575685702e-08
   3.303524066984e-06   5.130792408579e-08
   3.303691305591e-06   4.677471083787e-08
   3.303887314021e-06   3.823412088118e-08
   3.304026354152e-06   3.195243071574e-08
   3.304139476010e-06   2.569137025151e-08
   3.304235285835e-06   1.795154446611e-08
   3.304289210285e-06   1.303775257215e-08
   3.304330284032e-06   3.369812239944e-09
   3.304335238407e-06  -3.885228571551e-10
   3.304309435771e-06  -1.004694123614e-08
   3.304272116283e-06  -1.365866852562e-08
   3.304179705628e-06  -2.334435350943e-08
   3.304089366487e-06  -2.825562083976e-08
   3.303946088668e-06  -3.619844170865e-08
   3.303794204278e-06  -4.228287096762e-08
   3.303614261674e-06  -4.857402448299e-08
   3.303372168407e-06  -5.701174270440e-08
   3.303165970438e-06  -6.174745226175e-08
   3.302845189375e-06  -7.099832193004e-08
   3.302619403338e-06  -7.449765250303e-08
   3.302214015873e-06  -8.458094492060e-08
   3.301931529989e-06  -8.862761027703e-08
   3.301478811073e-06  -9.792096902272e-08
   3.301136066660e-06  -1.024917507043e-07
   3.300667334388e-06  -1.102766715184e-07
   3.300201595441e-06  -1.170727859494e-07
   3.299728407023e-06  -1.233238787079e-07
   3.299154131057e-06  -1.314802024496e-07
   3.298710395860e-06  -1.356923254499e-07
   3.298013640649e-06  -1.453113060640e-07
   3.297537687290e-06  -1.492322076355e-07
   3.296756821978e-06  -1.591988581753e-07
   3.296252774486e-06  -1.627923136874e-07
   3.295454290919e-06  -1.717780880651e-07
   3.294824450257e-06  -1.769483439560e-07
   3.294019920184e-06  -1.848594738001e-07
   3.293254893990e-06  -1.915283299760e-07
   3.292529614067e-06  -1.970775549873e-07
   3.291604191121e-06  -2.054797587450e-07
   3.290890574628e-06  -2.100427133804e-07
   3.289811315655e-06  -2.198369393020e-07
   3.289128514009e-06  -2.232440709724e-07
   3.287998202427e-06  -2.328071276685e-07
   3.287233190855e-06  -2.367823814931e-07
   3.286056616071e-06  -2.460611476407e-07
   3.285155193611e-06  -2.512477383836e-07
   3.284077858251e-06  -2.583956555397e-07
   3.283004016536e-06  -2.651334168877e-07
   3.281980625468e-06  -2.709234546046e-07
   3.280675313818e-06  -2.797516293940e-07
   3.279748191185e-06  -2.838104863051e-07
   3.278332925936e-06  -2.931636742367e-07
   3.277411319958e-06  -2.966680978225e-07
   3.275871408114e-06  -3.066574540252e-07
   3.274850367698e-06  -3.107618375722e-07
   3.273376557028e-06  -3.193424834220e-07
   3.272218256284e-06  -3.243880415815e-07
   3.270814483580e-06  -3.316461452026e-07
   3.269373319336e-06  -3.389716581599e-07
   3.268107545806e-06  -3.443464206149e-07
   3.266493204336e-06  -3.527490421541e-07
   3.265342767058e-06  -3.566026195127e-07
   3.263506252182e-06  -3.664500436410e-07
   3.262327909577e-06  -3.701568088891e-07
   3.260465645025e-06  -3.796247540929e-07
   3.259238803456e-06  -3.833749743591e-07
   3.257418876016e-06  -3.919312650994e-07
   3.255914594913e-06  -3.976092601899e-07
   3.254221352956e-06  -4.046143635886e-07
   3.252504905001e-06  -4.115690251827e-07
   3.251023021743e-06  -4.164682880223e-07
   3.249001079220e-06  -4.253462038487e-07
   3.247576660144e-06  -4.294365998542e-07
   3.245395353324e-06  -4.390139799989e-07
   3.244050515500e-06  -4.421840176755e-07
   3.241838035114e-06  -4.515027613502e-07
   3.240292726894e-06  -4.558089853093e-07
   3.238126514405e-06  -4.643251208848e-07
   3.236379009802e-06  -4.697091287915e-07
   3.234468139237e-06  -4.760447439429e-07
   3.232383346424e-06  -4.833633206818e-07
   3.230597633715e-06  -4.885009283767e-07
   3.228214450495e-06  -4.973835625013e-07
   3.226641856646e-06  -5.008181181931e-07
   3.224125154926e-06  -5.101410229718e-07
   3.222492037617e-06  -5.136880221346e-07
   3.219878340520e-06  -5.231924686148e-07
   3.218111751995e-06  -5.272887822959e-07
   3.215718279594e-06  -5.350475102070e-07
   3.213662143368e-06  -5.406035436151e-07
   3.211412672952e-06  -5.471521525460e-07
   3.208958847361e-06  -5.547197038173e-07
   3.207016613647e-06  -5.591718142266e-07
   3.204330607968e-06  -5.677198708201e-07
   3.202499041691e-06  -5.712847796578e-07
   3.199540578732e-06  -5.809876388450e-07
   3.197691279386e-06  -5.844069872228e-07
   3.194834099420e-06  -5.931821788008e-07
   3.192829370132e-06  -5.972053460651e-07
   3.190067557822e-06  -6.051288497237e-07
   3.187644591744e-06  -6.111032043540e-07
   3.185202791750e-06  -6.170385561173e-07
   3.182490965592e-06  -6.242179515014e-07
   3.180315319378e-06  -6.285299902578e-07
   3.177172036929e-06  -6.375793634472e-07
   3.175109040431e-06  -6.410942742752e-07
   3.171886627857e-06  -6.501999036536e-07
   3.169868136869e-06  -6.532855110345e-07
   3.166627834073e-06  -6.621566271418e-07
   3.164268058308e-06  -6.666665765805e-07
   3.161255408425e-06  -6.741443772842e-07
   3.158622792502e-06  -6.797018749426e-07
   3.155967536373e-06  -6.852476035849e-07
   3.152814156341e-06  -6.929486335338e-07
   3.150372420122e-06  -6.972840015281e-07
   3.146943501474e-06  -7.059401401982e-07
   3.144766068259e-06  -7.088878603587e-07
   3.141168053592e-06  -7.180020904964e-07
   3.138813877640e-06  -7.215378337538e-07
   3.135251545207e-06  -7.301989540242e-07
   3.132723738899e-06  -7.342860248155e-07
   3.129511039557e-06  -7.411841159479e-07
   3.126483970577e-06  -7.471737871041e-07
   3.123514475139e-06  -7.528106075927e-07
   3.120055836328e-06  -7.603501801769e-07
   3.117529497193e-06  -7.639526663107e-07
   3.113757524244e-06  -7.725152522178e-07
   3.111268541269e-06  -7.757865225706e-07
   3.107278359593e-06  -7.849509551598e-07
   3.104781126662e-06  -7.880802564330e-07
   3.101025315423e-06  -7.960574210157e-07
   3.098175403993e-06  -8.003895443888e-07
   3.094597179654e-06  -8.074350126601e-07
   3.091250116689e-06  -8.134768404125e-07
   3.088194106233e-06  -8.183142075437e-07
   3.084447164687e-06  -8.256489937070e-07
   3.081635593973e-06  -8.293870479454e-07
   3.077417164441e-06  -8.382335452937e-07
   3.074785789031e-06  -8.411398941894e-07
   3.070602111350e-06  -8.496116409223e-07
   3.067869208590e-06  -8.527311888052e-07
   3.063706338741e-06  -8.608900692270e-07
   3.060528179315e-06  -8.654325898537e-07
   3.056828414577e-06  -8.717260921913e-07
   3.053262020699e-06  -8.774506096734e-07
   3.049947577595e-06  -8.822090890942e-07
   3.045728324907e-06  -8.899883153853e-07
   3.042747138853e-06  -8.934315667631e-07
   3.038329434788e-06  -9.016635775562e-07
   3.035548925832e-06  -9.042796505144e-07
   3.030938888739e-06  -9.129336169524e-07
   3.027875981855e-06  -9.163450835393e-07
   3.023528380055e-06  -9.239069842568e-07
   3.020202397346e-06  -9.280280966778e-07
   3.016270672463e-06  -9.340368144071e-07
   3.012241972473e-06  -9.402611920474e-07
   3.008704830336e-06  -9.448237535767e-07
   3.004276174727e-06  -9.521292131160e-07
   3.001218184975e-06  -9.550227729247e-07
   2.996385942415e-06  -9.633946945876e-07
   2.993279029629e-06  -9.663038473019e-07
   2.988403885438e-06  -9.745946785308e-07
   2.985253884883e-06  -9.775007942032e-07
   2.980700039444e-06  -9.846105493224e-07
   2.976958130129e-06  -9.891710594544e-07
   2.972733066055e-06  -9.951041129853e-07
   2.968482200248e-06  -1.001024109959e-06
   2.964914108652e-06  -1.004842739539e-06
   2.960116707001e-06  -1.012200411475e-06
   2.956740028302e-06  -1.015318883856e-06
   2.951560404653e-06  -1.023594806490e-06
   2.948403696321e-06  -1.025948254607e-06
   2.943346631732e-06  -1.033678841716e-06
   2.939857039659e-06  -1.036859423874e-06
   2.934935444063e-06  -1.044018655536e-06
   2.930957400370e-06  -1.048438222099e-06
   2.926712606212e-06  -1.053531845903e-06
   2.922168571103e-06  -1.059376336922e-06
   2.918293355177e-06  -1.063302481146e-06
   2.913080940164e-06  -1.070812021983e-06
   2.909658676299e-06  -1.073371340651e-06
   2.904318962994e-06  -1.081046700858e-06
   2.900917164720e-06  -1.083435128311e-06
   2.895430931777e-06  -1.091322136409e-06
   2.891690614842e-06  -1.094492065162e-06
   2.886723513123e-06  -1.100831182721e-06
   2.882547063534e-06  -1.105020492853e-06
   2.878011657803e-06  -1.110078564000e-06
   2.873013754117e-06  -1.116255853952e-06
   2.869059690431e-06  -1.119675634147e-06
   2.863705093302e-06  -1.126607529944e-06
   2.860135704305e-06  -1.128929682924e-06
   2.854334387931e-06  -1.136826176204e-06
   2.850666384257e-06  -1.139286197121e-06
   2.845076280126e-06  -1.146481422058e-06
   2.841236405337e-06  -1.149258437082e-06
   2.836002029776e-06  -1.155416089252e-06
   2.831370160148e-06  -1.160019711221e-06
   2.826687913795e-06  -1.164680876286e-06
   2.821560304361e-06  -1.170351119689e-06
   2.817545506957e-06  -1.173275267523e-06
   2.811737142739e-06  -1.180432269267e-06
   2.807884883765e-06  -1.182857865564e-06
   2.801899646521e-06  -1.190272498537e-06
   2.798218014895e-06  -1.192192227892e-06
   2.792392244793e-06  -1.199076485934e-06
   2.788133897580e-06  -1.202238493081e-06
   2.782660554737e-06  -1.208153276891e-06
   2.777904508840e-06  -1.212346452075e-06
   2.773223279194e-06  -1.216310307625e-06
   2.767693677763e-06  -1.222140872008e-06
   2.763379167202e-06  -1.225156593831e-06
   2.757300698136e-06  -1.232079846987e-06
   2.753491745655e-06  -1.233857548189e-06
   2.747310587540e-06  -1.240861787371e-06
   2.743280022955e-06  -1.243036393427e-06
   2.737116332409e-06  -1.249851856164e-06
   2.732730712249e-06  -1.252704569288e-06
   2.727286393557e-06  -1.257809673821e-06
   2.722219036205e-06  -1.262034223209e-06
   2.717224364664e-06  -1.266044925451e-06
   2.711349298269e-06  -1.271878508524e-06
   2.707093739793e-06  -1.274200335460e-06
   2.700864995963e-06  -1.280650508671e-06
   2.696798075667e-06  -1.282479514074e-06
   2.690194036325e-06  -1.289576553271e-06
   2.686022605199e-06  -1.291531854500e-06
   2.679878727062e-06  -1.297530285525e-06
   2.675298543130e-06  -1.300237763281e-06
   2.669535601010e-06  -1.305323345187e-06
   2.664072794700e-06  -1.309731938849e-06
   2.659105662943e-06  -1.313078305596e-06
   2.653127721519e-06  -1.318412235967e-06
   2.648712710741e-06  -1.320546392927e-06
   2.642009862944e-06  -1.327205544119e-06
   2.637776516747e-06  -1.328886560633e-06
   2.631148991835e-06  -1.335259673408e-06
   2.626907569111e-06  -1.336871162414e-06
   2.620454556869e-06  -1.342771783672e-06
