   0.000000000000e+00   0.000000000000e+00
   5.644670359076e-11   6.734245639596e-09
   2.217544184412e-10   1.346671577428e-08
   4.931862095303e-10   2.019573376170e-08
   8.773341577217e-10   2.691940623516e-08
   1.370772296078e-09   3.363603152728e-08
   1.959021165040e-09   4.034455480154e-08
   2.646057526475e-09   4.704333112418e-08
   3.447184353693e-09   5.372986041104e-08
   4.351596333760e-09   6.040303754356e-08
   5.339135955536e-09   6.706283683713e-08
   6.425223792908e-09   7.370673662674e-08
   7.634393712146e-09   8.033087333501e-08
   8.948739493671e-09   8.693497360890e-08
   1.034455624363e-08   9.351995834556e-08
   1.184940219652e-08   1.000814061850e-07
   1.349334701709e-08   1.066137068872e-07
   1.524646819819e-08   1.131183349601e-07
   1.708022632431e-08   1.195975276138e-07
   1.903272903254e-08   1.260443756486e-07
   2.113210436428e-08   1.324522951163e-07
   2.333050696942e-08   1.388264849065e-07
   2.559679286172e-08   1.451708005256e-07
   2.798007735033e-08   1.514752957948e-07
   3.050115221727e-08   1.577338291167e-07
   3.309542753389e-08   1.639567598698e-07
   3.573734589918e-08   1.701484131821e-07
   3.848991312607e-08   1.762945917131e-07
   4.136750565987e-08   1.823900123608e-07
   4.429640013738e-08   1.884496031672e-07
   4.726393646115e-08   1.944758554323e-07
   5.034899153791e-08   2.004486436279e-07
   5.356242879094e-08   2.063628969336e-07
   5.682528776329e-08   2.122372082514e-07
   6.013785459227e-08   2.180708798459e-07
   6.359212135234e-08   2.238371372152e-07
   6.719127440991e-08   2.295320979201e-07
   7.084615434709e-08   2.351795309130e-07
   7.456593467502e-08   2.407757647056e-07
   7.844864238627e-08   2.462885070380e-07
   8.247860403793e-08   2.517191984966e-07
   8.655158813839e-08   2.570995826537e-07
   9.068705833848e-08   2.624223797438e-07
   9.498328431645e-08   2.676516284348e-07
   9.939859449217e-08   2.727986509426e-07
   1.038201527556e-07   2.779028682065e-07
   1.082863449368e-07   2.829499634511e-07
   1.128949317428e-07   2.879008931925e-07
   1.175832396958e-07   2.927773333587e-07
   1.222440472821e-07   2.976215823242e-07
   1.269415879280e-07   3.024078442754e-07
   1.317760663524e-07   3.070925051311e-07
   1.366739227666e-07   3.117043764372e-07
   1.415406112118e-07   3.162843622899e-07
   1.464643513168e-07   3.207933193093e-07
   1.515472455654e-07   3.251823817973e-07
   1.567051238868e-07   3.294873535914e-07
   1.618503955065e-07   3.337488360979e-07
   1.670868455086e-07   3.379160845604e-07
   1.725087436220e-07   3.419391437484e-07
   1.780100609329e-07   3.458672439559e-07
   1.835037283742e-07   3.497438626859e-07
   1.891036756403e-07   3.535084564637e-07
   1.948837437505e-07   3.571176087398e-07
   2.007092145786e-07   3.606406577592e-07
   2.065007946524e-07   3.641212275090e-07
   2.123850539881e-07   3.674873289255e-07
   2.184109834085e-07   3.707071283610e-07
   2.244249034991e-07   3.738681674639e-07
   2.303717145095e-07   3.770044925209e-07
   2.363951861176e-07   3.800287896106e-07
   2.425263509985e-07   3.829187590616e-07
   2.486097654135e-07   3.857708197676e-07
   2.546224074071e-07   3.886014498623e-07
   2.607248489064e-07   3.913057502307e-07
   2.669375547336e-07   3.938665939867e-07
   2.731084693230e-07   3.963846980915e-07
   2.792392139301e-07   3.988599895613e-07
   2.854989721282e-07   4.011730669820e-07
   2.918919391058e-07   4.033159894741e-07
   2.982593755891e-07   4.054002975231e-07
   3.046164151767e-07   4.074150832609e-07
   3.111289776166e-07   4.092340763515e-07
   3.177702084341e-07   4.108715603317e-07
   3.243679515114e-07   4.124572334078e-07
   3.309521497873e-07   4.139681397877e-07
   3.376787313364e-07   4.152773018778e-07
   3.444837166527e-07   4.164309591583e-07
   3.511932937735e-07   4.175711124086e-07
   3.578644423232e-07   4.186520605682e-07
   3.646440256482e-07   4.195467948849e-07
   3.714420874114e-07   4.203290663409e-07
   3.781034237988e-07   4.211363005597e-07
   3.847188876932e-07   4.218902971118e-07
   3.914307040194e-07   4.224600584482e-07
   3.981386538058e-07   4.229344024556e-07
   4.047130274836e-07   4.234361411926e-07
   4.112716757873e-07   4.238553673957e-07
   4.179513057497e-07   4.240566553644e-07
   4.246426117428e-07   4.241423549714e-07
   4.312308375245e-07   4.242269598721e-07
   4.378468676366e-07   4.241785064399e-07
   4.446106421812e-07   4.238681672174e-07
   4.513911557109e-07   4.234262762448e-07
   4.580790051245e-07   4.229684222471e-07
   4.648105316401e-07   4.223472444928e-07
   4.716763075394e-07   4.214568755003e-07
   4.785179163617e-07   4.204676682747e-07
   4.852395681312e-07   4.194892218372e-07
   4.919862999964e-07   4.183551732962e-07
   4.988172439760e-07   4.169905946403e-07
   5.055599335628e-07   4.155972291262e-07
   5.121499612572e-07   4.142570177082e-07
   5.187456531491e-07   4.127771739211e-07
   5.253842589725e-07   4.111065968428e-07
   5.318988315741e-07   4.094561016750e-07
   5.382622573522e-07   4.078659383740e-07
   5.446438717379e-07   4.061151967708e-07
   5.510679039146e-07   4.041661722098e-07
   5.573778141959e-07   4.022292324988e-07
   5.635725984909e-07   4.003096401070e-07
   5.698226631156e-07   3.981675340096e-07
   5.761347984937e-07   3.957850738350e-07
   5.823522916257e-07   3.933852660826e-07
   5.884866402886e-07   3.909532748386e-07
   5.946976110294e-07   3.882460960169e-07
   6.009624826951e-07   3.852879367511e-07
   6.071182758410e-07   3.823275117883e-07
   6.131891648767e-07   3.793292724039e-07
   6.193192914463e-07   3.760574121784e-07
   6.254537192263e-07   3.725922961161e-07
   6.314348758555e-07   3.691961541815e-07
   6.373101586009e-07   3.657941204444e-07
   6.432102505718e-07   3.621574378526e-07
   6.490603020759e-07   3.584115744197e-07
   6.547258314819e-07   3.548020774809e-07
   6.602815309975e-07   3.511999430675e-07
   6.658485818320e-07   3.473767423366e-07
   6.713467038100e-07   3.434797477011e-07
   6.766684920116e-07   3.397220364803e-07
   6.819071976001e-07   3.359256838201e-07
   6.871735990982e-07   3.318622641662e-07
   6.923835598903e-07   3.276965827488e-07
   6.974461054335e-07   3.236218012455e-07
   7.024596102291e-07   3.194304069282e-07
   7.075164267136e-07   3.149109312758e-07
   7.125200322569e-07   3.102669123474e-07
   7.173873541374e-07   3.056885598402e-07
   7.222153482393e-07   3.009511567992e-07
   7.270706766089e-07   2.958834814627e-07
   7.318424806326e-07   2.907443171254e-07
   7.364614453757e-07   2.857109619446e-07
   7.410256210764e-07   2.805360261723e-07
   7.455772864502e-07   2.750979236728e-07
   7.500028154035e-07   2.696957715875e-07
   7.542581310683e-07   2.644620774626e-07
   7.584449456675e-07   2.591161141064e-07
   7.625893850868e-07   2.535738392289e-07
   7.665884857627e-07   2.481407377225e-07
   7.704245097163e-07   2.428858067183e-07
   7.741995179793e-07   2.374945164325e-07
   7.779297137929e-07   2.319042047862e-07
   7.815248261374e-07   2.264123659289e-07
   7.849831811694e-07   2.210370888634e-07
   7.883996617812e-07   2.154449595912e-07
   7.917788320228e-07   2.096016396116e-07
   7.950364337416e-07   2.038145085129e-07
   7.981769526893e-07   1.980746186919e-07
   8.012815355580e-07   1.920518907479e-07
   8.043388676866e-07   1.857678046447e-07
   8.072685117332e-07   1.795574912715e-07
   8.100805725827e-07   1.733863291456e-07
   8.128413613163e-07   1.669402173130e-07
   8.155261600226e-07   1.603125789047e-07
   8.180657965001e-07   1.538503090370e-07
   8.204802926127e-07   1.474694309521e-07
   8.228236842057e-07   1.408702897299e-07
   8.250667606807e-07   1.342022165068e-07
   8.271590544308e-07   1.277849172666e-07
   8.291294156885e-07   1.214672148038e-07
   8.310213952233e-07   1.149554582257e-07
   8.328080491033e-07   1.084239827700e-07
   8.344559836918e-07   1.021457912446e-07
   8.359955300050e-07   9.591171016132e-08
   8.374588524297e-07   8.943390881038e-08
   8.388215580906e-07   8.290437467779e-08
   8.400606368668e-07   7.656613009282e-08
   8.412008992951e-07   7.017859554702e-08
   8.422613052357e-07   6.347918740741e-08
   8.432189380203e-07   5.670107575423e-08
   8.440581856296e-07   5.007979461510e-08
   8.447961243370e-07   4.335996825771e-08
   8.454397080649e-07   3.632963080185e-08
   8.459712534892e-07   2.928130979199e-08
   8.463847004254e-07   2.243311557647e-08
   8.466901332572e-07   1.550848824705e-08
   8.468872725021e-07   8.354715317814e-09
   8.469699103269e-07   1.305801261950e-09
   8.469417654371e-07  -5.473419326172e-09
   8.468048596900e-07  -1.229295568393e-08
   8.465557251131e-07  -1.926096836983e-08
   8.462010411049e-07  -2.604104886647e-08
   8.457487584229e-07  -3.254175983181e-08
   8.451894432545e-07  -3.910560637791e-08
   8.445170136590e-07  -4.581497248578e-08
   8.437478387913e-07  -5.234801968601e-08
   8.428882190026e-07  -5.867071515647e-08
   8.419151796028e-07  -6.514006979932e-08
   8.408206973308e-07  -7.180724563272e-08
   8.396301971273e-07  -7.834632707475e-08
   8.383469445222e-07  -8.475211175902e-08
   8.369358884965e-07  -9.137196199334e-08
   8.353922543937e-07  -9.819921926281e-08
   8.337544225460e-07  -1.048845566032e-07
   8.320228003644e-07  -1.114478676759e-07
   8.301536063153e-07  -1.182148182804e-07
   8.281531081992e-07  -1.251062907025e-07
   8.260744985174e-07  -1.317653462173e-07
   8.239115681889e-07  -1.382606329915e-07
   8.216137473982e-07  -1.448990519409e-07
   8.192015471682e-07  -1.515464237713e-07
   8.167369919271e-07  -1.578774414127e-07
   8.142001751773e-07  -1.640268384658e-07
   8.115327324118e-07  -1.702910672827e-07
   8.087654402081e-07  -1.765126407099e-07
   8.059607670252e-07  -1.824172062880e-07
   8.030812707524e-07  -1.881944240937e-07
   8.000600018477e-07  -1.941300945604e-07
   7.969353466318e-07  -2.000524774493e-07
   7.937691568495e-07  -2.057211385830e-07
   7.905090173080e-07  -2.113524270794e-07
   7.870839935060e-07  -2.172038706547e-07
   7.835462607407e-07  -2.230690247956e-07
   7.799618584470e-07  -2.287181723913e-07
   7.762672424647e-07  -2.343770192989e-07
   7.723965915104e-07  -2.402531551985e-07
   7.684251311383e-07  -2.460896099681e-07
   7.644224218582e-07  -2.516748440231e-07
   7.603125594065e-07  -2.572498779271e-07
   7.560417922180e-07  -2.629665780689e-07
   7.517086642421e-07  -2.685341953139e-07
   7.473752363480e-07  -2.737911656149e-07
   7.429482559318e-07  -2.790051540991e-07
   7.383851814352e-07  -2.842863332141e-07
   7.337967707105e-07  -2.893455232798e-07
   7.292259307881e-07  -2.940882840924e-07
   7.245594674528e-07  -2.988067982382e-07
   7.197606750642e-07  -3.035864930964e-07
   7.149436395643e-07  -3.081554635457e-07
   7.101317241365e-07  -3.124706914613e-07
   7.051959516122e-07  -3.168316965824e-07
   7.001071699961e-07  -3.212961139669e-07
   6.949873244946e-07  -3.255940358218e-07
   6.898483958751e-07  -3.297071420414e-07
   6.845546333450e-07  -3.339215106927e-07
   6.790964391840e-07  -3.382470411241e-07
   6.736130886995e-07  -3.423994878751e-07
   6.681073631838e-07  -3.463802030872e-07
   6.624431730007e-07  -3.504530400785e-07
   6.566413677453e-07  -3.545703084032e-07
   6.508560609623e-07  -3.584457940258e-07
   6.450707986583e-07  -3.621190519100e-07
   6.391496542459e-07  -3.658354483906e-07
   6.331416914085e-07  -3.695047821901e-07
   6.271992415775e-07  -3.728698207365e-07
   6.212752165093e-07  -3.760213452015e-07
   6.152307267663e-07  -3.791926766694e-07
   6.091302505434e-07  -3.822765799670e-07
   6.031109205941e-07  -3.850594849122e-07
   5.970951998584e-07  -3.876728033254e-07
   5.909409567436e-07  -3.903370713282e-07
   5.847223134113e-07  -3.929361675986e-07
   5.785647753328e-07  -3.952864051243e-07
   5.723714433795e-07  -3.975362951239e-07
   5.660056484756e-07  -3.998810899284e-07
   5.595611352727e-07  -4.021822522179e-07
   5.531628986472e-07  -4.042674933560e-07
   5.467036463897e-07  -4.062884470976e-07
   5.400651465888e-07  -4.084012759804e-07
   5.333725534144e-07  -4.104349844994e-07
   5.267487257697e-07  -4.122328772644e-07
   5.200734639150e-07  -4.139540985880e-07
   5.132536435414e-07  -4.157138327754e-07
   5.064417316846e-07  -4.173212592219e-07
   4.997411562893e-07  -4.186567984934e-07
   4.930114327037e-07  -4.198950927110e-07
   4.861800617292e-07  -4.211210277624e-07
   4.794082619669e-07  -4.221484741104e-07
   4.727657719825e-07  -4.229055044558e-07
   4.660907294936e-07  -4.235795460366e-07
   4.593225552168e-07  -4.242367721127e-07
   4.526190991205e-07  -4.247063643198e-07
   4.460203780054e-07  -4.249517283870e-07
   4.393518729306e-07  -4.251602702792e-07
   4.325664111140e-07  -4.253784579066e-07
   4.258251451833e-07  -4.254411665575e-07
   4.191526671848e-07  -4.253280557918e-07
   4.123746982364e-07  -4.252130358644e-07
   4.054707565394e-07  -4.251123201993e-07
   3.986167738213e-07  -4.248565071969e-07
   3.918260597625e-07  -4.244371759540e-07
   3.849313892883e-07  -4.240104820568e-07
   3.779488299513e-07  -4.235587165436e-07
   3.710645999280e-07  -4.229158593410e-07
   3.642689458566e-07  -4.220959937186e-07
   3.574005279497e-07  -4.212410441347e-07
   3.505062827275e-07  -4.203098209431e-07
   3.437628338876e-07  -4.191574787667e-07
   3.371257463579e-07  -4.178270768737e-07
   3.304359197502e-07  -4.164500159133e-07
   3.237553815968e-07  -4.149766277761e-07
   3.172373698255e-07  -4.132904867753e-07
   3.108062067127e-07  -4.114556133096e-07
   3.043057325565e-07  -4.095919010392e-07
   2.978061212662e-07  -4.076461192204e-07
   2.914428920580e-07  -4.055215043130e-07
   2.851239900454e-07  -4.032885241918e-07
   2.787053243490e-07  -4.010493778148e-07
   2.722741846143e-07  -3.987412948375e-07
   2.659610160867e-07  -3.962766884957e-07
   2.596679632873e-07  -3.937245930493e-07
   2.532741957475e-07  -3.911642738155e-07
   2.468935458691e-07  -3.885200271255e-07
   2.406500798251e-07  -3.857151451095e-07
   2.344375664874e-07  -3.828196318071e-07
   2.281620808291e-07  -3.798911072462e-07
   2.219578768373e-07  -3.768483622360e-07
   2.159266636232e-07  -3.736351449323e-07
   2.099470997426e-07  -3.703260380510e-07
   2.039463853266e-07  -3.669631917762e-07
   1.980613069352e-07  -3.634713142319e-07
   1.923599534762e-07  -3.598176823261e-07
   1.867067394134e-07  -3.560790226653e-07
   1.810420818539e-07  -3.522873267645e-07
   1.754947821711e-07  -3.483772070082e-07
   1.701054358656e-07  -3.443320065955e-07
   1.647340043972e-07  -3.402240146553e-07
   1.593348929435e-07  -3.360751684020e-07
   1.540344587833e-07  -3.318257199344e-07
   1.488599320280e-07  -3.274659305446e-07
   1.436782366623e-07  -3.230583657888e-07
   1.384665177732e-07  -3.186123923950e-07
   1.333569793990e-07  -3.140705496636e-07
   1.283678029940e-07  -3.094279041475e-07
   1.233771817059e-07  -3.047368741506e-07
   1.183894288604e-07  -2.999951863806e-07
   1.135379019174e-07  -2.951510519192e-07
   1.088233581407e-07  -2.902076623318e-07
   1.041330270640e-07  -2.852096241121e-07
   9.949162716758e-08  -2.801482276245e-07
   9.501899016078e-08  -2.749828519479e-07
   9.069173744038e-08  -2.697255606840e-07
   8.640374562583e-08  -2.644144932256e-07
   8.218824703657e-08  -2.590395335857e-07
   7.814334020926e-08  -2.535718096216e-07
   7.422690263009e-08  -2.480279307499e-07
   7.034120588247e-08  -2.424390655905e-07
   6.652319124335e-08  -2.367949599448e-07
   6.285461143334e-08  -2.310744939427e-07
   5.928692678427e-08  -2.252937279945e-07
   5.573677720869e-08  -2.194758048484e-07
   5.224902623353e-08  -2.136093972536e-07
   4.889742325283e-08  -2.076779959579e-07
   4.563445655697e-08  -2.016952191560e-07
   4.239577649320e-08  -1.956765541979e-07
   3.923662847551e-08  -1.896102199210e-07
   3.622161865513e-08  -1.834846732480e-07
   3.330275669042e-08  -1.773119735653e-07
   3.043361617785e-08  -1.711020294964e-07
   2.767344894992e-08  -1.648451233760e-07
   2.506970440824e-08  -1.585357265794e-07
   2.257119819760e-08  -1.521847808225e-07
   2.014459619047e-08  -1.457987231987e-07
   1.784327219556e-08  -1.393715128729e-07
   1.569466970533e-08  -1.329023088344e-07
   1.364736942650e-08  -1.263998808962e-07
   1.167748942968e-08  -1.198682169975e-07
   9.828718836733e-09  -1.133044019402e-07
   8.114854253160e-09  -1.067096437721e-07
   6.491187189960e-09  -1.000895719407e-07
   4.943603934532e-09  -9.344617509572e-08
   3.508741317217e-09  -8.677862749109e-08
   2.194518756705e-09  -8.008869110052e-08
   9.679789953131e-10  -7.337913925642e-08
  -1.744949372510e-10  -6.665087699432e-08
  -1.202449105472e-09  -5.990505677376e-08
  -2.112090715289e-09  -5.314385501899e-08
  -2.924661936608e-09  -4.636828689112e-08
  -3.636779763182e-09  -3.957944583046e-08
  -4.228550022282e-09  -3.278048015845e-08
  -4.701921020155e-09  -2.597373071767e-08
  -5.068430816801e-09  -1.915929102009e-08
  -5.323730916991e-09  -1.233899575458e-08
  -5.462322430352e-09  -5.516976015283e-09
  -5.489856879499e-09   1.305044312992e-09
  -5.408094958627e-09   8.127474354849e-09
  -5.215107983735e-09   1.494808676295e-08
  -4.917933945807e-09   2.176312323730e-08
  -4.519787172963e-09   2.857169972025e-08
  -4.010499433757e-09   3.537405612703e-08
  -3.390362767804e-09   4.216783573089e-08
  -2.674903320708e-09   4.895017531361e-08
  -1.860153531310e-09   5.572029292688e-08
  -9.234325905090e-10   6.247716151898e-08
   1.311547513289e-10   6.921823387599e-08
   1.279721486579e-09   7.594170599306e-08
   2.533914896724e-09   8.264607292586e-08
   3.925187205594e-09   8.932826835383e-08
   5.439236677752e-09   9.598621682193e-08
   7.041669688175e-09   1.026199999555e-07
   8.751833045858e-09   1.092270021426e-07
   1.060443024050e-08   1.158022717835e-07
   1.256921036085e-08   1.223459675813e-07
   1.460393446763e-08   1.288609554371e-07
   1.673903212550e-08   1.353428527511e-07
   1.900999657940e-08   1.417852888852e-07
   2.137201693983e-08   1.481920072553e-07
   2.378305479882e-08   1.545681173789e-07
   2.628932282184e-08   1.609058742868e-07
   2.892884302271e-08   1.671971415130e-07
   3.164780767173e-08   1.734490751370e-07
   3.440996476416e-08   1.796674717403e-07
   3.727867664471e-08   1.858394198172e-07
   4.029475941499e-08   1.919544023947e-07
   4.339541543118e-08   1.980230749822e-07
   4.654848552895e-08   2.040513899909e-07
   4.983078891492e-08   2.100205844110e-07
   5.327885016706e-08   2.159189900265e-07
   5.681341459331e-08   2.217631711482e-07
   6.040354896615e-08   2.275598139888e-07
   6.413510011568e-08   2.332846361774e-07
   6.802979180526e-08   2.389283113161e-07
   7.198761549631e-08   2.445164465833e-07
   7.598409933278e-08   2.500555219332e-07
   8.011366268081e-08   2.555156435444e-07
   8.437900248255e-08   2.608928892353e-07
   8.866685625647e-08   2.662218141112e-07
   9.297037533703e-08   2.715048504369e-07
   9.739522787304e-08   2.767050317087e-07
   1.019306360445e-07   2.818234325565e-07
   1.064624336032e-07   2.868998803121e-07
   1.110072933523e-07   2.919286943098e-07
   1.156835327800e-07   2.968639164188e-07
   1.204726845333e-07   3.017097043248e-07
   1.252625969045e-07   3.065091620859e-07
   1.300890851972e-07   3.112477276437e-07
   1.350781246225e-07   3.158709184744e-07
   1.401978975211e-07   3.203883543774e-07
   1.453302385188e-07   3.248494488059e-07
   1.505227390202e-07   3.292324418633e-07
   1.558986681851e-07   3.334782939913e-07
   1.613998101549e-07   3.376095427239e-07
   1.668980074335e-07   3.416852133487e-07
   1.724537699810e-07   3.456755175994e-07
   1.781800173087e-07   3.495213780131e-07
   1.839875699956e-07   3.532639654474e-07
   1.897494545393e-07   3.569683644781e-07
   1.955480041331e-07   3.605915852311e-07
   2.014860578752e-07   3.640756853579e-07
   2.074542712745e-07   3.674778872603e-07
   2.133435552746e-07   3.708600429677e-07
   2.192634624302e-07   3.741605216483e-07
   2.253122928180e-07   3.773196197251e-07
   2.313738738092e-07   3.804036678162e-07
   2.373614117077e-07   3.834658842772e-07
   2.434070693417e-07   3.864252861894e-07
   2.496048282141e-07   3.892195298340e-07
   2.558306165645e-07   3.919242194810e-07
   2.620101524455e-07   3.945874754869e-07
   2.682870842120e-07   3.971135514289e-07
   2.747396884221e-07   3.994449012734e-07
   2.812233499511e-07   4.016760042479e-07
   2.876690284053e-07   4.038544809164e-07
   2.942247529522e-07   4.058739875926e-07
   3.009397890758e-07   4.076934833760e-07
   3.076449645480e-07   4.094332280298e-07
   3.142856020636e-07   4.111347828375e-07
   3.210157424601e-07   4.126802182833e-07
   3.278538625280e-07   4.140505493909e-07
   3.346207355595e-07   4.153848772818e-07
   3.412924243289e-07   4.167048840900e-07
   3.480331990647e-07   4.178767619626e-07
   3.548417490317e-07   4.188977860828e-07
   3.615471530390e-07   4.199112400525e-07
   3.681607588955e-07   4.209104385021e-07
   3.748567009658e-07   4.217433448017e-07
   3.816229118927e-07   4.224161839633e-07
   3.882990057907e-07   4.230718605786e-07
   3.949206103088e-07   4.236797618598e-07
   4.016630948493e-07   4.240748663313e-07
   4.084971253884e-07   4.242785028091e-07
   4.152606743605e-07   4.244433576720e-07
   4.220011957435e-07   4.245239297570e-07
   4.288827614468e-07   4.243538565277e-07
   4.358445943003e-07   4.239867027301e-07
   4.427180085293e-07   4.235926163766e-07
   4.495636281203e-07   4.231096731714e-07
   4.565276981660e-07   4.223791519832e-07
   4.635155748779e-07   4.214962387131e-07
   4.703660849569e-07   4.206373256689e-07
   4.771639719908e-07   4.197112030301e-07
   4.840400675497e-07   4.185669801993e-07
   4.908805488579e-07   4.173311538330e-07
   4.975505370988e-07   4.161642113630e-07
   5.041631783518e-07   4.149357528049e-07
   5.108400806220e-07   4.134960265840e-07
   5.174638197612e-07   4.119854579856e-07
   5.239284220681e-07   4.105393536410e-07
   5.303669402237e-07   4.089916966524e-07
   5.368915576802e-07   4.071929289545e-07
   5.433804478077e-07   4.052971641543e-07
   5.497436188419e-07   4.034256528406e-07
   5.561200959891e-07   4.013903988621e-07
   5.626019836912e-07   3.990566743884e-07
   5.690510521291e-07   3.966106726783e-07
   5.753845557058e-07   3.941709591188e-07
   5.817405107057e-07   3.915365028024e-07
   5.881805196865e-07   3.886072485246e-07
   5.945476149207e-07   3.856126105157e-07
   6.007750338435e-07   3.826577565673e-07
   6.070026812445e-07   3.795250431552e-07
   6.132627200606e-07   3.761558057516e-07
   6.193943927199e-07   3.728074306793e-07
   6.253616085000e-07   3.695461751268e-07
   6.313099142145e-07   3.661297710205e-07
   6.372531952544e-07   3.625285720365e-07
   6.430435295823e-07   3.590005629177e-07
   6.486771541500e-07   3.555604745659e-07
   6.543029345645e-07   3.519399975810e-07
   6.599245799273e-07   3.481250662387e-07
   6.654081389228e-07   3.443665803003e-07
   6.707696756930e-07   3.406396584799e-07
   6.761525936313e-07   3.366615286612e-07
   6.815459849610e-07   3.324427078559e-07
   6.868193696152e-07   3.282447563255e-07
   6.919966121908e-07   3.240215921827e-07
   6.972061572665e-07   3.194949512286e-07
   7.024135273752e-07   3.147252960193e-07
   7.074882142630e-07   3.099977319712e-07
   7.124626741727e-07   3.052432882717e-07
   7.174475291720e-07   3.001996282010e-07
   7.223857990400e-07   2.949891522136e-07
   7.271582362077e-07   2.899027159527e-07
   7.318137919300e-07   2.848277459050e-07
   7.364485317720e-07   2.795159141391e-07
   7.409953761664e-07   2.741340691069e-07
   7.453590146796e-07   2.689449380452e-07
   7.496058369783e-07   2.637785644727e-07
   7.538212481604e-07   2.583912233181e-07
   7.579389330127e-07   2.529673130059e-07
   7.618870206001e-07   2.477286290514e-07
   7.657405381440e-07   2.424567938194e-07
   7.695734010750e-07   2.369124130307e-07
   7.733196487929e-07   2.312957168867e-07
   7.769206408538e-07   2.258056493351e-07
   7.804494352190e-07   2.201981869911e-07
   7.839628846392e-07   2.142579411783e-07
   7.873896025533e-07   2.082254661067e-07
   7.906784630664e-07   2.022950071498e-07
   7.938965255101e-07   1.962097511032e-07
   7.970804882155e-07   1.898025227734e-07
   8.001549949701e-07   1.833685724524e-07
   8.030814695811e-07   1.770838633589e-07
   8.059232072964e-07   1.706719808845e-07
   8.087005681638e-07   1.640201928099e-07
   8.113441331034e-07   1.574576761346e-07
   8.138340393095e-07   1.511082208229e-07
   8.162308334421e-07   1.446646372500e-07
   8.185454385673e-07   1.380519413064e-07
   8.207218128802e-07   1.315969896415e-07
   8.227558990295e-07   1.253560712178e-07
   8.247020682878e-07   1.189918890227e-07
   8.265652332119e-07   1.124500443048e-07
   8.283013681028e-07   1.060444392549e-07
   8.299133926849e-07   9.978170618735e-08
   8.314444277992e-07   9.331152422340e-08
   8.328923928615e-07   8.660972738386e-08
   8.342210550181e-07   7.999911097900e-08
   8.354344983294e-07   7.346230597712e-08
   8.365619841361e-07   6.665892559619e-08
   8.375947711058e-07   5.962331765811e-08
   8.385054160837e-07   5.270368645455e-08
   8.392993782204e-07   4.585772290338e-08
   8.399934986612e-07   3.876574166955e-08
   8.405777696166e-07   3.153287097587e-08
   8.410384814886e-07   2.451255164401e-08
   8.413830337818e-07   1.761241961699e-08
   8.416183256317e-07   1.052922847170e-08
   8.417391779725e-07   3.418091284837e-09
   8.417462639485e-07  -3.401529171154e-09
   8.416447899655e-07  -1.008752425905e-08
   8.414319967692e-07  -1.693632946931e-08
   8.411087849601e-07  -2.377385486533e-08
   8.406851543106e-07  -3.032928023407e-08
   8.401584132482e-07  -3.681306437586e-08
   8.395151976909e-07  -4.351356651448e-08
   8.387614999516e-07  -5.024127556200e-08
   8.379129623559e-07  -5.675310048049e-08
   8.369567079610e-07  -6.328406269642e-08
   8.358703063549e-07  -7.009385534164e-08
   8.346677838463e-07  -7.695265675866e-08
   8.333713929867e-07  -8.362350234262e-08
   8.319587899291e-07  -9.035160756622e-08
   8.304037924988e-07  -9.734517124982e-08
   8.287349756562e-07  -1.043193904509e-07
   8.269816431184e-07  -1.110563633823e-07
   8.251115833339e-07  -1.178204830990e-07
   8.231004477913e-07  -1.247644059542e-07
   8.209939909019e-07  -1.315696778631e-07
   8.188228520891e-07  -1.380724409482e-07
   8.165417099314e-07  -1.445685070057e-07
   8.141289273719e-07  -1.511719488191e-07
   8.116422323174e-07  -1.575678102487e-07
   8.091053404704e-07  -1.636614775187e-07
   8.064567836085e-07  -1.697771821284e-07
   8.036751639862e-07  -1.760069643996e-07
   8.008249904854e-07  -1.820511578619e-07
   7.979207105678e-07  -1.878648600566e-07
   7.948860311367e-07  -1.937813049490e-07
   7.917019569142e-07  -1.998623549301e-07
   7.884429509871e-07  -2.058031275472e-07
   7.851177740280e-07  -2.115811498754e-07
   7.816406234743e-07  -2.175166224075e-07
   7.780042718864e-07  -2.236167485921e-07
   7.742999282672e-07  -2.295551209262e-07
   7.705309740920e-07  -2.353313910017e-07
   7.666064290212e-07  -2.412451765256e-07
   7.625397097529e-07  -2.472395172675e-07
   7.584373769289e-07  -2.529842948887e-07
   7.542895389765e-07  -2.585250085831e-07
   7.500003145792e-07  -2.641464602876e-07
   7.456029029403e-07  -2.697468085657e-07
   7.412072242408e-07  -2.750277961573e-07
   7.367808728843e-07  -2.800945323101e-07
   7.322204006369e-07  -2.852244322390e-07
   7.275701103067e-07  -2.902985229280e-07
   7.229334479682e-07  -2.950638183271e-07
   7.182546241726e-07  -2.996711527854e-07
   7.134227218706e-07  -3.043875725603e-07
   7.084906387315e-07  -3.090813979099e-07
   7.035583657134e-07  -3.135263500717e-07
   6.985542198762e-07  -3.178921542690e-07
   6.933676245409e-07  -3.224183068766e-07
   6.880699674536e-07  -3.269409967668e-07
   6.827659885049e-07  -3.312409572969e-07
   6.773735736824e-07  -3.354940259389e-07
   6.717934692831e-07  -3.398957228769e-07
   6.661259779489e-07  -3.442389301657e-07
   6.604778514499e-07  -3.483209525621e-07
   6.547528273683e-07  -3.523324802322e-07
   6.488684056956e-07  -3.564241480334e-07
   6.429502809353e-07  -3.603629820687e-07
   6.370916807265e-07  -3.639908995290e-07
   6.311749810718e-07  -3.675237711868e-07
   6.251303884287e-07  -3.710808649596e-07
   6.190934788652e-07  -3.744329598246e-07
   6.131316806911e-07  -3.774781169193e-07
   6.071047385633e-07  -3.804528842878e-07
   6.009490995060e-07  -3.834571834105e-07
   5.948014877392e-07  -3.862754626834e-07
   5.887072084575e-07  -3.888453048495e-07
   5.825112544265e-07  -3.914066314426e-07
   5.761602587717e-07  -3.940346004778e-07
   5.698000756525e-07  -3.965126715905e-07
   5.634656213285e-07  -3.987956167648e-07
   5.569982329976e-07  -4.011101558548e-07
   5.503687070526e-07  -4.034909379488e-07
   5.437427512149e-07  -4.057086095858e-07
   5.371460073127e-07  -4.077339774020e-07
   5.304209029298e-07  -4.097771015683e-07
   5.235718392654e-07  -4.118275840278e-07
   5.167791231943e-07  -4.136557542884e-07
   5.100457664206e-07  -4.152653654795e-07
   5.032129387488e-07  -4.168553890695e-07
   4.963129237083e-07  -4.183846330505e-07
   4.895211647217e-07  -4.196476314531e-07
   4.828062136002e-07  -4.206898744335e-07
   4.760043460375e-07  -4.217033045400e-07
   4.691614968823e-07  -4.226347022855e-07
   4.624358700714e-07  -4.233116176561e-07
   4.557651081470e-07  -4.238096801414e-07
   4.489827344261e-07  -4.243100955101e-07
   4.421445432588e-07  -4.247511989319e-07
   4.353983184589e-07  -4.249808897089e-07
   4.286650629507e-07  -4.250853315482e-07
   4.217864182076e-07  -4.252241354580e-07
   4.148398954212e-07  -4.253163920249e-07
   4.079749584602e-07  -4.252172191207e-07
   4.011041647863e-07  -4.250147448387e-07
   3.940888223415e-07  -4.248390010400e-07
   3.870386441440e-07  -4.245846399626e-07
   3.801011124233e-07  -4.241194223606e-07
   3.731746314671e-07  -4.235394956971e-07
   3.661433035154e-07  -4.229470608847e-07
   3.591422597749e-07  -4.222236929799e-07
   3.522983447094e-07  -4.212659516711e-07
   3.454872085435e-07  -4.201839604499e-07
   3.386096143002e-07  -4.190603327673e-07
   3.318072954506e-07  -4.177806964280e-07
   3.251740831092e-07  -4.162757972292e-07
   3.185640412966e-07  -4.146652308264e-07
   3.118879064076e-07  -4.130180722994e-07
   3.052844434503e-07  -4.112294624004e-07
   2.988213612945e-07  -4.092534131634e-07
   2.923427468601e-07  -4.072076406478e-07
   2.857734209790e-07  -4.051451638447e-07
   2.792574621514e-07  -4.029632633054e-07
   2.728510371505e-07  -4.006261280046e-07
   2.664005960873e-07  -3.982408559745e-07
   2.598572476337e-07  -3.958383106566e-07
   2.533803425657e-07  -3.933127140228e-07
   2.470162988200e-07  -3.906374230555e-07
   2.406169659081e-07  -3.879086200652e-07
   2.341657801226e-07  -3.851352681137e-07
   2.278310994504e-07  -3.822152565900e-07
   2.216366649975e-07  -3.791389488334e-07
   2.154358902289e-07  -3.759952602829e-07
   2.092371173298e-07  -3.727792790011e-07
   2.031992505017e-07  -3.694036455381e-07
   1.973136673708e-07  -3.658783508675e-07
   1.914329253936e-07  -3.622861912542e-07
   1.855771749929e-07  -3.586167647806e-07
   1.798855408565e-07  -3.548002060780e-07
   1.743231332627e-07  -3.508588368281e-07
   1.687456571095e-07  -3.468666550431e-07
   1.631816032753e-07  -3.428093910643e-07
   1.577571125984e-07  -3.386284334824e-07
   1.524258209251e-07  -3.343488805349e-07
   1.470561392252e-07  -3.300318848390e-07
   1.416931424816e-07  -3.256562571767e-07
   1.364601666404e-07  -3.211693689420e-07
   1.313068233624e-07  -3.165956503073e-07
   1.261213730686e-07  -3.119822349783e-07
   1.209710302690e-07  -3.073010713484e-07
   1.159731241254e-07  -3.025076664809e-07
   1.110683595982e-07  -2.976282265867e-07
   1.061645010472e-07  -2.926984192707e-07
   1.013435823718e-07  -2.876886348285e-07
   9.670325971345e-08  -2.825672818619e-07
   9.216956326071e-08  -2.773636578310e-07
   8.766456265294e-08  -2.721053150929e-07
   8.327111801509e-08  -2.667664460204e-07
   7.906012560265e-08  -2.613281306683e-07
   7.494640705429e-08  -2.558198362805e-07
   7.086275602188e-08  -2.502626101014e-07
   6.688668966857e-08  -2.446352759276e-07
   6.306932716240e-08  -2.389265993152e-07
   5.932476043640e-08  -2.331621147524e-07
   5.559935359812e-08  -2.273561389179e-07
   5.197004106567e-08  -2.214901822828e-07
   4.847876285467e-08  -2.155566208109e-07
   4.504722407287e-08  -2.095753055446e-07
   4.164049046444e-08  -2.035540507157e-07
   3.833883482488e-08  -1.974767754859e-07
   3.517618863052e-08  -1.913392062167e-07
   3.208239400061e-08  -1.851565039457e-07
   2.904089558718e-08  -1.789321165520e-07
   2.612960089800e-08  -1.726543982012e-07
   2.336779706196e-08  -1.663233145800e-07
   2.069064881605e-08  -1.599505536965e-07
   1.809354872629e-08  -1.535377833263e-07
   1.564219470181e-08  -1.470789300541e-07
   1.333879330202e-08  -1.405769553214e-07
   1.112409323778e-08  -1.340400471501e-07
   8.998959190389e-09  -1.274693061897e-07
   7.013680135848e-09  -1.208629523104e-07
   5.159989914840e-09  -1.142244028819e-07
   3.388363094303e-09  -1.075580127768e-07
   1.703938313564e-09  -1.008644522489e-07
   1.459000215657e-10  -9.414452046999e-08
  -1.295754436620e-09  -8.740072807461e-08
  -2.656593107003e-09  -8.063416702495e-08
  -3.926021563040e-09  -7.384563193830e-08
  -5.072979236819e-09  -6.703804531066e-08
  -6.106123883479e-09  -6.021314571449e-08
  -7.046967297611e-09  -5.337018369061e-08
  -7.882248645766e-09  -4.651120786445e-08
  -8.591946270835e-09  -3.964116326387e-08
  -9.184710674901e-09  -3.276116179098e-08
  -9.671153972708e-09  -2.586982097984e-08
  -1.004165931603e-08  -1.897080418178e-08
  -1.029039617743e-08  -1.206990502696e-08
  -1.042498310668e-08  -5.167150834644e-09
  -1.044736909948e-08   1.739003918566e-09
  -1.035545850589e-08   8.644150644090e-09
  -1.015508026049e-08   1.554320824511e-08
  -9.847740134730e-09   2.243727048824e-08
  -9.426185286757e-09   2.932767941535e-08
  -8.895131824551e-09   3.621010339069e-08
  -8.266722959787e-09   4.308063963867e-08
  -7.531712894231e-09   4.994050315083e-08
  -6.673200215653e-09   5.678995445137e-08
  -5.702775759059e-09   6.362482729615e-08
  -4.637142893204e-09   7.044212214433e-08
  -3.455807223612e-09   7.724192844671e-08
  -2.136048748252e-09   8.402262893672e-08
  -7.012823068672e-10   9.078070947522e-08
   8.259839855193e-10   9.751439483886e-08
   2.476039857671e-09   1.042220242178e-07
   4.270624201487e-09   1.109003908964e-07
   6.169502948855e-09   1.175483528776e-07
   8.146828749166e-09   1.241660699437e-07
   1.024354637724e-08   1.307497285444e-07
   1.247651824703e-08   1.372955742278e-07
   1.479065805472e-08   1.438064402251e-07
   1.716436259902e-08   1.502839267425e-07
   1.965244067639e-08   1.567209319415e-07
   2.226870295121e-08   1.631134535517e-07
   2.494984385513e-08   1.694682399189e-07
   2.768437199232e-08   1.757865398157e-07
   3.054275816640e-08   1.820562486356e-07
   3.353761601422e-08   1.882726400362e-07
   3.659906998633e-08   1.944459902332e-07
   3.972477019625e-08   2.005759895708e-07
   4.299759955548e-08   2.066446492091e-07
   4.642315419812e-08   2.126474998762e-07
   4.991899873787e-08   2.185999151822e-07
   5.348858252339e-08   2.245000899602e-07
   5.722081928782e-08   2.303248253155e-07
   6.110355262107e-08   2.360734208158e-07
   6.503823141357e-08   2.417688700062e-07
   6.903725176972e-08   2.474071846205e-07
   7.319181044047e-08   2.529610407475e-07
   7.746733013921e-08   2.584370231373e-07
   8.175690502340e-08   2.638655193146e-07
   8.609101119746e-08   2.692372564567e-07
   9.056438487123e-08   2.745204898189e-07
   9.512648068641e-08   2.797290122796e-07
   9.967474588082e-08   2.848968234248e-07
   1.042634297486e-07   2.900055149794e-07
   1.089938929290e-07   2.950171056203e-07
   1.138076002459e-07   2.999502300183e-07
   1.186100227092e-07   3.048398093818e-07
   1.234758131265e-07   3.096569312807e-07
   1.285103434628e-07   3.143571843936e-07
   1.336435343161e-07   3.189653709097e-07
   1.387814212125e-07   3.235193063053e-07
   1.440110417229e-07   3.279810788744e-07
   1.494310656419e-07   3.323039687161e-07
   1.549476077546e-07   3.365256205619e-07
   1.604627646082e-07   3.406894862148e-07
   1.660736854444e-07   3.447491905265e-07
   1.718621148645e-07   3.486617126186e-07
   1.777059620105e-07   3.524830305199e-07
   1.835133471688e-07   3.562589375726e-07
   1.893970629293e-07   3.599315395674e-07
   1.954210509701e-07   3.634641292829e-07
   2.014465039930e-07   3.669283198607e-07
   2.074034770023e-07   3.703633744435e-07
   2.134255292746e-07   3.736953604207e-07
   2.195664613009e-07   3.768907897941e-07
   2.256854462993e-07   3.800292449790e-07
   2.317390772786e-07   3.831376694001e-07
   2.378794441723e-07   3.861244382492e-07
   2.441539800890e-07   3.889567083541e-07
   2.504201704650e-07   3.917207577031e-07
   2.566515486105e-07   3.944338720605e-07
   2.630087913797e-07   3.969905625231e-07
   2.695232558612e-07   3.993648918294e-07
   2.760386500381e-07   4.016581270418e-07
   2.825365525251e-07   4.038827195531e-07
   2.891764903839e-07   4.059252665208e-07
   2.959595183842e-07   4.077790249355e-07
   3.027112829524e-07   4.095665933906e-07
   3.094275740641e-07   4.112917649867e-07
   3.162647735024e-07   4.128355209251e-07
   3.231911454519e-07   4.142168859156e-07
   3.300285226459e-07   4.155727925142e-07
   3.368013480088e-07   4.168863398150e-07
   3.436666437500e-07   4.180302411650e-07
   3.505723473673e-07   4.190431174444e-07
   3.573549970907e-07   4.200612530573e-07
   3.640726055352e-07   4.210386145275e-07
   3.708856648028e-07   4.218357526816e-07
   3.777336389704e-07   4.225014121405e-07
   3.844703136186e-07   4.231656208444e-07
   3.911774854172e-07   4.237564127013e-07
   3.980137584066e-07   4.241249227390e-07
   4.049056878402e-07   4.243337950371e-07
   4.117118433739e-07   4.245159746351e-07
   4.185244382555e-07   4.245829533748e-07
   4.254874075690e-07   4.243884271978e-07
   4.325003324568e-07   4.240252846539e-07
   4.394201321220e-07   4.236372786017e-07
   4.463473512190e-07   4.231210768151e-07
   4.534022558212e-07   4.223449767937e-07
   4.604545140367e-07   4.214417712698e-07
   4.673719743221e-07   4.205558846004e-07
   4.742718254377e-07   4.195598599270e-07
   4.812524694203e-07   4.183388077895e-07
   4.881687160326e-07   4.170548965791e-07
   4.949174115379e-07   4.158317577220e-07
   5.016372518141e-07   4.145085143849e-07
   5.084135573241e-07   4.129787936412e-07
   5.151030201812e-07   4.114151833328e-07
   5.216342031705e-07   4.099106664148e-07
   5.281614034539e-07   4.082721548765e-07
   5.347602149070e-07   4.063969628671e-07
   5.412893750054e-07   4.044656008547e-07
   5.476960090720e-07   4.025507921770e-07
   5.541372360754e-07   4.004395108429e-07
   5.606697620423e-07   3.980452826918e-07
   5.671422390569e-07   3.955737107749e-07
   5.735098065473e-07   3.930899512110e-07
   5.799234279683e-07   3.903729202058e-07
   5.864096008940e-07   3.873735004879e-07
   5.928036135539e-07   3.843337586131e-07
   5.990748571427e-07   3.813036450887e-07
   6.053686889719e-07   3.780550232880e-07
   6.116818470619e-07   3.745845757723e-07
   6.178505305095e-07   3.711560751187e-07
   6.238718831118e-07   3.677809859284e-07
   6.298898066979e-07   3.642175153225e-07
   6.358836345578e-07   3.604948778679e-07
   6.417070285150e-07   3.568707397928e-07
   6.473871143629e-07   3.533050304854e-07
   6.530668228708e-07   3.495377736031e-07
   6.587182801684e-07   3.456136969756e-07
   6.642137438132e-07   3.417753378063e-07
   6.695986626084e-07   3.379413575540e-07
   6.750086915966e-07   3.338412761320e-07
   6.804056480179e-07   3.295409379150e-07
   6.856692732741e-07   3.252848268279e-07
   6.908505825019e-07   3.209696456601e-07
   6.960684690109e-07   3.163337023906e-07
   7.012652854160e-07   3.114888090488e-07
   7.063233036130e-07   3.066955580917e-07
   7.112977907459e-07   3.018313342723e-07
   7.162867778042e-07   2.966584186862e-07
   7.212135515208e-07   2.913477356171e-07
   7.259728382330e-07   2.861601899269e-07
   7.306309085445e-07   2.809369655839e-07
   7.352682989373e-07   2.754644384933e-07
   7.398016005176e-07   2.699553283812e-07
   7.441501504589e-07   2.646377691012e-07
   7.483930299428e-07   2.593028310147e-07
   7.525989722119e-07   2.537490847780e-07
   7.566891855854e-07   2.482021775688e-07
   7.606071043578e-07   2.428438000885e-07
   7.644374606751e-07   2.374207108122e-07
   7.682383255559e-07   2.317384145000e-07
   7.719353597242e-07   2.260309920751e-07
   7.754855558862e-07   2.204511873366e-07
   7.789693632951e-07   2.147226978899e-07
   7.824293952272e-07   2.086750210601e-07
   7.857895788883e-07   2.025741834069e-07
   7.890136104271e-07   1.965642522775e-07
   7.921729006490e-07   1.903619223840e-07
   7.952912077483e-07   1.838464306368e-07
   7.982913293892e-07   1.773313537412e-07
   8.011474157351e-07   1.709422514169e-07
   8.039235314972e-07   1.643863723759e-07
   8.066283230907e-07   1.576009633576e-07
   8.091927060741e-07   1.509277626047e-07
   8.116070475214e-07   1.444420051706e-07
   8.139298536001e-07   1.378309581415e-07
   8.161621259595e-07   1.310723324931e-07
   8.182499939621e-07   1.244995049592e-07
   8.201975044156e-07   1.181210717934e-07
   8.220555528454e-07   1.116013452662e-07
   8.238214907353e-07   1.049375353266e-07
   8.254549357483e-07   9.844244717980e-08
   8.269650959789e-07   9.207412846933e-08
   8.283910926516e-07   8.548702554662e-08
   8.297257983627e-07   7.870387183247e-08
   8.309375502606e-07   7.203819908058e-08
   8.320347129347e-07   6.542430989819e-08
   8.330422372079e-07   5.852990143780e-08
   8.339486607453e-07   5.143116197209e-08
   8.347313223247e-07   4.446085684606e-08
   8.353975540896e-07   3.753284981839e-08
   8.359597259769e-07   3.034203266101e-08
   8.364072513802e-07   2.303204258174e-08
   8.367308252425e-07   1.593742941067e-08
   8.369374055524e-07   8.929552053121e-09
   8.370298536121e-07   1.727631743100e-09
   8.370044555363e-07  -5.477184692731e-09
   8.368655895567e-07  -1.238686116280e-08
   8.366162464006e-07  -1.918890689745e-08
   8.362506293687e-07  -2.615181790376e-08
   8.357727893008e-07  -3.306950559577e-08
   8.351954312876e-07  -3.969625526070e-08
   8.345122744408e-07  -4.626857385609e-08
   8.337079756592e-07  -5.304578564850e-08
   8.327927397352e-07  -5.981310864015e-08
   8.317836294783e-07  -6.635693528846e-08
   8.306630408497e-07  -7.293600629414e-08
   8.294075517820e-07  -7.978229124281e-08
   8.280360220988e-07  -8.664828364217e-08
   8.265707647022e-07  -9.332872165405e-08
   8.249839964007e-07  -1.000876076404e-07
   8.232498015774e-07  -1.071056556674e-07
   8.214020850236e-07  -1.140862193463e-07
   8.194689686145e-07  -1.208416637682e-07
   8.174127471023e-07  -1.276472448322e-07
   8.152110749475e-07  -1.346267303966e-07
   8.129154748805e-07  -1.414535271840e-07
   8.105542797942e-07  -1.479909358930e-07
   8.080771313018e-07  -1.545379590006e-07
   8.054662260368e-07  -1.611787381030e-07
   8.027850739873e-07  -1.675936493087e-07
