   0.000000000000e+00   0.000000000000e+00
   3.466112656888e-10   6.722906094799e-09
   1.336847467312e-09   1.338080462968e-08
   2.923184478617e-09   1.991715737622e-08
   5.175001071421e-09   2.625994328330e-08
   8.114221310787e-09   3.233213560053e-08
   1.168151548210e-08   3.807216149816e-08
   1.562939932402e-08   4.349383115177e-08
   2.005784091257e-08   4.851493360412e-08
   2.499554374785e-08   5.305881566841e-08
   3.059223391104e-08   5.696908424753e-08
   3.646116267707e-08   6.036099798743e-08
   4.250068324149e-08   6.324985176193e-08
   4.864515082742e-08   6.564199295095e-08
   5.519688431848e-08   6.725211316858e-08
   6.204295143744e-08   6.805729518763e-08
   6.888645716422e-08   6.823309514049e-08
   7.551699467987e-08   6.795368114323e-08
   8.197202512466e-08   6.716411643017e-08
   8.854377290079e-08   6.543677215405e-08
   9.501930062815e-08   6.291087683770e-08
   1.012210668404e-07   5.974711915778e-08
   1.068206657981e-07   5.648143260996e-08
   1.120984548790e-07   5.261996056807e-08
   1.170472303336e-07   4.806807049797e-08
   1.216806315725e-07   4.260311167565e-08
   1.256629303760e-07   3.700797240650e-08
   1.289922101095e-07   3.138454733172e-08
   1.317257107957e-07   2.558589068947e-08
   1.339381694838e-07   1.909249464307e-08
   1.355273780963e-07   1.209689585189e-08
   1.364056706122e-07   5.277332694700e-09
   1.366098136865e-07  -1.248071122465e-09
   1.361763337120e-07  -7.616452654053e-09
   1.350523719746e-07  -1.450506223099e-08
   1.332367155238e-07  -2.135037290634e-08
   1.307727315034e-07  -2.788884581467e-08
   1.278296365784e-07  -3.356497049053e-08
   1.242777841322e-07  -3.911624381867e-08
   1.200950495723e-07  -4.455710672054e-08
   1.152592085466e-07  -4.987171760505e-08
   1.100865066935e-07  -5.434489483595e-08
   1.046573027326e-07  -5.799514830857e-08
   9.886155085641e-08  -6.114083648559e-08
   9.256374107105e-08  -6.401480696351e-08
   8.588744170090e-08  -6.641250111797e-08
   7.924508168304e-08  -6.785742635551e-08
   7.262319532886e-08  -6.849882166812e-08
   6.598160821916e-08  -6.846986627863e-08
   5.903572666665e-08  -6.807870159698e-08
   5.218773902885e-08  -6.698065835305e-08
   4.558879627805e-08  -6.513393475168e-08
   3.946440898368e-08  -6.247904984069e-08
   3.346703826679e-08  -5.932367422239e-08
   2.766134993248e-08  -5.566434694893e-08
   2.217992844691e-08  -5.147573994333e-08
   1.732330534273e-08  -4.669534872797e-08
   1.306905225942e-08  -4.142397570354e-08
   9.265202658375e-09  -3.578124855886e-08
   5.935490490143e-09  -2.981024534763e-08
   3.204293717451e-09  -2.353858337010e-08
   1.219158195111e-09  -1.701658876134e-08
  -1.103865841000e-10  -1.033082806598e-08
  -8.007667609212e-10  -3.546495746383e-09
  -8.232107766645e-10   3.277326082136e-09
  -1.391453437256e-10   1.006657019513e-08
   1.208032565658e-09   1.675345967445e-08
   3.136254562306e-09   2.328385566158e-08
   5.746405035165e-09   2.958321166839e-08
   9.055568250269e-09   3.557021405519e-08
   1.298356318073e-08   4.118506305512e-08
   1.732684259163e-08   4.642675539994e-08
   2.204988151242e-08   5.126222470818e-08
   2.734843984647e-08   5.554590976572e-08
   3.318851931733e-08   5.920174046823e-08
   3.942360561290e-08   6.221907411878e-08
   4.565737571132e-08   6.479090384880e-08
   5.208182143162e-08   6.675580475331e-08
   5.873032796820e-08   6.801863013316e-08
   6.576261594428e-08   6.833362234461e-08
   7.268078313457e-08   6.806210938358e-08
   7.938872347706e-08   6.727736939622e-08
   8.583529453888e-08   6.602253993619e-08
   9.233038047360e-08   6.383297634652e-08
   9.871994138182e-08   6.077068909573e-08
   1.047279791748e-07   5.716456967328e-08
   1.101812632577e-07   5.331747359200e-08
   1.151490204310e-07   4.911918279821e-08
   1.198261571219e-07   4.402831398520e-08
   1.240382594458e-07   3.827955489229e-08
   1.276503363334e-07   3.215354888111e-08
   1.305105637783e-07   2.630428392053e-08
   1.327852633032e-07   2.010661543851e-08
   1.344521402676e-07   1.348214657739e-08
   1.354722986422e-07   6.224431430576e-09
   1.357620718758e-07  -7.235466242391e-10
   1.353734778548e-07  -7.338717466759e-09
   1.343388637383e-07  -1.374620523834e-08
   1.325899847275e-07  -2.052629387430e-08
   1.301205525956e-07  -2.733915085407e-08
   1.270515036465e-07  -3.360168822321e-08
   1.234829917820e-07  -3.917341693702e-08
   1.193955754316e-07  -4.430241869055e-08
   1.146036624805e-07  -4.948746201255e-08
   1.092763038407e-07  -5.424622771526e-08
   1.035622659821e-07  -5.833296658230e-08
   9.774745109879e-08  -6.138214963388e-08
   9.152618002228e-08  -6.401851441442e-08
   8.492680220516e-08  -6.620468428495e-08
   7.795783875884e-08  -6.792923091782e-08
   7.111223942578e-08  -6.867386405095e-08
   6.437386330347e-08  -6.859014506010e-08
   5.764827803110e-08  -6.785606095145e-08
   5.075422198955e-08  -6.666210270864e-08
   4.395769243644e-08  -6.482013110473e-08
   3.759278696274e-08  -6.217546875885e-08
   3.165424138874e-08  -5.883619203819e-08
   2.603154702782e-08  -5.494145477484e-08
   2.058339860629e-08  -5.060268238040e-08
   1.563866939919e-08  -4.572333316037e-08
   1.129991943330e-08  -4.034513304003e-08
   7.663172693361e-09  -3.452721282154e-08
   4.502351573596e-09  -2.839595877877e-08
   1.918213968274e-09  -2.198365426338e-08
  -1.438343860365e-11  -1.534177008250e-08
  -1.193381001092e-09  -8.541425777069e-09
  -1.693622976957e-09  -1.659754595942e-09
  -1.527361100400e-09   5.240623531779e-09
  -6.410293375894e-10   1.209320713354e-08
   9.647422124843e-10   1.881714958463e-08
   3.179912892451e-09   2.535048028856e-08
   5.983424064497e-09   3.163950629255e-08
   9.424683964220e-09   3.761102802772e-08
   1.361709109787e-08   4.315381037332e-08
   1.831207273992e-08   4.825740044828e-08
   2.340697216267e-08   5.290131006823e-08
   2.876582838723e-08   5.709844514961e-08
   3.471409131425e-08   6.062423402783e-08
   4.110327172188e-08   6.345751546745e-08
   4.779421540330e-08   6.559572483611e-08
   5.439745966081e-08   6.726550779518e-08
   6.107894333583e-08   6.831164191630e-08
   6.796494435704e-08   6.854690432711e-08
   7.504909090378e-08   6.785526153443e-08
   8.198197436792e-08   6.650601250934e-08
   8.850153462048e-08   6.479412492336e-08
   9.478819032156e-08   6.247352863321e-08
   1.009254203809e-07   5.933128565006e-08
   1.069152807370e-07   5.519719563370e-08
   1.123327138131e-07   5.075023871109e-08
   1.171786066186e-07   4.601968019018e-08
   1.214414099368e-07   4.106215617362e-08
   1.253355768417e-07   3.515160451141e-08
   1.286444595513e-07   2.873252247395e-08
   1.312732943677e-07   2.208930906728e-08
   1.331512144912e-07   1.577350248890e-08
   1.343852243501e-07   9.230182795232e-09
   1.349575468104e-07   2.223070219614e-09
   1.348065897801e-07  -5.111957031513e-09
   1.339361589700e-07  -1.213505565809e-08
   1.324282158568e-07  -1.854698473068e-08
   1.302556068962e-07  -2.489385503754e-08
   1.273697954094e-07  -3.132253325454e-08
   1.237456152442e-07  -3.776185516673e-08
   1.196464018741e-07  -4.335926427921e-08
   1.150857737260e-07  -4.831199696975e-08
   1.100790528875e-07  -5.270998829077e-08
   1.043718966220e-07  -5.709349183891e-08
   9.825077643378e-08  -6.087237367651e-08
   9.188534590432e-08  -6.385519921354e-08
   8.550246673431e-08  -6.585080356636e-08
   7.881090152773e-08  -6.735186768430e-08
   7.179362906448e-08  -6.838589011633e-08
   6.463528923851e-08  -6.876978166657e-08
   5.768382635255e-08  -6.824712540941e-08
   5.102169123600e-08  -6.686938073835e-08
   4.437546481223e-08  -6.493155971661e-08
   3.778284776358e-08  -6.243726904219e-08
   3.140086815259e-08  -5.932606580515e-08
   2.563875313070e-08  -5.545570990740e-08
   2.033832875997e-08  -5.100536817117e-08
   1.546894522918e-08  -4.605719460945e-08
   1.091474163782e-08  -4.069881684706e-08
   7.004444115963e-09  -3.488696732100e-08
   3.788953119783e-09  -2.869462077514e-08
   1.280693617696e-09  -2.220462196167e-08
  -6.467713687451e-10  -1.549651874821e-08
  -1.909760035436e-09  -8.622586569311e-09
  -2.436845379701e-09  -1.655368373979e-09
  -2.239934388810e-09   5.320650107431e-09
  -1.373289182584e-09   1.223926036939e-08
   2.076366130919e-10   1.903900258827e-08
   2.531158352286e-09   2.563698061945e-08
   5.551003948357e-09   3.195540911918e-08
   9.055170669680e-09   3.796572300968e-08
   1.312738153799e-08   4.359728382978e-08
   1.779756806549e-08   4.876954142544e-08
   2.318377677932e-08   5.334736298832e-08
   2.890692768830e-08   5.740119412090e-08
   3.488584146428e-08   6.092335366120e-08
   4.105891107055e-08   6.390450152568e-08
   4.773711626695e-08   6.607371562511e-08
   5.473058136803e-08   6.744598429998e-08
   6.177041867864e-08   6.814787412055e-08
   6.861555239885e-08   6.835845347191e-08
   7.539909171111e-08   6.792286734351e-08
   8.232326090955e-08   6.652600464136e-08
   8.917898534904e-08   6.427670311394e-08
   9.571553033117e-08   6.142088996460e-08
   1.016763943245e-07   5.834940419210e-08
   1.073517546164e-07   5.456900385709e-08
   1.127125821346e-07   5.000202055202e-08
   1.177220184398e-07   4.453495219940e-08
   1.220113267740e-07   3.900308591756e-08
   1.256502202390e-07   3.330025589872e-08
   1.286676809695e-07   2.734885937503e-08
   1.311539820179e-07   2.053524080964e-08
   1.329388189098e-07   1.341531003205e-08
   1.339724795351e-07   6.417344081486e-09
   1.342865267631e-07  -2.160422574822e-10
   1.339131311194e-07  -6.987259734961e-09
   1.327989379086e-07  -1.416507982568e-08
   1.309423002232e-07  -2.127211559546e-08
   1.284272630189e-07  -2.787464812546e-08
   1.253730624349e-07  -3.373011075533e-08
   1.216349795988e-07  -3.955179459512e-08
   1.172163665343e-07  -4.523198867412e-08
   1.121455671133e-07  -5.063682691108e-08
   1.067977577377e-07  -5.500658136843e-08
   1.010888354063e-07  -5.870599001001e-08
   9.499058205206e-08  -6.186373407205e-08
   8.829940302837e-08  -6.479360506387e-08
   8.141047373561e-08  -6.693766885417e-08
   7.452120738717e-08  -6.816303197963e-08
   6.771274035759e-08  -6.850845960871e-08
   6.070992527750e-08  -6.832827974706e-08
   5.354674487426e-08  -6.760288965534e-08
   4.655010770993e-08  -6.610621770879e-08
   3.994334553745e-08  -6.377366769248e-08
   3.374484792441e-08  -6.070192181804e-08
   2.766511119381e-08  -5.712346862855e-08
   2.188049744296e-08  -5.298312771153e-08
   1.655308680794e-08  -4.826824377612e-08
   1.197265025805e-08  -4.296375708324e-08
   7.926643532783e-09  -3.722671179177e-08
   4.417107931741e-09  -3.111784795958e-08
   1.445303527938e-09  -2.468855243219e-08
  -7.632556222902e-10  -1.798336615243e-08
  -2.229224716433e-09  -1.109124538846e-08
  -2.993708358531e-09  -4.090096762391e-09
  -3.065236777702e-09   2.964734470895e-09
  -2.381100868322e-09   9.993899090922e-09
  -9.676269565004e-10   1.690908330910e-08
   1.090697617723e-09   2.364301791274e-08
   3.782616247316e-09   3.013848172247e-08
   7.235214510574e-09   3.630461135636e-08
   1.137074877115e-08   4.206362994156e-08
   1.606035295075e-08   4.736986702224e-08
   2.105276081139e-08   5.225264809604e-08
   2.657411619326e-08   5.657279114064e-08
   3.262045366621e-08   6.024345935088e-08
   3.920819657306e-08   6.315080722046e-08
   4.585284034398e-08   6.550686935048e-08
   5.257331450822e-08   6.726926133587e-08
   5.940257209029e-08   6.836323426404e-08
   6.659101350057e-08   6.847494179934e-08
   7.380693888474e-08   6.778481242539e-08
   8.076677599803e-08   6.653060788520e-08
   8.737466248725e-08   6.481681306571e-08
   9.382655181396e-08   6.234774378331e-08
   1.002084250564e-07   5.885637661742e-08
   1.062123100622e-07   5.469190872295e-08
   1.116527872563e-07   5.015476362759e-08
   1.164355682826e-07   4.549424877321e-08
   1.208198296352e-07   4.004112761342e-08
   1.246918788361e-07   3.389540279210e-08
   1.279536121127e-07   2.717054382192e-08
   1.304102240053e-07   2.072830665001e-08
   1.321768373722e-07   1.418123376997e-08
   1.332644887825e-07   7.375804692700e-09
   1.336448397509e-07  -9.222369669766e-11
   1.332579682226e-07  -7.414919416648e-09
   1.321554412660e-07  -1.429683103643e-08
   1.303929649944e-07  -2.074868392858e-08
   1.278972566635e-07  -2.734194299591e-08
   1.246307008973e-07  -3.402201070071e-08
   1.207311931721e-07  -4.020303466390e-08
   1.163471768231e-07  -4.560613557039e-08
   1.115274742916e-07  -5.030818334884e-08
   1.060367211365e-07  -5.489578865198e-08
   9.999876352452e-08  -5.906411650495e-08
   9.356611278012e-08  -6.257685686199e-08
   8.712469112554e-08  -6.497573798744e-08
   8.041798181955e-08  -6.675843949540e-08
   7.343252129595e-08  -6.797951508746e-08
   6.609960918771e-08  -6.872103617354e-08
   5.894213914033e-08  -6.851290237736e-08
   5.201451599286e-08  -6.743374578080e-08
   4.529116034139e-08  -6.560604379229e-08
   3.851604438001e-08  -6.326302024208e-08
   3.193039905627e-08  -6.027745537759e-08
   2.582907215042e-08  -5.655908328570e-08
   2.031548681461e-08  -5.216207241883e-08
   1.526376616703e-08  -4.722718221787e-08
   1.055536883747e-08  -4.184771706797e-08
   6.417036585594e-09  -3.600919705976e-08
   2.980448880507e-09  -2.976133955132e-08
   3.204801091168e-10  -2.318745852657e-08
  -1.721473316692e-09  -1.637511778667e-08
  -3.083858337852e-09  -9.382223806976e-09
  -3.706362705778e-09  -2.276209144903e-09
  -3.560720017093e-09   4.839813071373e-09
  -2.705234233678e-09   1.189899483378e-08
  -1.149281477702e-09   1.883576296847e-08
   1.205433499138e-09   2.557381260278e-08
   4.274830779109e-09   3.202335525894e-08
   7.929003078709e-09   3.813045495723e-08
   1.207516779386e-08   4.385936206012e-08
   1.685192775774e-08   4.910970877240e-08
   2.232251336810e-08   5.376452004247e-08
   2.825951189489e-08   5.781741377476e-08
   3.444660557900e-08   6.130774993434e-08
   4.077452797498e-08   6.425664898927e-08
   4.755722412941e-08   6.640334891618e-08
   5.466856046567e-08   6.771903934135e-08
   6.195104043010e-08   6.822043080367e-08
   6.894121080866e-08   6.826834465505e-08
   7.587300490255e-08   6.761879660557e-08
   8.277405944612e-08   6.615998313965e-08
   8.975171533982e-08   6.361866737976e-08
   9.631745236842e-08   6.053523206795e-08
   1.023851499142e-07   5.703883855959e-08
   1.079571131871e-07   5.313254564115e-08
   1.132590061580e-07   4.827900091584e-08
   1.181241466437e-07   4.263091500696e-08
   1.223282031397e-07   3.665616869134e-08
   1.257887230729e-07   3.068003011472e-08
   1.285859197786e-07   2.449478697289e-08
   1.307898522085e-07   1.756773162035e-08
   1.322756220266e-07   1.024617137074e-08
   1.329862902085e-07   2.925234192358e-09
   1.329479412956e-07  -3.832034525365e-09
   1.321917627450e-07  -1.072225355483e-08
   1.306845600923e-07  -1.777325245247e-08
   1.283722784142e-07  -2.503278420907e-08
   1.254296969875e-07  -3.154921210935e-08
   1.218956746517e-07  -3.749027829548e-08
   1.177821599170e-07  -4.297466230373e-08
   1.128953061249e-07  -4.852498201538e-08
   1.074329625296e-07  -5.357858620729e-08
   1.016014953780e-07  -5.780589582590e-08
   9.555888012261e-08  -6.109260276900e-08
   8.910778953750e-08  -6.386931757095e-08
   8.216295759635e-08  -6.625619280715e-08
   7.498029304595e-08  -6.793221318850e-08
   6.784351858747e-08  -6.866724826739e-08
   6.089472755201e-08  -6.845296596981e-08
   5.380572522311e-08  -6.767562650641e-08
   4.667186736754e-08  -6.627910638367e-08
   3.964416836954e-08  -6.419193484421e-08
   3.318113545032e-08  -6.121202782817e-08
   2.709267732088e-08  -5.756137316596e-08
   2.135000938851e-08  -5.332424996701e-08
   1.584363389884e-08  -4.859000247643e-08
   1.096332904514e-08  -4.327571770573e-08
   6.775064566328e-09  -3.745794553026e-08
   3.285377798589e-09  -3.122862599387e-08
   3.397740596006e-10  -2.467806988964e-08
  -1.947972138083e-09  -1.785058365198e-08
  -3.468756626238e-09  -1.082034520048e-08
  -4.207071450640e-09  -3.683449698430e-09
  -4.221484918293e-09   3.486701316174e-09
  -3.490662751041e-09   1.063365579055e-08
  -1.973424483640e-09   1.766836251635e-08
   2.918477506154e-10   2.449929120445e-08
   3.145213712650e-09   3.106362058242e-08
   6.660552978286e-09   3.729887710548e-08
   1.087085577828e-08   4.311893771042e-08
   1.584031870647e-08   4.840982390693e-08
   2.120651628992e-08   5.319856550219e-08
   2.693089687813e-08   5.745197796844e-08
   3.297993308810e-08   6.113206722592e-08
   3.964713682306e-08   6.399620823913e-08
   4.664405905736e-08   6.609735752035e-08
   5.373772346914e-08   6.751849621242e-08
   6.069297721185e-08   6.840838372817e-08
   6.776012362566e-08   6.850940928004e-08
   7.500701740922e-08   6.763985655535e-08
   8.221552867374e-08   6.589780111255e-08
   8.905752409303e-08   6.360746913088e-08
   9.541837665830e-08   6.093093561719e-08
   1.015627668152e-07   5.742738694305e-08
   1.074455344252e-07   5.301669821540e-08
   1.129187874110e-07   4.780807164235e-08
   1.176381306732e-07   4.253797911390e-08
   1.217340995948e-07   3.694824465321e-08
   1.252334375432e-07   3.090895884546e-08
   1.281933900767e-07   2.393444900147e-08
   1.303837219526e-07   1.682959627900e-08
   1.317942723699e-07   9.808272091243e-09
   1.324506327518e-07   3.087281680598e-09
   1.323844893483e-07  -4.101022155987e-09
   1.315366481121e-07  -1.155165511135e-08
   1.299059654284e-07  -1.889127742966e-08
   1.276099672588e-07  -2.552878651247e-08
   1.246694305753e-07  -3.173122321988e-08
   1.209890525378e-07  -3.792486649012e-08
   1.165582428052e-07  -4.401525655923e-08
   1.115409527038e-07  -4.953412927974e-08
   1.062047718168e-07  -5.403406855423e-08
   1.004177261326e-07  -5.796125756812e-08
   9.411591994548e-08  -6.146427127475e-08
   8.724254065315e-08  -6.460749229421e-08
   8.028149616750e-08  -6.675860240252e-08
   7.328014289969e-08  -6.800590950547e-08
   6.628694924646e-08  -6.841310374705e-08
   5.895187981780e-08  -6.837623925590e-08
   5.161483034788e-08  -6.760114073710e-08
   4.448479624350e-08  -6.599779831344e-08
   3.784413505001e-08  -6.348428585900e-08
   3.140428314998e-08  -6.034029583431e-08
   2.515648397693e-08  -5.661526250061e-08
   1.923950490315e-08  -5.228691422808e-08
   1.397614552044e-08  -4.730588296160e-08
   9.398393264714e-09  -4.176809062126e-08
   5.352539770776e-09  -3.579507237056e-08
   1.844553512742e-09  -2.943983773735e-08
  -9.910547323355e-10  -2.274491805861e-08
  -3.002249386873e-09  -1.579451151687e-08
  -4.265222796005e-09  -8.678255200166e-09
  -4.803653566731e-09  -1.466887841380e-09
  -4.578259952225e-09   5.783602792674e-09
  -3.562471566260e-09   1.296299153106e-08
  -1.807517283302e-09   1.998773884944e-08
   5.842952745319e-10   2.679047292785e-08
   3.745030866872e-09   3.330263411573e-08
   7.656002160333e-09   3.942963853615e-08
   1.225230885842e-08   4.509026932914e-08
   1.723813955642e-08   5.029300511115e-08
   2.267395658536e-08   5.497155474501e-08
   2.866304365659e-08   5.900901575173e-08
   3.525199906831e-08   6.227523821482e-08
   4.211629772031e-08   6.484497228853e-08
   4.898261431096e-08   6.684281691150e-08
   5.595913296667e-08   6.815675986522e-08
   6.318422978566e-08   6.859110891109e-08
   7.064518614164e-08   6.802097668258e-08
   7.786378388491e-08   6.682437915534e-08
   8.476625783376e-08   6.506505255622e-08
   9.133388530109e-08   6.274757238810e-08
   9.787628634885e-08   5.932879672699e-08
   1.040754686822e-07   5.513136248121e-08
   1.097664625722e-07   5.036145721965e-08
   1.147146536287e-07   4.553612763186e-08
   1.191770690417e-07   4.006014903863e-08
   1.231118057576e-07   3.386671918846e-08
   1.264425180768e-07   2.694698518686e-08
   1.289556271555e-07   2.012311416429e-08
   1.306993312813e-07   1.339623007291e-08
   1.317238530555e-07   6.476159000786e-09
   1.320074902774e-07  -1.017639820902e-09
   1.314852899518e-07  -8.642035445427e-09
   1.302063994137e-07  -1.575634447041e-08
   1.282315537293e-07  -2.240932480669e-08
   1.255379175776e-07  -2.892717083607e-08
   1.220172635338e-07  -3.564805621708e-08
   1.178247509529e-07  -4.189369130318e-08
   1.130938244421e-07  -4.741788433369e-08
   1.079861322444e-07  -5.203331689245e-08
   1.022226236343e-07  -5.643780824135e-08
   9.590080947283e-08  -6.040377284663e-08
   8.912690111809e-08  -6.376844798079e-08
   8.235479381914e-08  -6.599317843289e-08
   7.541090065365e-08  -6.745947334710e-08
   6.824073957341e-08  -6.829258619346e-08
   6.073754280178e-08  -6.861465895928e-08
   5.337233154085e-08  -6.803254595240e-08
   4.631970543254e-08  -6.652499800793e-08
   3.955017152320e-08  -6.422771142718e-08
   3.283790415829e-08  -6.134843782583e-08
   2.631757284757e-08  -5.784182262512e-08
   2.032778442110e-08  -5.361222700361e-08
   1.497964025559e-08  -4.872010319287e-08
   1.020786955425e-08  -4.328427571077e-08
   5.852470514571e-09  -3.740755578457e-08
   2.120551274490e-09  -3.110046031062e-08
  -8.670168976025e-10  -2.442701548592e-08
  -3.028221566905e-09  -1.748511903654e-08
  -4.497720861775e-09  -1.034944771956e-08
  -5.229431981289e-09  -3.087333227275e-09
  -5.164764752368e-09   4.226614854649e-09
  -4.316819249155e-09   1.147175411511e-08
  -2.741717240503e-09   1.858105228875e-08
  -4.545522808553e-10   2.548816243733e-08
   2.668678671324e-09   3.210899412234e-08
   6.515681626277e-09   3.834949403223e-08
   1.093099623333e-08   4.415950677536e-08
   1.578861429955e-08   4.951511439270e-08
   2.124982333689e-08   5.430329399539e-08
   2.737534858627e-08   5.839797498699e-08
   3.393665809479e-08   6.179558865295e-08
   4.066543661136e-08   6.457156522123e-08
   4.745842168379e-08   6.675369743391e-08
   5.461424563793e-08   6.806752704060e-08
   6.203137973230e-08   6.846595266683e-08
   6.951635196569e-08   6.800068949524e-08
   7.661262098787e-08   6.707710660219e-08
   8.353912973636e-08   6.544423743276e-08
   9.032555212355e-08   6.297972682410e-08
   9.706516690314e-08   5.939356212647e-08
   1.032706016387e-07   5.531538524736e-08
   1.088908085942e-07   5.084485059955e-08
   1.139045012142e-07   4.604570674553e-08
   1.185389606319e-07   4.027137204576e-08
   1.225896345516e-07   3.382383395440e-08
   1.259049703757e-07   2.708649210591e-08
   1.284034681773e-07   2.053024398229e-08
   1.301888840924e-07   1.374856423878e-08
   1.312624083447e-07   6.400333439794e-09
   1.315431571467e-07  -1.284902588566e-09
   1.310156170469e-07  -8.721690109011e-09
   1.297580228820e-07  -1.555853614653e-08
   1.277526550329e-07  -2.237178501869e-08
   1.249534778892e-07  -2.927092925262e-08
   1.213446032208e-07  -3.613104230033e-08
   1.171865820282e-07  -4.210663080096e-08
   1.124943308531e-07  -4.741571596210e-08
   1.072675477659e-07  -5.218417175423e-08
   1.012805910633e-07  -5.687230297533e-08
   9.486216910221e-08  -6.083513907813e-08
   8.818059973595e-08  -6.391657551554e-08
   8.145204650076e-08  -6.596638414071e-08
   7.433141401575e-08  -6.752144132788e-08
   6.691384138859e-08  -6.847558480239e-08
   5.938441636016e-08  -6.867444430674e-08
   5.216192489920e-08  -6.784515661873e-08
   4.516383636964e-08  -6.618565760382e-08
   3.822551769031e-08  -6.388494622980e-08
   3.136579655810e-08  -6.096360113831e-08
   2.490471652743e-08  -5.730101979856e-08
   1.910584271273e-08  -5.288106058962e-08
   1.382634840273e-08  -4.786520259677e-08
   8.993850364034e-09  -4.234344632084e-08
   4.639028271407e-09  -3.635562030876e-08
   1.061815962634e-09  -2.992307963578e-08
  -1.739892129564e-09  -2.314640587084e-08
  -3.788348412063e-09  -1.611840148630e-08
  -5.158507703271e-09  -8.891606287655e-09
  -5.731984310379e-09  -1.553345654795e-09
  -5.488376577753e-09   5.799557588894e-09
  -4.496207598478e-09   1.306117715813e-08
  -2.748228571824e-09   2.018453351993e-08
  -2.075463070382e-10   2.708525757736e-08
   3.157409220430e-09   3.366355057782e-08
   7.124353219315e-09   3.985159304438e-08
   1.161551291030e-08   4.560850895117e-08
   1.668778440092e-08   5.085804641972e-08
   2.248173260578e-08   5.546074405850e-08
   2.881982511947e-08   5.937273768424e-08
   3.537088983875e-08   6.267493015231e-08
   4.208758030586e-08   6.535360648023e-08
   4.909169845069e-08   6.727103742494e-08
   5.653617234190e-08   6.820115543222e-08
   6.402158946717e-08   6.833898418015e-08
   7.134458336640e-08   6.781179481344e-08
   7.834242056327e-08   6.676909368589e-08
   8.538871227183e-08   6.472051825103e-08
   9.229997873477e-08   6.174123375924e-08
   9.891557209440e-08   5.792567078673e-08
   1.048351755430e-07   5.390213392185e-08
   1.102687429494e-07   4.931393591363e-08
   1.152397985325e-07   4.401175507396e-08
   1.197675650048e-07   3.772122830613e-08
   1.235337897792e-07   3.120633519423e-08
   1.265101740483e-07   2.467422819346e-08
   1.287416045090e-07   1.805501498050e-08
   1.302891993266e-07   1.077261585936e-08
   1.310526616786e-07   3.071491953041e-09
   1.309894353242e-07  -4.448001268737e-09
   1.301557205817e-07  -1.149832049287e-08
   1.285793090822e-07  -1.835512376374e-08
   1.261768325892e-07  -2.549967355540e-08
   1.229793846862e-07  -3.249712386920e-08
   1.191026362333e-07  -3.893730271616e-08
   1.147480053751e-07  -4.442882970029e-08
   1.097361870316e-07  -4.962718902720e-08
   1.040640009380e-07  -5.450850375044e-08
   9.775098183408e-08  -5.899772472806e-08
   9.125897000569e-08  -6.238599847341e-08
   8.453683203561e-08  -6.493180699657e-08
   7.756525507771e-08  -6.675895403211e-08
   7.010123730924e-08  -6.817527062052e-08
   6.258032997694e-08  -6.872881059187e-08
   5.521118470558e-08  -6.833176590726e-08
   4.813629586213e-08  -6.699492295084e-08
   4.103949568299e-08  -6.503876175965e-08
   3.401388131476e-08  -6.242977394744e-08
   2.732219929174e-08  -5.907048110360e-08
   2.124871307983e-08  -5.492257021897e-08
   1.573348936403e-08  -5.012298091001e-08
   1.060478704855e-08  -4.480143593244e-08
   5.972999997198e-09  -3.897542127100e-08
   2.035660666561e-09  -3.267520515755e-08
  -1.056856027610e-09  -2.598629955097e-08
  -3.441196874598e-09  -1.900771932889e-08
  -5.114919595502e-09  -1.180555824434e-08
  -6.023285898070e-09  -4.442591961912e-09
  -6.092295635258e-09   2.956996093964e-09
  -5.377270283180e-09   1.030861969038e-08
  -3.923007750608e-09   1.753726214586e-08
  -1.625939890455e-09   2.458288693150e-08
   1.462310820980e-09   3.133344772523e-08
   5.249412006704e-09   3.770782519258e-08
   9.530044990257e-09   4.367210632439e-08
   1.446530003800e-08   4.913446196239e-08
   2.008766881860e-08   5.398818669097e-08
   2.632981411408e-08   5.814726302771e-08
   3.281909479920e-08   6.169194475780e-08
   3.948131115978e-08   6.462121483718e-08
   4.647638153522e-08   6.677890344953e-08
   5.388875260320e-08   6.799306878208e-08
   6.146489491751e-08   6.832915970383e-08
   6.879676339909e-08   6.808074119516e-08
   7.594490822302e-08   6.717275174572e-08
   8.301793056029e-08   6.541897516430e-08
   9.012486375798e-08   6.253391602991e-08
   9.681491602555e-08   5.899733501679e-08
   1.029654876126e-07   5.497827905424e-08
   1.084951746394e-07   5.064403452352e-08
   1.136950305289e-07   4.531522503938e-08
   1.183582349788e-07   3.924671800153e-08
   1.223508313806e-07   3.265671198048e-08
   1.254838222647e-07   2.626307067418e-08
   1.279114689712e-07   1.954964597058e-08
   1.296245308074e-07   1.236238465917e-08
   1.305680637141e-07   4.567698661203e-09
   1.306674026491e-07  -2.969700902128e-09
   1.299804366059e-07  -1.009794281466e-08
   1.285384447582e-07  -1.702988581250e-08
   1.262658072015e-07  -2.424211408963e-08
   1.231682742889e-07  -3.139258983005e-08
   1.194081111597e-07  -3.786529842748e-08
   1.150955801469e-07  -4.356192214850e-08
   1.101819154173e-07  -4.878458372742e-08
   1.045043205939e-07  -5.389162078690e-08
   9.828266600393e-08  -5.839259849932e-08
   9.173183699580e-08  -6.201029854550e-08
   8.508405133719e-08  -6.456111261909e-08
   7.801262910056e-08  -6.659943568436e-08
   7.059964324707e-08  -6.803057095779e-08
   6.296016604300e-08  -6.875433267872e-08
   5.561974053511e-08  -6.837202574090e-08
   4.841846255495e-08  -6.715954616966e-08
   4.131715953817e-08  -6.522387051535e-08
   3.416753567992e-08  -6.269685100699e-08
   2.744445846280e-08  -5.935369861175e-08
   2.128181874280e-08  -5.523808360955e-08
   1.571254630551e-08  -5.044616595069e-08
   1.050121282012e-08  -4.513070588409e-08
   5.802728269996e-09  -3.929561359199e-08
   1.821172374677e-09  -3.297523775905e-08
  -1.332710752749e-09  -2.626050425376e-08
  -3.748883777306e-09  -1.925064895963e-08
  -5.469436003031e-09  -1.200569234947e-08
  -6.396328260623e-09  -4.603107250486e-09
  -6.480840746788e-09   2.848031074397e-09
  -5.779558621132e-09   1.023832241673e-08
  -4.304204711150e-09   1.751796997967e-08
  -2.013548937898e-09   2.460463670370e-08
   1.132248420958e-09   3.139595153369e-08
   4.904009382007e-09   3.780922558252e-08
   9.265616971870e-09   4.379362390271e-08
   1.420129024466e-08   4.928747811593e-08
   1.993866056746e-08   5.413157533842e-08
   2.618313346906e-08   5.831365466251e-08
   3.275807732779e-08   6.183579257128e-08
   3.943349145296e-08   6.477152385516e-08
   4.653464932262e-08   6.686744650751e-08
   5.398836015907e-08   6.804901118485e-08
   6.161274478925e-08   6.833387228606e-08
   6.897619640573e-08   6.803556144413e-08
   7.614573264803e-08   6.707498415337e-08
   8.328351563260e-08   6.519770890084e-08
   9.038457227186e-08   6.225450750221e-08
   9.710833717593e-08   5.857780422748e-08
   1.031870470294e-07   5.457860348949e-08
   1.087488861394e-07   5.004608893554e-08
   1.138824812056e-07   4.469265806383e-08
   1.185422767411e-07   3.838933334395e-08
   1.224180256970e-07   3.187778706332e-08
   1.255014770697e-07   2.528701977365e-08
   1.278187542496e-07   1.862335817508e-08
   1.294498576409e-07   1.117232601896e-08
   1.302636665871e-07   3.455346280397e-09
   1.302343381003e-07  -4.209651762494e-09
   1.294239019502e-07  -1.122353938888e-08
   1.278275353765e-07  -1.831138761975e-08
   1.254119780666e-07  -2.547398535767e-08
   1.221434155755e-07  -3.266077858998e-08
   1.182550982667e-07  -3.900641578401e-08
   1.137945544053e-07  -4.465032970996e-08
   1.087257227842e-07  -4.982344150295e-08
   1.028879046086e-07  -5.486199955929e-08
   9.652156239690e-08  -5.925486230549e-08
   8.990637649091e-08  -6.264970445922e-08
   8.312115706905e-08  -6.510091790926e-08
   7.597367897717e-08  -6.695604707141e-08
   6.841061632683e-08  -6.828096872726e-08
   6.079880234954e-08  -6.872537430584e-08
   5.338582120012e-08  -6.817721948626e-08
   4.624415397848e-08  -6.671024123308e-08
   3.905157000207e-08  -6.463168273236e-08
   3.199953716425e-08  -6.184864864280e-08
   2.529910901667e-08  -5.830710767579e-08
   1.931025353313e-08  -5.395033607930e-08
   1.378965794706e-08  -4.898320300190e-08
   8.739804590826e-09  -4.346946251573e-08
   4.170931708792e-09  -3.745612704454e-08
   4.217324627993e-10  -3.096722753400e-08
  -2.534536033581e-09  -2.411257442279e-08
  -4.727334811099e-09  -1.698572479017e-08
  -6.215636753178e-09  -9.637540407474e-09
  -6.874523488234e-09  -2.163635330099e-09
  -6.687589421779e-09   5.325474219585e-09
  -5.720879886474e-09   1.272670526738e-08
  -3.969446940385e-09   1.998931888403e-08
  -1.373152789090e-09   2.702707465912e-08
   2.039888853362e-09   3.373144235234e-08
   6.087679619116e-09   4.002810535330e-08
   1.065919208220e-08   4.587815331519e-08
   1.590374479663e-08   5.118074480779e-08
   2.185066378610e-08   5.582085895939e-08
   2.835190367548e-08   5.974147149017e-08
   3.500359423768e-08   6.305705272046e-08
   4.189471345536e-08   6.568147053018e-08
   4.909042224625e-08   6.749788054463e-08
   5.673531014668e-08   6.827631679163e-08
   6.432037194490e-08   6.830314631618e-08
   7.171969086240e-08   6.765148294598e-08
   7.882373372762e-08   6.641084658498e-08
   8.600166474655e-08   6.406840717970e-08
   9.297885919498e-08   6.080505096356e-08
   9.955365447571e-08   5.680137310779e-08
   1.054147237265e-07   5.257626179912e-08
   1.107979119130e-07   4.769573765107e-08
   1.157140882283e-07   4.198908212865e-08
   1.200832286660e-07   3.542089175939e-08
   1.236320295299e-07   2.872766539919e-08
   1.263623251075e-07   2.206282207906e-08
   1.283505169023e-07   1.512509903331e-08
   1.295977462720e-07   7.539340496285e-09
   1.300063682376e-07  -3.419340876630e-10
   1.295720488578e-07  -7.820709139921e-09
   1.283587288393e-07  -1.489884527337e-08
   1.263651242873e-07  -2.188637862845e-08
   1.234948158642e-07  -2.915063132541e-08
   1.198561851387e-07  -3.601785520334e-08
   1.155795984833e-07  -4.218934106328e-08
   1.108199805602e-07  -4.746911064856e-08
   1.053340746159e-07  -5.255629658715e-08
   9.920131252554e-08  -5.722709228176e-08
   9.253525233370e-08  -6.128402988576e-08
   8.578314335379e-08  -6.415796162137e-08
   7.876918375826e-08  -6.626340741667e-08
   7.145582425011e-08  -6.770838745404e-08
   6.373700186784e-08  -6.861681445682e-08
   5.613619840240e-08  -6.852835437690e-08
   4.877787717311e-08  -6.747132776984e-08
   4.167114640299e-08  -6.555879087083e-08
   3.453757277023e-08  -6.303718047460e-08
   2.762342827951e-08  -5.979395538447e-08
   2.122113732995e-08  -5.576367632154e-08
   1.549425597289e-08  -5.099494885819e-08
   1.028582512988e-08  -4.564129955260e-08
   5.524132735033e-09  -3.977891333555e-08
   1.403391473987e-09  -3.342721306503e-08
  -1.904676186797e-09  -2.665808252850e-08
  -4.369254910595e-09  -1.958231604782e-08
  -6.109688268039e-09  -1.227214642197e-08
  -7.070304158476e-09  -4.796720247690e-09
  -7.180678110873e-09   2.751961199258e-09
  -6.460437544375e-09   1.023610231865e-08
  -4.960941917647e-09   1.759183876530e-08
  -2.680659666926e-09   2.474659406633e-08
   4.968201482577e-10   3.161190991932e-08
   4.397101713921e-09   3.808023073539e-08
   8.908017392059e-09   4.409299839348e-08
   1.389585564689e-08   4.961951226950e-08
   1.962544119303e-08   5.451229045757e-08
   2.597521709179e-08   5.869438391374e-08
   3.277076131978e-08   6.213722480340e-08
   3.963825109839e-08   6.497191854088e-08
   4.674329760116e-08   6.706110414977e-08
   5.418609264145e-08   6.824096024293e-08
   6.192016488185e-08   6.840994427223e-08
   6.950888760710e-08   6.784318905116e-08
   7.676639098394e-08   6.670245730675e-08
   8.384850404916e-08   6.478273440812e-08
   9.087179617855e-08   6.181438299240e-08
   9.765663152977e-08   5.787183931171e-08
   1.038080149062e-07   5.350970884102e-08
   1.093287011984e-07   4.875532125915e-08
   1.142929221450e-07   4.342906887632e-08
   1.188095427422e-07   3.706083222814e-08
   1.225958603867e-07   3.023763329012e-08
   1.255650856510e-07   2.326759469708e-08
   1.276878611088e-07   1.650256942857e-08
   1.290836510901e-07   9.157454740311e-09
   1.296674703272e-07   1.418782821820e-09
   1.293867150770e-07  -6.511552922602e-09
   1.282982477662e-07  -1.376051624110e-08
   1.264336177163e-07  -2.076576319490e-08
   1.237726707613e-07  -2.769677485435e-08
   1.202195860503e-07  -3.480451311762e-08
   1.159800738577e-07  -4.125970203795e-08
   1.111897998434e-07  -4.689032086326e-08
   1.058934041879e-07  -5.179050280358e-08
   9.987548120192e-08  -5.646314050064e-08
   9.324999466697e-08  -6.064467299371e-08
   8.631202910215e-08  -6.392103921666e-08
   7.928979406026e-08  -6.613221189218e-08
   7.206963324071e-08  -6.755702375008e-08
   6.446737060977e-08  -6.843612268461e-08
   5.672472512976e-08  -6.854545875778e-08
   4.915885678770e-08  -6.769410184923e-08
   4.200175261542e-08  -6.584274637050e-08
   3.495129086775e-08  -6.329693059665e-08
   2.805157574821e-08  -6.007346650878e-08
   2.144403783430e-08  -5.614748364365e-08
   1.556546679125e-08  -5.143303741700e-08
   1.029281279080e-08  -4.609064104166e-08
   5.592694627312e-09  -4.021254529645e-08
   1.382531986875e-09  -3.386626623153e-08
  -2.030950164666e-09  -2.708815729474e-08
  -4.608919911531e-09  -1.998149732477e-08
  -6.355880428024e-09  -1.265428540627e-08
  -7.354092935656e-09  -5.154324632906e-09
  -7.512972035002e-09   2.425548637982e-09
  -6.803520083975e-09   9.974930185683e-09
  -5.309892318417e-09   1.737285495368e-08
  -3.047623791995e-09   2.456557781795e-08
   4.016713315364e-11   3.147337911239e-08
   3.985454662052e-09   3.798658142416e-08
   8.580577877590e-09   4.402597540571e-08
   1.365327517480e-08   4.956373795859e-08
   1.928278733351e-08   5.452090996003e-08
   2.558997766789e-08   5.875922171740e-08
   3.247676670165e-08   6.219593717317e-08
   3.952732634237e-08   6.495179252450e-08
   4.668236660523e-08   6.702224903253e-08
   5.400561818966e-08   6.830694034626e-08
   6.172308554496e-08   6.851228195456e-08
   6.942248329094e-08   6.785402492377e-08
   7.688834781351e-08   6.647793348337e-08
   8.391115250318e-08   6.460608916989e-08
   9.086008304006e-08   6.171684801476e-08
   9.757375628200e-08   5.786701309674e-08
   1.038944800448e-07   5.315292644303e-08
   1.094343729083e-07   4.826657711517e-08
   1.143726480519e-07   4.287733592220e-08
   1.187353775845e-07   3.682059521285e-08
   1.225289802402e-07   2.980733328941e-08
   1.254805266020e-07   2.264192594400e-08
   1.275786368566e-07   1.554790552359e-08
   1.288676061068e-07   8.476418386657e-09
   1.293729336303e-07   8.196068283794e-10
   1.290142479052e-07  -7.112106424901e-09
   1.278018650363e-07  -1.475098902955e-08
   1.258289418771e-07  -2.176709764075e-08
   1.230934693434e-07  -2.852529655932e-08
   1.194974524647e-07  -3.538821678771e-08
   1.151072845376e-07  -4.196615085015e-08
   1.101137636556e-07  -4.778763082719e-08
   1.047108553343e-07  -5.261682598409e-08
   9.869421440019e-08  -5.701887319967e-08
   9.205849103593e-08  -6.098709573532e-08
   8.490904569594e-08  -6.434741558184e-08
   7.773267059689e-08  -6.653949810846e-08
   7.043756260850e-08  -6.784348909666e-08
   6.298205653431e-08  -6.839186474662e-08
   5.517759708445e-08  -6.838551083908e-08
   4.753972195823e-08  -6.742670481968e-08
   4.021513891065e-08  -6.552764064138e-08
   3.332329537528e-08  -6.273689729548e-08
   2.651503536578e-08  -5.932660097139e-08
   2.002539476488e-08  -5.521975294856e-08
   1.405929871232e-08  -5.040650481010e-08
   8.889541662536e-09  -4.491254034771e-08
   4.328147203847e-09  -3.889006300364e-08
   3.491480647068e-10  -3.240877547649e-08
  -2.960358984799e-09  -2.551757980273e-08
  -5.400239466503e-09  -1.830814298329e-08
  -6.979285457877e-09  -1.089471351207e-08
  -7.763015839848e-09  -3.351463670227e-09
  -7.723733206616e-09   4.260235142140e-09
  -6.802270093214e-09   1.183150090794e-08
  -5.065752428808e-09   1.923149453812e-08
  -2.584218335501e-09   2.638795329885e-08
   6.585785713041e-10   3.323413563786e-08
   4.788456995581e-09   3.966677612571e-08
   9.621983815564e-09   4.559267436967e-08
   1.499741758192e-08   5.096680803957e-08
   2.074019807280e-08   5.578525921532e-08
   2.714187201848e-08   5.987124565268e-08
   3.408969254043e-08   6.315155542803e-08
   4.143575648722e-08   6.558923407436e-08
   4.870450320025e-08   6.741171755618e-08
   5.610175836957e-08   6.844374393617e-08
   6.366149659152e-08   6.856563681019e-08
   7.146175308770e-08   6.756143972445e-08
   7.895961150228e-08   6.586278201734e-08
   8.606282066745e-08   6.355853479897e-08
   9.277534398780e-08   6.062330461216e-08
   9.935091212791e-08   5.656374512971e-08
   1.055142967949e-07   5.163655502062e-08
   1.110180883047e-07   4.622809062032e-08
   1.157406294218e-07   4.066118702139e-08
   1.198411954705e-07   3.452455478528e-08
   1.233314853060e-07   2.755080113361e-08
   1.260507766084e-07   2.007017250787e-08
   1.278878313597e-07   1.266068277066e-08
   1.288738199378e-07   5.513462514593e-09
   1.290582683244e-07  -1.960368189876e-09
   1.283845871599e-07  -9.786358777747e-09
   1.268246069968e-07  -1.763113638632e-08
   1.245092941147e-07  -2.470730646321e-08
   1.214544825591e-07  -3.136384756530e-08
   1.176304404891e-07  -3.779787426236e-08
   1.129202178379e-07  -4.427168704120e-08
   1.076185382130e-07  -4.996052065862e-08
   1.018470858122e-07  -5.478254425443e-08
   9.571717159485e-08  -5.870549561184e-08
   8.890773822509e-08  -6.233098653679e-08
   8.164834899888e-08  -6.528781533984e-08
   7.414537673321e-08  -6.737108462170e-08
   6.678562078945e-08  -6.828473434697e-08
   5.928754653428e-08  -6.845007022286e-08
   5.163616430128e-08  -6.792224111287e-08
   4.390989265541e-08  -6.666589248309e-08
   3.660479998081e-08  -6.441922076284e-08
   2.975714893380e-08  -6.129560813372e-08
   2.324893732644e-08  -5.745500658884e-08
   1.697266289920e-08  -5.299487283680e-08
   1.121652321504e-08  -4.786308072033e-08
   6.233380129971e-09  -4.209079383082e-08
   2.001451631217e-09  -3.579739925872e-08
  -1.588256431574e-09  -2.907890875988e-08
  -4.511415396025e-09  -2.198863893049e-08
  -6.581517458643e-09  -1.461703240339e-08
  -7.771763943062e-09  -7.080400970539e-09
  -8.128689731389e-09   5.205960656450e-10
  -7.657093286144e-09   8.144629160388e-09
  -6.305432421548e-09   1.568136902136e-08
  -4.090553581942e-09   2.301548624577e-08
  -1.187068390951e-09   3.004435257084e-08
   2.465122195930e-09   3.671547619088e-08
   6.895892524521e-09   4.293475642903e-08
   1.216861982874e-08   4.857835891344e-08
   1.790377858012e-08   5.363623986484e-08
   2.404270509381e-08   5.807496620057e-08
   3.056201765809e-08   6.184345898916e-08
   3.774063891488e-08   6.470455139621e-08
   4.524017586738e-08   6.671304298158e-08
   5.280960427111e-08   6.795274388705e-08
   6.021704157543e-08   6.856388850962e-08
   6.776690565490e-08   6.823120498193e-08
   7.542445660684e-08   6.684588989983e-08
   8.295081139043e-08   6.452169732172e-08
   8.996217601697e-08   6.167339217966e-08
   9.648729659338e-08   5.827123831205e-08
   1.027051086827e-07   5.395438253616e-08
   1.085595563000e-07   4.862570562891e-08
   1.137766749615e-07   4.268794856084e-08
   1.181504506138e-07   3.668032814331e-08
   1.218067901473e-07   3.031137790413e-08
   1.247842441639e-07   2.329700663838e-08
   1.270179257120e-07   1.554018954682e-08
   1.283495405177e-07   7.897961410022e-09
   1.288192850704e-07   4.721316512315e-10
   1.284689455150e-07  -6.780925719489e-09
   1.272474237839e-07  -1.454213281780e-08
   1.251500711355e-07  -2.221028622214e-08
   1.222426271809e-07  -2.945223319291e-08
   1.187081101146e-07  -3.578584484900e-08
   1.143985049885e-07  -4.193948362787e-08
   1.093149085588e-07  -4.783918663505e-08
   1.034876542481e-07  -5.336023562797e-08
   9.733088710700e-08  -5.776803791869e-08
   9.081382022039e-08  -6.132545418062e-08
   8.387829276434e-08  -6.421831068932e-08
   7.636158896924e-08  -6.666885044444e-08
   6.868588560517e-08  -6.819123862381e-08
   6.110158900108e-08  -6.865416501763e-08
   5.365746594939e-08  -6.815579103266e-08
   4.608525065082e-08  -6.699311364045e-08
   3.850615113750e-08  -6.510183601430e-08
   3.127591263099e-08  -6.232511788536e-08
   2.462034475997e-08  -5.866331321401e-08
   1.844987073317e-08  -5.427329997163e-08
   1.259640433608e-08  -4.928269912033e-08
   7.264719252067e-09  -4.367951309136e-08
