   0.000000000000e+00   0.000000000000e+00
   1.234910877759e-10   6.733064966062e-09
   4.855178076337e-10   1.345751911586e-08
   1.091282759350e-09   2.016460341528e-08
   1.945573270961e-09   2.684517892162e-08
   3.021804784245e-09   3.349254496804e-08
   4.337949223161e-09   4.009702124945e-08
   5.904028085593e-09   4.664855497338e-08
   7.672635489088e-09   5.314456518179e-08
   9.669527839122e-09   5.957388888500e-08
   1.191822837336e-08   6.592378194576e-08
   1.435174402200e-08   7.219763660509e-08
   1.699634808436e-08   7.838331788977e-08
   1.989656318017e-08   8.446231848919e-08
   2.296947872864e-08   9.044500083291e-08
   2.623263480314e-08   9.632028853034e-08
   2.975623958331e-08   1.020602589232e-07
   3.344724571628e-08   1.076820929377e-07
   3.730475537228e-08   1.131794315663e-07
   4.142514775004e-08   1.185117717285e-07
   4.571216217662e-08   1.237018261564e-07
   5.013852513715e-08   1.287527781558e-07
   5.482336844644e-08   1.336096966178e-07
   5.967409916460e-08   1.382986700483e-07
   6.463253989708e-08   1.428375726876e-07
   6.983491886215e-08   1.471567010362e-07
   7.519853628618e-08   1.512826835011e-07
   8.063340916319e-08   1.552527848251e-07
   8.628666725368e-08   1.589833971379e-07
   9.209142310904e-08   1.624979028235e-07
   9.792770235395e-08   1.658567599880e-07
   1.039474423989e-07   1.689643184291e-07
   1.101059782016e-07   1.718352435306e-07
   1.162567425974e-07   1.745558847589e-07
   1.225499163500e-07   1.770217514575e-07
   1.289701478609e-07   1.792310267232e-07
   1.353487080638e-07   1.812972751751e-07
   1.418259562542e-07   1.831126502497e-07
   1.484225281761e-07   1.846491446650e-07
   1.549532921506e-07   1.860468579900e-07
   1.615388803330e-07   1.872032889807e-07
   1.682399617674e-07   1.880543841669e-07
   1.748626369449e-07   1.887632605338e-07
   1.814972397708e-07   1.892446348247e-07
   1.882436332953e-07   1.893912505994e-07
   1.949084318455e-07   1.893825994603e-07
   2.015430438476e-07   1.891639626037e-07
   2.082800941279e-07   1.885828435411e-07
   2.149362913277e-07   1.878261850486e-07
   2.215202008361e-07   1.868817286901e-07
   2.281868520328e-07   1.855551865068e-07
   2.347712117847e-07   1.840313523622e-07
   2.412409121247e-07   1.823483536966e-07
   2.477621196668e-07   1.802772366675e-07
   2.541938551276e-07   1.779915505767e-07
   2.604693441375e-07   1.755831050830e-07
   2.667561322237e-07   1.727966464159e-07
   2.729409985959e-07   1.697856316760e-07
   2.789314201397e-07   1.666953295692e-07
   2.848887871396e-07   1.632524651690e-07
   2.907300959454e-07   1.595803297635e-07
   2.963456587831e-07   1.558755590837e-07
   3.018846751393e-07   1.518556009834e-07
   3.072958922362e-07   1.476010791314e-07
   3.124599792823e-07   1.433569282102e-07
   3.175083505344e-07   1.388424591476e-07
   3.224214786905e-07   1.340813163934e-07
   3.270771060494e-07   1.293620552557e-07
   3.315834385381e-07   1.244211550289e-07
   3.359499400414e-07   1.192121308274e-07
   3.400580256635e-07   1.140591484405e-07
   3.439884035229e-07   1.087351354982e-07
   3.477733146057e-07   1.031159317200e-07
   3.513044343120e-07   9.754886694035e-08
   3.546335664465e-07   9.186344070960e-08
   3.578065401643e-07   8.585937977265e-08
   3.607310965714e-07   7.989127293161e-08
   3.634329841405e-07   7.386104140392e-08
   3.659613701265e-07   6.750294837315e-08
   3.682440195616e-07   6.116223631824e-08
   3.702875653068e-07   5.482071734884e-08
   3.721354863173e-07   4.816324178382e-08
   3.737370736721e-07   4.151104150716e-08
   3.750891149090e-07   3.492446731820e-08
   3.762229654983e-07   2.805571283902e-08
   3.771085344000e-07   2.118991860712e-08
   3.777421386156e-07   1.445876230526e-08
   3.781392444604e-07   7.496412034710e-09
   3.782872996651e-07   5.409817430809e-10
   3.781901004280e-07  -6.213690727018e-09
   3.778455400187e-07  -1.313881273028e-08
   3.772533422649e-07  -2.005474617094e-08
   3.764308323763e-07  -2.671412384393e-08
   3.753583997936e-07  -3.348057869453e-08
   3.740405217936e-07  -4.024481921039e-08
   3.725123583883e-07  -4.671412733089e-08
   3.707390028018e-07  -5.322896564095e-08
   3.687203577123e-07  -5.976024021671e-08
   3.665120304373e-07  -6.597970908024e-08
   3.640688928534e-07  -7.218615104412e-08
   3.613765376574e-07  -7.843458896255e-08
   3.585115696010e-07  -8.437468961260e-08
   3.554267425864e-07  -9.024499135957e-08
   3.520853167207e-07  -9.617947341632e-08
   3.485830001006e-07  -1.018225037274e-07
   3.448804148331e-07  -1.073388602327e-07
   3.409140104651e-07  -1.129274043151e-07
   3.367944314084e-07  -1.182447603543e-07
   3.324998147867e-07  -1.233776546088e-07
   3.279393173727e-07  -1.285707004162e-07
   3.232328236763e-07  -1.335079321670e-07
   3.183832511152e-07  -1.382032896432e-07
   3.132749604172e-07  -1.429279953531e-07
   3.080305493210e-07  -1.474046577627e-07
   3.026818628065e-07  -1.515857859195e-07
   2.970924166786e-07  -1.557533463907e-07
   2.913802081872e-07  -1.596762821165e-07
   2.856076264143e-07  -1.632585398824e-07
   2.796218539328e-07  -1.667806409339e-07
   2.735277567840e-07  -1.700636124134e-07
   2.674184373970e-07  -1.729741250679e-07
   2.611301147824e-07  -1.757810615751e-07
   2.547447411752e-07  -1.783617937971e-07
   2.483854282321e-07  -1.805549038587e-07
   2.418847721217e-07  -1.826075178071e-07
   2.352918540892e-07  -1.844552582029e-07
   2.287577213416e-07  -1.859172068061e-07
   2.221214581193e-07  -1.872081890923e-07
   2.153913739370e-07  -1.883199532553e-07
   2.087418976154e-07  -1.890617899283e-07
   2.020307771075e-07  -1.896068070666e-07
   1.952222662929e-07  -1.899955013969e-07
   1.885066016691e-07  -1.900384720337e-07
   1.817718580971e-07  -1.898616796630e-07
   1.749408974287e-07  -1.895423628655e-07
   1.682099814822e-07  -1.889034644473e-07
   1.615053774647e-07  -1.880245373138e-07
   1.547161894476e-07  -1.870055528100e-07
   1.480345110289e-07  -1.856906905529e-07
   1.414269942360e-07  -1.841196963506e-07
   1.347589419682e-07  -1.824023824264e-07
   1.282092664297e-07  -1.804096401146e-07
   1.217821488811e-07  -1.781512380401e-07
   1.153287929549e-07  -1.757369573376e-07
   1.090075841664e-07  -1.730665300481e-07
   1.028545863720e-07  -1.701296976031e-07
   9.671516159061e-08  -1.670295329511e-07
   9.072116527635e-08  -1.636941907259e-07
   8.493433538571e-08  -1.601015077827e-07
   7.920136333073e-08  -1.563434775920e-07
   7.362277891069e-08  -1.523744023258e-07
   6.828024968503e-08  -1.481661698871e-07
   6.302892084270e-08  -1.437967306730e-07
   5.793504694107e-08  -1.392427595383e-07
   5.309456356817e-08  -1.344746787770e-07
   4.837863231375e-08  -1.295545948961e-07
   4.381933554571e-08  -1.244765441209e-07
   3.952033625533e-08  -1.192132326172e-07
   3.537594103024e-08  -1.138106512904e-07
   3.138821483903e-08  -1.082744439549e-07
   2.766078813711e-08  -1.025827522743e-07
   2.411576082297e-08  -9.676712823382e-08
   2.073317827896e-08  -9.083920909839e-08
   1.760848362017e-08  -8.478472561495e-08
   1.469179378767e-08  -7.862422844533e-08
   1.195122813457e-08  -7.237087652355e-08
   9.467009695852e-09  -6.601870142358e-08
   7.212752783174e-09  -5.958145641145e-08
   5.154479543658e-09  -5.307108914865e-08
   3.352535542994e-09  -4.648913263411e-08
   1.796341191077e-09  -3.984622997457e-08
   4.577475462096e-10  -3.315207896738e-08
  -6.246082184705e-10  -2.641376120935e-08
  -1.454115925102e-09  -1.964112558666e-08
  -2.047439854057e-09  -1.284183395309e-08
  -2.386705259345e-09  -6.025996813116e-09
  -2.476078827477e-09   7.965519902526e-10
  -2.316921377639e-09   7.619160285076e-09
  -1.908409044317e-09   1.443109894091e-08
  -1.262347748068e-09   2.122302483533e-08
  -3.625156667979e-10   2.798772711865e-08
   7.813925379611e-10   3.471543471206e-08
   2.143983273159e-09   4.139867698479e-08
   3.759336321209e-09   4.802784428707e-08
   5.616259810702e-09   5.459421312574e-08
   7.670759859764e-09   6.109422259243e-08
   9.972015864589e-09   6.751428666968e-08
   1.251762978477e-08   7.384500032706e-08
   1.524159117088e-08   8.008914312240e-08
   1.820173836849e-08   8.622864548733e-08
   2.141390845893e-08   9.225012473808e-08
   2.478916485526e-08   9.816512674872e-08
   2.838464667427e-08   1.039523648033e-07
   3.224089304859e-08   1.095904393711e-07
   3.624805993801e-08   1.151016109908e-07
   4.045252616581e-08   1.204645311955e-07
   4.492213018680e-08   1.256459611148e-07
   4.953068534907e-08   1.306799539966e-07
   5.430539505970e-08   1.355496107697e-07
   5.934081331366e-08   1.402068073827e-07
   6.450079692491e-08   1.446972738672e-07
   6.978766358855e-08   1.490137022158e-07
   7.532037618012e-08   1.530908124336e-07
   8.096068213237e-08   1.569842134449e-07
   8.668254200688e-08   1.607015361469e-07
   9.262629550226e-08   1.641586414889e-07
   9.866095774669e-08   1.674167761809e-07
   1.047297836184e-07   1.705040445271e-07
   1.109905010572e-07   1.733165434214e-07
   1.173301765657e-07   1.759137703757e-07
   1.236595809109e-07   1.783500251580e-07
   1.301476530167e-07   1.805026127827e-07
   1.367107355396e-07   1.824187409136e-07
   1.432266159611e-07   1.841842252193e-07
   1.498659627466e-07   1.856620382152e-07
   1.565839978121e-07   1.868746917007e-07
   1.632278159926e-07   1.879430840878e-07
   1.699573938937e-07   1.887248458837e-07
   1.767722023042e-07   1.892061440184e-07
   1.834947494509e-07   1.895433052748e-07
   1.902614421242e-07   1.896013676931e-07
   1.971154721799e-07   1.893221186618e-07
   2.038642311988e-07   1.888938249022e-07
   2.106107662801e-07   1.882027282275e-07
   2.174361154187e-07   1.871432153267e-07
   2.241436055137e-07   1.859287787238e-07
   2.307985367849e-07   1.844786769387e-07
   2.375109682436e-07   1.826411183111e-07
   2.440908631197e-07   1.806459764638e-07
   2.505665223173e-07   1.784539561536e-07
   2.570678617993e-07   1.758704995253e-07
   2.634208300157e-07   1.731312636193e-07
   2.696204907098e-07   1.702441378741e-07
   2.758084806445e-07   1.669757447303e-07
   2.818345971584e-07   1.635545245535e-07
   2.876652112562e-07   1.600403155913e-07
   2.934463419408e-07   1.561655130497e-07
   2.990579347896e-07   1.521352107008e-07
   3.044420134586e-07   1.480660487485e-07
   3.097414150490e-07   1.436634802938e-07
   3.148704010849e-07   1.390904646236e-07
   3.197513311179e-07   1.345244929853e-07
   3.245155365485e-07   1.296567120248e-07
   3.291125884873e-07   1.245890188545e-07
   3.334513442990e-07   1.195603303415e-07
   3.376433920975e-07   1.142664951768e-07
   3.416704733656e-07   1.087336247385e-07
   3.454360331562e-07   1.032565288386e-07
   3.490258940104e-07   9.755867181108e-08
   3.524467740147e-07   9.158399529318e-08
   3.556058705087e-07   8.567100709719e-08
   3.585615693991e-07   7.959211767985e-08
   3.613358734752e-07   7.321221911802e-08
   3.638482518756e-07   6.689673456303e-08
   3.661328787284e-07   6.048161422431e-08
   3.682171174507e-07   5.376275811634e-08
   3.700390048921e-07   4.711429002098e-08
   3.716152319107e-07   4.044207163485e-08
   3.729700695299e-07   3.348567930243e-08
   3.740633965401e-07   2.661020230548e-08
   3.749024845227e-07   1.979193095324e-08
   3.755020447673e-07   1.272614926401e-08
   3.758438338428e-07   5.751577070592e-09
   3.759335252762e-07  -1.086605207052e-09
   3.757715090241e-07  -8.126411181406e-09
   3.753581455705e-07  -1.507317813771e-08
   3.747046129947e-07  -2.181397992631e-08
   3.737937917628e-07  -2.870794446282e-08
   3.726381313402e-07  -3.552223988428e-08
   3.712608426940e-07  -4.207745372433e-08
   3.696263114091e-07  -4.873761116344e-08
   3.677498785763e-07  -5.534738402319e-08
   3.656726054864e-07  -6.166517450473e-08
   3.633427133219e-07  -6.803880335397e-08
   3.607679614262e-07  -7.440018849273e-08
   3.580115489247e-07  -8.045579226408e-08
   3.550117576597e-07  -8.651412900127e-08
   3.517591659826e-07  -9.259471782036e-08
   3.483408223576e-07  -9.836869104282e-08
   3.446942712181e-07  -1.040859657035e-07
   3.407861773490e-07  -1.098442598751e-07
   3.367260721325e-07  -1.152996979144e-07
   3.324606949408e-07  -1.206331822021e-07
   3.279296896303e-07  -1.260048108667e-07
   3.232609445253e-07  -1.310757512605e-07
   3.184188638394e-07  -1.359572169491e-07
   3.133159037869e-07  -1.408543044190e-07
   3.080920416704e-07  -1.454502841243e-07
   3.027354630335e-07  -1.497925325061e-07
   2.971328979974e-07  -1.541157044102e-07
   2.914282607132e-07  -1.581387879461e-07
   2.856377652947e-07  -1.618532490876e-07
   2.796247468835e-07  -1.655105072658e-07
   2.735269809872e-07  -1.688761102846e-07
   2.673920488147e-07  -1.718927335559e-07
   2.610635927315e-07  -1.748168684550e-07
   2.546615735036e-07  -1.774689801308e-07
   2.482676296935e-07  -1.797491689347e-07
   2.417121891445e-07  -1.819064980447e-07
   2.350854001413e-07  -1.838214619632e-07
   2.285039840453e-07  -1.853588178025e-07
   2.217954313802e-07  -1.867465178607e-07
   2.150101224644e-07  -1.879253812577e-07
   2.082975679427e-07  -1.887349331413e-07
   2.014956118338e-07  -1.893691482226e-07
   1.946096242241e-07  -1.898234799749e-07
   1.878153810110e-07  -1.899252516884e-07
   1.809744051954e-07  -1.898258695988e-07
   1.740478998654e-07  -1.895644618253e-07
   1.672278938656e-07  -1.889700872515e-07
   1.604092985356e-07  -1.881497423697e-07
   1.535151440235e-07  -1.871727008808e-07
   1.467422305032e-07  -1.858818464219e-07
   1.400230144886e-07  -1.843442517828e-07
   1.332509625084e-07  -1.826463749061e-07
   1.266166208389e-07  -1.806533638996e-07
   1.200892943497e-07  -1.784003891130e-07
   1.135416699664e-07  -1.759806342206e-07
   1.071483172625e-07  -1.732860598692e-07
   1.009120617169e-07  -1.703284134729e-07
   9.469273092969e-08  -1.671998956563e-07
   8.864057109665e-08  -1.638205737333e-07
   8.278796007132e-08  -1.601859558287e-07
   7.698942838901e-08  -1.563815427915e-07
   7.136413151182e-08  -1.523542485890e-07
   6.596997911046e-08  -1.480890939327e-07
   6.066446984827e-08  -1.436604748094e-07
   5.553129342389e-08  -1.390388352137e-07
   5.064900356247e-08  -1.342037376614e-07
   4.588728883428e-08  -1.292154049633e-07
   4.129365387181e-08  -1.240628662848e-07
   3.696043682585e-08  -1.187250224733e-07
   3.277833676789e-08  -1.132467901355e-07
   2.876252584774e-08  -1.076298763590e-07
   2.501018338095e-08  -1.018568355945e-07
   2.143889970277e-08  -9.595855915196e-08
   1.803947897104e-08  -8.994360635058e-08
   1.490419797400e-08  -8.380127948422e-08
   1.197843199501e-08  -7.755177931896e-08
   9.238724029724e-09  -7.120584835677e-08
   6.763870102918e-09  -6.476079696362e-08
   4.522924911821e-09  -5.823029247368e-08
   2.488056178395e-09  -5.162432574784e-08
   7.186758552758e-10  -4.494758821726e-08
  -7.997311984915e-10  -3.821082103869e-08
  -2.091193430338e-09  -3.142199896323e-08
  -3.118345543736e-09  -2.459115216341e-08
  -3.887445516974e-09  -1.772835879191e-08
  -4.412490507511e-09  -1.083958843585e-08
  -4.677538306494e-09  -3.937482788659e-09
  -4.688359424919e-09   2.967719070756e-09
  -4.444284389637e-09   9.871107981639e-09
  -3.946870409855e-09   1.676001729102e-08
  -3.208529137909e-09   2.362440884355e-08
  -2.210902232192e-09   3.045876619680e-08
  -9.659013206734e-10   3.725200833915e-08
   5.007951941278e-10   4.399561477919e-08
   2.225775951390e-09   5.068140512602e-08
   4.196505164338e-09   5.729983642132e-08
   6.368275739351e-09   6.384602478761e-08
   8.792744102590e-09   7.030738534227e-08
   1.146743933456e-08   7.667394904732e-08
   1.432476571989e-08   8.294712458478e-08
   1.742419442756e-08   8.910945783753e-08
   2.078259910817e-08   9.514706430827e-08
   2.430861016314e-08   1.010703522512e-07
   2.805952683036e-08   1.068585068926e-07
   3.207749123538e-08   1.124896226573e-07
   3.624977649812e-08   1.179852828107e-07
   4.062136942846e-08   1.233247713281e-07
   4.526181349232e-08   1.284743405846e-07
   5.004221489472e-08   1.334678889801e-07
   5.498709518593e-08   1.382895848341e-07
   6.019274798018e-08   1.428907186741e-07
   6.552137415837e-08   1.473171317968e-07
   7.097143243355e-08   1.515633131153e-07
   7.666388449615e-08   1.555631057419e-07
   8.246108512352e-08   1.593717448990e-07
   8.833163625012e-08   1.629998152109e-07
   9.441814015833e-08   1.663618304688e-07
   1.005939042592e-07   1.695168880170e-07
   1.067947719747e-07   1.724977591135e-07
   1.131801934857e-07   1.751990103367e-07
   1.196464271496e-07   1.776746154760e-07
   1.260946410099e-07   1.799856537439e-07
   1.326931545933e-07   1.820088953982e-07
   1.393727881319e-07   1.837812950108e-07
   1.460004222236e-07   1.853973243057e-07
   1.527414998449e-07   1.867224912619e-07
   1.595700027813e-07   1.877639529631e-07
   1.663227496846e-07   1.886519857597e-07
   1.731483193496e-07   1.892521007665e-07
   1.800668919989e-07   1.895310486757e-07
   1.868936477226e-07   1.896533969102e-07
   1.937475856955e-07   1.894988003250e-07
   2.006918133896e-07   1.889876318340e-07
   2.075311468898e-07   1.883132835526e-07
   2.143470443990e-07   1.873833032906e-07
   2.212376349561e-07   1.860707661341e-07
   2.280092577611e-07   1.845895041620e-07
   2.347038090252e-07   1.828857758024e-07
   2.414447664440e-07   1.807879401954e-07
   2.480507992015e-07   1.785198797954e-07
   2.545267492949e-07   1.760740252104e-07
   2.610122190366e-07   1.732380759670e-07
   2.673473923764e-07   1.702334148273e-07
   2.735046257838e-07   1.671040241259e-07
   2.796314093821e-07   1.636017004392e-07
   2.855969768233e-07   1.599298124487e-07
   2.913460785669e-07   1.561886190916e-07
   2.970260404208e-07   1.521007833168e-07
   3.025406731908e-07   1.478330679523e-07
   3.078121566603e-07   1.435460141914e-07
   3.129789224258e-07   1.389445759069e-07
   3.179819179283e-07   1.341390153128e-07
   3.227269254453e-07   1.293513217564e-07
   3.273343922828e-07   1.242866975923e-07
   3.317807949270e-07   1.189817170350e-07
   3.359635983792e-07   1.137152762706e-07
   3.399776897719e-07   1.082161226477e-07
   3.438288273025e-07   1.024375070634e-07
   3.474156647037e-07   9.670365055866e-08
   3.508039861123e-07   9.079057182407e-08
   3.540190750040e-07   8.456880048622e-08
   3.569700524680e-07   7.839074238149e-08
   3.596954634510e-07   7.209775284029e-08
   3.622292520041e-07   6.548707023126e-08
   3.644982196571e-07   5.891993185058e-08
   3.665201146517e-07   5.231217034353e-08
   3.683278562470e-07   4.540169071684e-08
   3.698699941245e-07   3.853971076014e-08
   3.711522120665e-07   3.171789542456e-08
   3.721989897063e-07   2.462917203518e-08
   3.729812824209e-07   1.759687972781e-08
   3.735015641222e-07   1.068577975730e-08
   3.737706683911e-07   3.557060737134e-09
   3.737792046582e-07  -3.511565513198e-09
   3.735343330942e-07  -1.038582924894e-08
   3.730299420562e-07  -1.742264122643e-08
   3.722701764552e-07  -2.440776620125e-08
   3.712736892047e-07  -3.114126167905e-08
   3.700163653999e-07  -3.798126701783e-08
   3.685068107760e-07  -4.479316743917e-08
   3.667808447950e-07  -5.131763276219e-08
   3.647985231051e-07  -5.789252083305e-08
   3.625621314015e-07  -6.447344273955e-08
   3.601285890584e-07  -7.075329713093e-08
   3.574482858665e-07  -7.702567513922e-08
   3.545068851328e-07  -8.333740480051e-08
   3.513836607568e-07  -8.935133615267e-08
   3.480288981939e-07  -9.529596866951e-08
   3.444041665576e-07  -1.012994600398e-07
   3.406091755176e-07  -1.070160059283e-07
   3.366048956943e-07  -1.125972269536e-07
   3.323254064282e-07  -1.182348693267e-07
   3.278861265321e-07  -1.235953687942e-07
   3.232681630726e-07  -1.287527509161e-07
   3.183783744523e-07  -1.339421404518e-07
   3.133411468258e-07  -1.388594810386e-07
   3.081643807291e-07  -1.435088240882e-07
   3.027302696702e-07  -1.481503735443e-07
   2.971638342655e-07  -1.525226535583e-07
   2.915037069357e-07  -1.565708525619e-07
   2.856111921562e-07  -1.605652472588e-07
   2.796019452788e-07  -1.642968062559e-07
   2.735474250374e-07  -1.676627134876e-07
   2.672931769654e-07  -1.709303148965e-07
   2.609339815436e-07  -1.739502913746e-07
   2.545748845115e-07  -1.765814525443e-07
   2.480533121275e-07  -1.790752145514e-07
   2.414313455536e-07  -1.813459397458e-07
   2.348464392933e-07  -1.832238546408e-07
   2.281390016125e-07  -1.849308611137e-07
   2.213287230948e-07  -1.864439726852e-07
   2.145810511165e-07  -1.875765229219e-07
   2.077532236084e-07  -1.885085378141e-07
   2.008179109599e-07  -1.892722938693e-07
   1.939602543381e-07  -1.896779098444e-07
   1.870679844413e-07  -1.898558302926e-07
   1.800688436041e-07  -1.898805323843e-07
   1.731564530193e-07  -1.895726443901e-07
   1.662586676690e-07  -1.890126479968e-07
   1.592661824176e-07  -1.883015243349e-07
   1.523691645075e-07  -1.872815265851e-07
   1.455389014278e-07  -1.859898247546e-07
   1.386398099554e-07  -1.845392448758e-07
   1.318479426124e-07  -1.828005553338e-07
   1.251755452874e-07  -1.807782652007e-07
   1.184715247489e-07  -1.785856983890e-07
   1.118891315576e-07  -1.761248752356e-07
   1.054756996246e-07  -1.733787154783e-07
   9.907405423575e-08  -1.704532602622e-07
   9.280767046278e-08  -1.672813328762e-07
   8.675206213884e-08  -1.638335210936e-07
   8.075244076191e-08  -1.602034130279e-07
   7.489719473699e-08  -1.563518461554e-07
   6.928312753074e-08  -1.522440836457e-07
   6.376636595651e-08  -1.479577998114e-07
   5.839738000130e-08  -1.434771822116e-07
   5.328702896548e-08  -1.387675695663e-07
   4.831116183455e-08  -1.338888507342e-07
   4.348337250613e-08  -1.288424202173e-07
   3.892025302297e-08  -1.235980874450e-07
   3.452508088334e-08  -1.181981666280e-07
   3.028044284953e-08  -1.126543790304e-07
   2.629939925767e-08  -1.069443473524e-07
   2.251677251284e-08  -1.010954613602e-07
   1.889416534665e-08  -9.512336127006e-08
   1.553227216545e-08  -8.901529971271e-08
   1.239605606875e-08  -8.278831992396e-08
   9.437877193159e-09  -7.645726044852e-08
   6.739433958454e-09  -7.001898970200e-08
   4.289122699759e-09  -6.348529844534e-08
   2.040694587642e-09  -5.686773920552e-08
   5.350360907537e-11  -5.017116227065e-08
  -1.670389041093e-09  -4.340618531887e-08
  -3.167978827562e-09  -3.658055089406e-08
  -4.402265722283e-09  -2.970444697320e-08
  -5.367691521866e-09  -2.278953697116e-08
  -6.087052139272e-09  -1.584051919319e-08
  -6.542717977812e-09  -8.869984741148e-09
  -6.734488638977e-09  -1.890996610032e-09
  -6.668369901148e-09   5.093303728637e-09
  -6.340273603406e-09   1.207041547848e-08
  -5.762362707493e-09   1.902691615784e-08
  -4.923439934017e-09   2.595936232878e-08
  -3.824407486892e-09   3.285664454701e-08
  -2.494923674273e-09   3.970688586514e-08
  -9.089825609832e-10   4.650451020104e-08
   9.380209929870e-10   5.323928722979e-08
   2.995983122460e-09   5.990319689040e-08
   5.299669226510e-09   6.648743191984e-08
   7.869729584661e-09   7.298016029755e-08
   1.063552522167e-08   7.937943855547e-08
   1.363097820621e-08   8.567374173038e-08
   1.690073572881e-08   9.184577366200e-08
   2.035676886513e-08   9.790123918228e-08
   2.402079272275e-08   1.038285653499e-07
   2.796488481763e-08   1.096009121119e-07
   3.208950489710e-08   1.152321150939e-07
   3.639386720486e-08   1.207151503642e-07
   4.097633995079e-08   1.260104424295e-07
   4.573336729145e-08   1.311391391923e-07
   5.063462009336e-08   1.361044223883e-07
   5.580054723526e-08   1.408521893828e-07
   6.113184829463e-08   1.454086125915e-07
   6.656535584460e-08   1.497928401078e-07
   7.223795396635e-08   1.539358294572e-07
   7.806359377871e-08   1.578645725275e-07
   8.394594290061e-08   1.616193818128e-07
   9.003177906306e-08   1.651172565704e-07
   9.625822445431e-08   1.683792159300e-07
   1.024975168864e-07   1.714709250649e-07
   1.088981785241e-07   1.742984224259e-07
   1.154307438052e-07   1.768671313809e-07
   1.219397425365e-07   1.792706167079e-07
   1.285647255047e-07   1.814101598547e-07
   1.353182369887e-07   1.832641394113e-07
   1.420235653563e-07   1.849538372808e-07
   1.487982480016e-07   1.863860849363e-07
   1.557009016465e-07   1.875015237233e-07
   1.625432568493e-07   1.884451574167e-07
   1.694077534511e-07   1.891431786328e-07
   1.763963817243e-07   1.894918715552e-07
   1.833212653508e-07   1.896520514586e-07
   1.902202939689e-07   1.895840017781e-07
   1.972296546043e-07   1.891392080915e-07
   2.041738464757e-07   1.884837474585e-07
   2.110432835996e-07   1.876242021670e-07
   2.179956156868e-07   1.863725243916e-07
   2.248775629062e-07   1.848886879579e-07
   2.316358685830e-07   1.832330307651e-07
   2.384369197076e-07   1.811866034527e-07
   2.451565640061e-07   1.788920101722e-07
   2.517061727751e-07   1.764659753599e-07
   2.582502345426e-07   1.736684695072e-07
   2.646982390080e-07   1.706129066794e-07
   2.709361434531e-07   1.674714221406e-07
   2.771180039618e-07   1.639934973388e-07
   2.831897289666e-07   1.602497963868e-07
   2.890216280705e-07   1.564642842450e-07
   2.947498102766e-07   1.523887890082e-07
   3.003573528803e-07   1.480361055199e-07
   3.057080993212e-07   1.436755320263e-07
   3.109131030021e-07   1.390782401358e-07
   3.159901716360e-07   1.341851993254e-07
   3.208056714016e-07   1.293001161344e-07
   3.254397278903e-07   1.242348129596e-07
   3.299381840877e-07   1.188504386590e-07
   3.341786623123e-07   1.134687372506e-07
   3.382077528224e-07   1.079646981424e-07
   3.420886761548e-07   1.021220246345e-07
   3.457176968892e-07   9.626005745885e-08
   3.491104159133e-07   9.033498962609e-08
   3.523350359877e-07   8.406650908752e-08
   3.553110347010e-07   7.775072338368e-08
   3.580308835754e-07   7.143347165286e-08
   3.605567431777e-07   6.479090506023e-08
   3.628322895566e-07   5.807837721467e-08
   3.648380535016e-07   5.142899725016e-08
   3.666226426358e-07   4.449708504236e-08
   3.681516370634e-07   3.748428008651e-08
   3.694052387902e-07   3.060057754763e-08
   3.704148490694e-07   2.349761913716e-08
   3.711631497100e-07   1.631339378927e-08
   3.716397608815e-07   9.320475049060e-09
   3.718582997510e-07   2.184310207648e-09
   3.718116999837e-07  -5.029796301098e-09
   3.715057955978e-07  -1.200223260306e-08
   3.709382537256e-07  -1.903753444475e-08
   3.701035463765e-07  -2.615126843422e-08
   3.690273344156e-07  -3.299327069203e-08
   3.676956980604e-07  -3.981996846075e-08
   3.660947266075e-07  -4.673228854820e-08
   3.642702833775e-07  -5.336821493078e-08
   3.622042201424e-07  -5.991671919111e-08
   3.598648263181e-07  -6.656053359398e-08
   3.573151718631e-07  -7.294715751584e-08
   3.545429868374e-07  -7.918156296849e-08
   3.514923166177e-07  -8.551392329539e-08
   3.482373243737e-07  -9.162307423160e-08
   3.447828144631e-07  -9.752186270589e-08
   3.410470342864e-07  -1.035045127921e-07
   3.371071067201e-07  -1.092993849097e-07
   3.329945778203e-07  -1.148309839933e-07
   3.286052792600e-07  -1.204112214676e-07
   3.240107155045e-07  -1.258293627740e-07
   3.192751550379e-07  -1.309359853813e-07
   3.142786252110e-07  -1.360377171602e-07
   3.090790726953e-07  -1.409891347223e-07
   3.037751111758e-07  -1.455870070390e-07
   2.982388084798e-07  -1.501160420721e-07
   2.925072434458e-07  -1.544959607940e-07
   2.867111837956e-07  -1.584904625273e-07
   2.807228996714e-07  -1.623510679267e-07
   2.745513425610e-07  -1.660604168066e-07
   2.683542606089e-07  -1.693676511212e-07
   2.620130230541e-07  -1.724824752833e-07
   2.555013739140e-07  -1.754467175181e-07
   2.489963160491e-07  -1.780108707966e-07
   2.423987449059e-07  -1.803350464902e-07
   2.356419379093e-07  -1.825136032545e-07
   2.289118624772e-07  -1.843125357505e-07
   2.221406149407e-07  -1.858360791765e-07
   2.152202678818e-07  -1.872197553255e-07
   2.083332387814e-07  -1.882576782594e-07
   2.014536072590e-07  -1.889959920167e-07
   1.944381174107e-07  -1.895952292530e-07
   1.874525071254e-07  -1.898873956798e-07
   1.805194154839e-07  -1.898649225305e-07
   1.734722915151e-07  -1.896951698721e-07
   1.664490396274e-07  -1.892530867987e-07
   1.595206974625e-07  -1.884886294661e-07
   1.525122961734e-07  -1.875601196332e-07
   1.455267971794e-07  -1.863850730991e-07
   1.386767498689e-07  -1.848863818318e-07
   1.317924394009e-07  -1.832029028651e-07
   1.249391045835e-07  -1.812900459769e-07
   1.182595444075e-07  -1.790592111005e-07
   1.115994802521e-07  -1.766250978898e-07
   1.049866577314e-07  -1.739741409621e-07
   9.858135339560e-08  -1.710189380845e-07
   9.225156841500e-08  -1.678493177622e-07
   8.598932225193e-08  -1.644753165872e-07
   7.996001903492e-08  -1.608193935909e-07
   7.405888241268e-08  -1.569477811262e-07
   6.824525596839e-08  -1.528867161021e-07
   6.267851583849e-08  -1.485734577395e-07
   5.728513297331e-08  -1.440529338800e-07
   5.199711432642e-08  -1.393602213932e-07
   4.695804615718e-08  -1.344494267331e-07
   4.212821188991e-08  -1.293475626373e-07
   3.742098399046e-08  -1.240915089299e-07
   3.295630680226e-08  -1.186520218923e-07
   2.872763649027e-08  -1.130429853885e-07
   2.464142930694e-08  -1.072972611474e-07
   2.078922775291e-08  -1.014001954129e-07
   1.719228792832e-08  -9.535839968366e-08
   1.376247620994e-08  -8.919723220303e-08
   1.056235205449e-08  -8.291321335921e-08
   7.631039725993e-09  -7.651144932456e-08
   4.895419299893e-09  -7.000913683695e-08
   2.392616109474e-09  -6.341001697074e-08
   1.673219402018e-10  -5.672193566002e-08
  -1.833788379382e-09  -4.995549474098e-08
  -3.592617640276e-09  -4.311802765843e-08
  -5.070618521870e-09  -3.622196844523e-08
  -6.301232792285e-09  -2.927386685455e-08
  -7.277700329190e-09  -2.228190547963e-08
  -7.976543416547e-09  -1.526259404137e-08
  -8.414450836126e-09  -8.220863702558e-09
  -8.587923874972e-09  -1.164118890339e-09
  -8.493693504999e-09   5.889219953881e-09
  -8.136737795660e-09   1.293405990368e-08
  -7.508545237587e-09   1.996413279641e-08
  -6.627161538121e-09   2.696193714112e-08
  -5.492446979344e-09   3.392129882277e-08
  -4.082746275145e-09   4.083599079528e-08
  -2.434495904851e-09   4.769192078613e-08
  -5.507599103366e-10   5.448202888233e-08
   1.609929124284e-09   6.119763053460e-08
   3.999492954884e-09   6.782930044751e-08
   6.601965467879e-09   7.437076923976e-08
   9.481668347510e-09   8.080765481526e-08
   1.258854842700e-08   8.713459768308e-08
   1.588421503500e-08   9.334942785871e-08
   1.945355635172e-08   9.942936790342e-08
   2.325518873040e-08   1.053705719938e-07
   2.722127685509e-08   1.111794975565e-07
   3.144995405274e-08   1.168241151709e-07
   3.591783993427e-08   1.222981162889e-07
   4.052494910232e-08   1.276213875518e-07
   4.537265018337e-08   1.327541882093e-07
   5.046222027826e-08   1.376831221489e-07
   5.566347914821e-08   1.424455069104e-07
   6.107100430154e-08   1.469975290198e-07
   6.671486146524e-08   1.513138842887e-07
   7.244051423499e-08   1.554516083400e-07
   7.832700022655e-08   1.593679922840e-07
   8.443579969586e-08   1.630207224772e-07
   9.059683411408e-08   1.664862920406e-07
   9.686579586676e-08   1.697296345243e-07
   1.033371630025e-07   1.726859189121e-07
   1.098365431186e-07   1.754474212133e-07
   1.163885718105e-07   1.779948850290e-07
   1.231202486173e-07   1.802357858507e-07
   1.298660482149e-07   1.822703689659e-07
   1.366120788109e-07   1.841050161725e-07
   1.435132526369e-07   1.856167254804e-07
   1.504269546349e-07   1.869017516183e-07
   1.572953304897e-07   1.880025044240e-07
   1.642909529613e-07   1.887678037610e-07
   1.713066901112e-07   1.892753024095e-07
   1.782399158624e-07   1.896120261584e-07
   1.852658797596e-07   1.896075077714e-07
   1.923210831560e-07   1.893065526253e-07
   1.992635510663e-07   1.888449901745e-07
   2.062552118801e-07   1.880472625202e-07
   2.132781711355e-07   1.869145352062e-07
   2.201620571339e-07   1.856299094852e-07
   2.270428548289e-07   1.840286960906e-07
   2.339446994983e-07   1.820623899044e-07
   2.406826885053e-07   1.799546162295e-07
   2.473598561824e-07   1.775659977488e-07
   2.540356134525e-07   1.747961095298e-07
   2.605245535533e-07   1.718983648243e-07
   2.668946828561e-07   1.687705928493e-07
   2.732330352368e-07   1.652599978701e-07
   2.793662549945e-07   1.616356119608e-07
   2.853280139983e-07   1.578429217093e-07
   2.912252024417e-07   1.536772590467e-07
   2.969069331575e-07   1.494054282402e-07
   3.023743798266e-07   1.450310810652e-07
   3.077457638560e-07   1.403007570638e-07
   3.129005040398e-07   1.354574711717e-07
   3.178102529663e-07   1.305733691236e-07
   3.225945161193e-07   1.253553165053e-07
   3.271674914505e-07   1.199988217221e-07
   3.314765858159e-07   1.146518290015e-07
   3.356315516589e-07   1.089994408964e-07
   3.395813859181e-07   1.031678358052e-07
   3.432576614701e-07   9.738098989229e-08
   3.467506456877e-07   9.132795601476e-08
   3.500392145982e-07   8.505099972942e-08
   3.530499915374e-07   7.884084758000e-08
   3.558482828154e-07   7.241836302950e-08
   3.584340405407e-07   6.573792488659e-08
   3.607401663738e-07   5.913933073928e-08
   3.628073349993e-07   5.239809481180e-08
   3.646461904754e-07   4.538644331586e-08
   3.662050515309e-07   3.847105236171e-08
   3.675052396379e-07   3.149597097262e-08
   3.685583385036e-07   2.426256404182e-08
   3.693335591844e-07   1.714134507912e-08
   3.698408177159e-07   1.005079121328e-08
   3.700846079521e-07   2.734069930066e-09
   3.700562630072e-07  -4.456949004884e-09
   3.697628852829e-07  -1.152775508020e-08
   3.691956733678e-07  -1.878074846936e-08
   3.683649770332e-07  -2.590477538097e-08
   3.672833992213e-07  -3.282896983624e-08
   3.659245833786e-07  -3.988686699654e-08
   3.643106638578e-07  -4.682944063041e-08
   3.624675682217e-07  -5.351049596958e-08
   3.603499916221e-07  -6.027549077612e-08
   3.579812900286e-07  -6.695613775187e-08
   3.554075413296e-07  -7.333621777506e-08
   3.525673800357e-07  -7.974820504246e-08
   3.494733032839e-07  -8.611621812965e-08
   3.461961176922e-07  -9.216667008476e-08
   3.426661999990e-07  -9.819185088404e-08
   3.388743273281e-07  -1.042090179942e-07
   3.349170020751e-07  -1.099074283799e-07
   3.307277358574e-07  -1.155165611159e-07
   3.262684645050e-07  -1.211360749753e-07
   3.216582660477e-07  -1.264423690313e-07
   3.168457909674e-07  -1.315900643594e-07
   3.117616748313e-07  -1.367428591158e-07
   3.065410584460e-07  -1.415876813073e-07
   3.011575357265e-07  -1.462038973284e-07
   2.955117524493e-07  -1.507989074209e-07
   2.897460794744e-07  -1.550893013583e-07
   2.838655325467e-07  -1.590867774961e-07
   2.777442663652e-07  -1.630241274000e-07
   2.715212815880e-07  -1.666619428350e-07
   2.652366662415e-07  -1.699548415379e-07
   2.587429780789e-07  -1.731454860136e-07
   2.521636413252e-07  -1.760488047737e-07
   2.455755670974e-07  -1.785727948892e-07
   2.388166613299e-07  -1.809557283463e-07
   2.319816463802e-07  -1.830734534435e-07
   2.251841589490e-07  -1.847975010570e-07
   2.182577930679e-07  -1.863472835094e-07
   2.112564636379e-07  -1.876614678014e-07
   2.043274118163e-07  -1.885865428472e-07
   1.973139884415e-07  -1.893089276321e-07
   1.902212914730e-07  -1.898258460833e-07
   1.832227302445e-07  -1.899723957324e-07
   1.761871454853e-07  -1.898910567207e-07
   1.690697153907e-07  -1.896268306886e-07
   1.620584355819e-07  -1.890181531348e-07
   1.550608798861e-07  -1.881592531714e-07
   1.479886108348e-07  -1.871277134218e-07
   1.410305595912e-07  -1.857783886538e-07
   1.341399487750e-07  -1.841608826195e-07
   1.271960382829e-07  -1.823695578672e-07
   1.203757657812e-07  -1.802846599176e-07
   1.136775787191e-07  -1.779207032036e-07
   1.069611505630e-07  -1.753757048419e-07
   1.003809888974e-07  -1.725594053124e-07
   9.397492129981e-08  -1.694628729906e-07
   8.759459702527e-08  -1.661785831668e-07
   8.136436972904e-08  -1.626457852821e-07
   7.535309860094e-08  -1.588426834169e-07
   6.941429301110e-08  -1.548504206836e-07
   6.363684506662e-08  -1.506348377542e-07
   5.811182690125e-08  -1.461694375824e-07
   5.270363035766e-08  -1.415206235216e-07
   4.746314052707e-08  -1.366758285642e-07
   4.249482078960e-08  -1.316097416742e-07
   3.768265946064e-08  -1.263725362697e-07
   3.304085898024e-08  -1.209668230231e-07
   2.867802792552e-08  -1.153726673001e-07
   2.450524114516e-08  -1.096246392740e-07
   2.050620250887e-08  -1.037335743038e-07
   1.678406285593e-08  -9.768759566528e-08
   1.328097705431e-08  -9.150861574974e-08
   9.960756510116e-09  -8.520946292574e-08
   6.912386338738e-09  -7.878729028760e-08
   4.107463673755e-09  -7.225606693519e-08
   1.502504229943e-09  -6.562635628057e-08
  -8.336938755643e-10  -5.890353032543e-08
  -2.907511974433e-09  -5.209866131188e-08
  -4.758402790142e-09  -4.521830080251e-08
  -6.339959531366e-09  -3.827383754834e-08
  -7.647528101092e-09  -3.127721605176e-08
  -8.708657403325e-09  -2.423132285096e-08
  -9.497770076581e-09  -1.715069951547e-08
  -1.001064226183e-08  -1.004975100020e-08
  -1.025886088293e-08  -2.929238282093e-09
  -1.023300173823e-08   4.195912982034e-09
  -9.938944294450e-09   1.130938543322e-08
  -9.371381230171e-09   1.841058529207e-08
  -8.529711264905e-09   2.548618241821e-08
  -7.436814383146e-09   3.251999173356e-08
  -6.072222886568e-09   3.950967784062e-08
  -4.434496002926e-09   4.644400133919e-08
  -2.567370666451e-09   5.330966207801e-08
  -4.399709411796e-10   6.010117432761e-08
   1.961019865792e-09   6.680784588925e-08
   4.570515544060e-09   7.342196546166e-08
   7.421461909898e-09   7.993471071131e-08
   1.054927675156e-08   8.633235342784e-08
   1.387085808647e-08   9.261465673384e-08
   1.740975088034e-08   9.877133235154e-08
   2.122991898870e-08   1.047808960902e-07
   2.523725410091e-08   1.106509541484e-07
   2.943351189002e-08   1.163740470146e-07
   3.391177189674e-08   1.219166703221e-07
   3.857630032672e-08   1.272927936381e-07
   4.339699488844e-08   1.325039408790e-07
   4.849102790230e-08   1.375022061777e-07
   5.377087949519e-08   1.423047520019e-07
   5.916923493946e-08   1.469288146056e-07
   6.481901198158e-08   1.513121224263e-07
   7.064989942769e-08   1.554704800150e-07
   7.655713360671e-08   1.594428127652e-07
   8.268006122533e-08   1.631546987841e-07
   8.897367363940e-08   1.666145979741e-07
   9.529961652656e-08   1.698873805480e-07
   1.017942936093e-07   1.728906223786e-07
   1.084456588172e-07   1.756175786289e-07
   1.150885546867e-07   1.781608597709e-07
   1.218464449804e-07   1.804365155170e-07
   1.287470687560e-07   1.824128408648e-07
   1.356077128231e-07   1.842086761376e-07
   1.425275375654e-07   1.857482306631e-07
   1.495781060669e-07   1.869646027843e-07
   1.565709341844e-07   1.879970241099e-07
   1.635688260649e-07   1.887910609721e-07
   1.706856478455e-07   1.892370203317e-07
   1.777409489119e-07   1.894838579347e-07
   1.847510922563e-07   1.895137431978e-07
   1.918634846840e-07   1.891728650179e-07
   1.989194824728e-07   1.886055165826e-07
   2.058844255302e-07   1.878444098594e-07
   2.129246015205e-07   1.866982831144e-07
   2.199140004741e-07   1.852914261905e-07
   2.267700029437e-07   1.837160199867e-07
   2.336613699837e-07   1.817563563423e-07
   2.405006429021e-07   1.795033003796e-07
   2.471671176205e-07   1.771105261233e-07
   2.538181443680e-07   1.743535032786e-07
   2.604059534868e-07   1.712792994725e-07
   2.667853815744e-07   1.680987162760e-07
   2.730929141365e-07   1.645937194312e-07
   2.793184414960e-07   1.607592359257e-07
   2.853065550138e-07   1.568539194749e-07
   2.911672073656e-07   1.526808007184e-07
   2.969241458919e-07   1.481748083719e-07
   3.024245849589e-07   1.436291334884e-07
   3.077484822018e-07   1.388832187974e-07
   3.129479395027e-07   1.338049189318e-07
   3.178835985423e-07   1.287044440829e-07
   3.226034697164e-07   1.234750829181e-07
   3.271800042457e-07   1.179144871038e-07
   3.314957270987e-07   1.123278161005e-07
   3.355670946602e-07   1.066804891734e-07
   3.394760975388e-07   1.007054840289e-07
   3.431325571891e-07   9.467761602052e-08
   3.465256134042e-07   8.864922689706e-08
   3.497345711544e-07   8.230574139686e-08
   3.526978575071e-07   7.586726392562e-08
   3.553859801670e-07   6.947891391359e-08
   3.578649322304e-07   6.280513734084e-08
   3.600985391114e-07   5.599320615018e-08
   3.620505046908e-07   4.927490153113e-08
   3.637674094232e-07   4.232282216744e-08
   3.652317020531e-07   3.520260243447e-08
   3.664124773048e-07   2.821611363179e-08
   3.673362909818e-07   2.106872950262e-08
   3.679956789643e-07   1.374394879941e-08
   3.683749364600e-07   6.591222671794e-09
   3.684843371889e-07  -6.340666214713e-10
   3.683177179279e-07  -8.026440996276e-09
   3.678803290495e-07  -1.521328657343e-08
   3.671724450670e-07  -2.237769524943e-08
   3.661808004969e-07  -2.968650318229e-08
   3.649326615394e-07  -3.676846899415e-08
   3.634259896041e-07  -4.373597834689e-08
   3.616327230305e-07  -5.082073607903e-08
   3.595984531584e-07  -5.767729097510e-08
   3.573276424512e-07  -6.433887954774e-08
   3.547714770815e-07  -7.108991451420e-08
   3.519857864137e-07  -7.763456784733e-08
   3.489911313715e-07  -8.392115729993e-08
   3.457156972283e-07  -9.026691619728e-08
   3.422141475185e-07  -9.644645601791e-08
   3.385321664679e-07  -1.023243114817e-07
   3.345782688256e-07  -1.082233245161e-07
   3.303934462559e-07  -1.140020291064e-07
   3.260547336026e-07  -1.194524345584e-07
   3.214599658489e-07  -1.248738306219e-07
   3.166257300527e-07  -1.302113980852e-07
   3.116619588483e-07  -1.352053027788e-07
   3.064680752271e-07  -1.401078643998e-07
   3.010293929689e-07  -1.449432254784e-07
   2.954852250188e-07  -1.494251746149e-07
   2.897487175655e-07  -1.537462132805e-07
   2.837711515804e-07  -1.579953273747e-07
   2.777136238487e-07  -1.618846785377e-07
   2.715127650176e-07  -1.655440972496e-07
   2.650859452202e-07  -1.691116167809e-07
   2.586055564830e-07  -1.723185393205e-07
   2.520388798529e-07  -1.752351184110e-07
   2.452711745247e-07  -1.780336111184e-07
   2.384734389777e-07  -1.804805466550e-07
   2.316491212404e-07  -1.825917205940e-07
   2.246550325080e-07  -1.845595680196e-07
   2.176464622484e-07  -1.861975740483e-07
   2.106673758376e-07  -1.874728225236e-07
   2.035532333597e-07  -1.885832038467e-07
   1.964289383450e-07  -1.893964486277e-07
   1.893810801078e-07  -1.898384178392e-07
   1.822357459970e-07  -1.900966511354e-07
   1.750749281927e-07  -1.900950028893e-07
   1.680255752872e-07  -1.897289635047e-07
   1.609205948659e-07  -1.891607997290e-07
   1.537919341120e-07  -1.883659613217e-07
   1.467988877013e-07  -1.872237418965e-07
   1.397979846368e-07  -1.858607603626e-07
   1.327714474622e-07  -1.842937575720e-07
   1.258980133586e-07  -1.824010224770e-07
   1.190704067452e-07  -1.802704930803e-07
   1.122281706745e-07  -1.779468454127e-07
   1.055545389954e-07  -1.753203213686e-07
   9.898388349297e-08  -1.724441963180e-07
   9.242385347830e-08  -1.693780392504e-07
   8.604818786922e-08  -1.660325524408e-07
   7.983174725429e-08  -1.624344721070e-07
   7.366168833556e-08  -1.586477302667e-07
