   0.000000000000e+00   0.000000000000e+00
   4.923381860186e-04   2.919602035023e-04
   4.650418301138e-04  -4.345061825703e-05
  -6.721683134986e-05  -4.984205246517e-05
   3.346604326412e-04   2.650400362002e-04
   3.677714393385e-04  -4.542031620820e-05
  -2.300909938596e-04  -1.237913261219e-04
   8.249068843708e-05   2.106055599518e-04
   2.053658481005e-04  -5.564246127891e-05
  -4.152239050491e-04  -2.034972531691e-04
  -1.853594597939e-04   1.460392330836e-04
   5.796822280425e-05  -5.411018822883e-05
  -5.353704244599e-04  -2.653257512670e-04
  -3.834419439537e-04   8.984045731466e-05
  -4.835825153778e-06  -2.587979091758e-05
  -5.263361354607e-04  -2.900988574637e-04
  -4.532563900577e-04   5.528783960012e-05
   4.863442471393e-05   3.236873718756e-05
  -3.748164784616e-04  -2.717215811876e-04
  -3.877158323210e-04   4.558508238103e-05
   1.996677628272e-04   1.110864184447e-04
  -1.241982043233e-04  -2.200987159815e-04
  -2.344494182130e-04   5.235445407322e-05
   3.866130012131e-04   1.919319615981e-04
   1.442337804067e-04  -1.564018516107e-04
  -7.527474588899e-05   5.873826381320e-05
   5.288340351202e-04   2.546129549465e-04
   3.444008057761e-04  -1.034677176320e-04
   8.610808506760e-06   4.641488256042e-05
   5.582046171396e-04   2.838747668958e-04
   4.190875480919e-04  -7.606261033694e-05
  -2.864180291782e-05   3.947992043893e-06
   4.472368716041e-04   2.747717170174e-04
   3.620609475910e-04  -7.496261630140e-05
  -1.772252758733e-04  -6.726034619973e-05
   2.217119416963e-04   2.342062683742e-04
   2.190635091235e-04  -8.730547686755e-05
  -3.754668369911e-04  -1.524608092510e-04
  -4.879297982888e-05   1.778619813415e-04
   6.716882729691e-05  -9.299356784865e-05
  -5.358760250447e-04  -2.287981214473e-04
  -2.776874714744e-04   1.242222294623e-04
  -1.724575928529e-05  -7.405802365563e-05
  -5.819445601319e-04  -2.742929181455e-04
  -3.948036390289e-04   8.816158062872e-05
   1.105376317178e-05  -2.280694579002e-05
  -4.810865597480e-04  -2.773091751786e-04
  -3.748965129574e-04   7.576550461532e-05
   1.482450016095e-04   5.483130096861e-05
  -2.590625291818e-04  -2.419914959407e-04
  -2.486669842088e-04   8.189678631696e-05
   3.431119031626e-04   1.420049660290e-04
   1.143276139932e-05  -1.862536378917e-04
  -8.966933408254e-05   9.187512818394e-05
   5.171117095311e-04   2.176142673582e-04
   2.412481451068e-04  -1.334038229112e-04
   1.705377675043e-05   8.724500631048e-05
   5.946917021230e-04   2.637968531214e-04
   3.602381740432e-04  -1.018475944992e-04
   1.127701204384e-05   5.381096746904e-05
   5.335605592359e-04   2.720191501582e-04
   3.446756332872e-04  -9.732697604840e-05
  -1.158360046248e-04  -1.137464558823e-05
   3.430283844697e-04   2.458219318872e-04
   2.255937931129e-04  -1.108972315321e-04
  -3.171067929664e-04  -9.757858281955e-05
   8.119146901381e-05   1.988488859771e-04
   7.393936030457e-05  -1.235302762428e-04
  -5.090379128518e-04  -1.837994105272e-04
  -1.675521904386e-04   1.492440385535e-04
  -2.982955715127e-05  -1.150967753300e-04
  -6.067403960170e-04  -2.466405947361e-04
  -3.248330791576e-04   1.131002221452e-04
  -2.842419547051e-05  -7.365115944509e-05
  -5.600996989928e-04  -2.699264752883e-04
  -3.493267070543e-04   9.895373202578e-05
   8.937592313171e-05  -8.769872680618e-07
  -3.759196820286e-04  -2.520218211726e-04
  -2.542608110566e-04   1.046652385902e-04
   2.844079715746e-04   8.875939677559e-05
  -1.148504061994e-04  -2.065908560297e-04
  -1.019958231717e-04   1.179437375398e-04
   4.827279237099e-04   1.740709242144e-04
   1.347281816598e-04  -1.560720301350e-04
   2.254103294546e-05   1.208846291061e-04
   6.041105320806e-04   2.350184929665e-04
   2.926287079517e-04  -1.214664913245e-04
   4.801400408879e-05   9.736912219784e-05
   5.934564272871e-04   2.596066312780e-04
   3.185247615860e-04  -1.131767344234e-04
  -5.207411187346e-05   4.059980607209e-05
   4.438014514739e-04   2.478113528623e-04
   2.272979998958e-04  -1.267188320434e-04
  -2.468338957223e-04  -4.283980820607e-05
   2.000866048329e-04   2.108544341938e-04
   8.088789154978e-05  -1.452119021388e-04
  -4.604599994799e-04  -1.345734242132e-04
  -5.834051992970e-05   1.661922784847e-04
  -3.909662728861e-05  -1.474123055788e-04
  -6.037595029259e-04  -2.109969854825e-04
  -2.481634605603e-04   1.308379048324e-04
  -6.523727523671e-05  -1.175897286348e-04
  -6.117274954959e-04  -2.525357372096e-04
  -3.144324349177e-04   1.154658747008e-04
   2.843094022331e-05  -5.284567949887e-05
  -4.720153915917e-04  -2.521612071034e-04
  -2.532127204754e-04   1.207087959016e-04
   2.160962621457e-04   3.558380033816e-05
  -2.304730657290e-04  -2.186794563997e-04
  -1.135755429105e-04   1.367458486197e-04
   4.307129863868e-04   1.272592302835e-04
   2.903272388807e-05  -1.724707066858e-04
   2.319737864238e-05   1.467216059749e-04
   5.900485511900e-04   2.005304735704e-04
   2.195215858723e-04  -1.359914541432e-04
   7.811373234789e-05   1.333397547843e-04
   6.284092459943e-04   2.401840550825e-04
   2.856807846513e-04  -1.237214866521e-04
   8.772015583989e-06   8.653553580754e-05
   5.232687332169e-04   2.425087770736e-04
   2.255425104261e-04  -1.358661493255e-04
  -1.710768901617e-04   8.816623663678e-06
   3.052660577137e-04   2.159141504841e-04
   8.952115728601e-05  -1.585885055105e-04
  -3.963375287684e-04  -8.457482859950e-05
   4.626570232820e-05   1.767628879108e-04
  -4.264015639405e-05  -1.706294463645e-04
  -5.774367367862e-04  -1.708132673378e-04
  -1.684510990439e-04   1.426911386244e-04
  -9.570780698917e-05  -1.532164772548e-04
  -6.376771869213e-04  -2.280568119329e-04
  -2.729122311324e-04   1.262742182551e-04
  -2.977583217401e-05  -9.886055445465e-05
  -5.464013751145e-04  -2.445479650393e-04
  -2.469749061141e-04   1.307418502741e-04
   1.435971213585e-04  -1.488542540041e-05
  -3.327631633662e-04  -2.239973581031e-04
  -1.251049619078e-04   1.487680698139e-04
   3.663424423841e-04   7.989223873101e-05
  -7.269151949553e-05  -1.837676371671e-04
   1.806020514413e-05   1.649043683274e-04
   5.567843466066e-04   1.628967220870e-04
   1.434571598459e-04  -1.466370031227e-04
   9.928623746981e-05   1.613144732083e-04
   6.409819445802e-04   2.160691831530e-04
   2.475735244215e-04  -1.303869197117e-04
   6.256554525054e-05   1.252728790131e-04
   5.819974184963e-04   2.320042740738e-04
   2.209016271605e-04  -1.398481743214e-04
  -9.548670079447e-05   5.543076482158e-05
   3.955267025779e-04   2.159481885097e-04
   1.003297555239e-04  -1.648891896363e-04
  -3.227638292338e-04  -3.640360235778e-05
   1.439084554292e-04   1.827143979614e-04
  -3.920683866041e-05  -1.852792517846e-04
  -5.328807275750e-04  -1.289482121237e-04
  -8.831864832929e-05   1.502166969712e-04
  -1.172664934547e-04  -1.801158464238e-04
  -6.408973402645e-04  -1.991245464792e-04
  -2.267693161146e-04   1.327120560768e-04
  -8.131211202396e-05  -1.376204084527e-04
  -5.995356432442e-04  -2.312594736260e-04
  -2.364983261469e-04   1.358973552004e-04
   7.177967909159e-05  -6.076205360899e-05
  -4.202754500675e-04  -2.240469030454e-04
  -1.367338642117e-04   1.549558881989e-04
   2.947212700423e-04   3.409554043070e-05
  -1.681802239960e-04  -1.911365153505e-04
   6.964744831244e-06   1.761129399471e-04
   5.088369634500e-04   1.242179985162e-04
   6.641743766639e-05  -1.545815033639e-04
   1.103363545857e-04   1.815273691286e-04
   6.343526454362e-04   1.891946483116e-04
   2.052096603708e-04  -1.345832250170e-04
   1.063901539729e-04   1.564071104006e-04
   6.214293190172e-04   2.180513136780e-04
   2.134158959069e-04  -1.402906509522e-04
  -2.467105631105e-05   9.586420737488e-05
   4.706678052339e-04   2.126037332262e-04
   1.130139836588e-04  -1.656873780903e-04
  -2.452712295072e-04   8.134290878032e-06
   2.332194511201e-04   1.856447341788e-04
  -2.857738498502e-05  -1.924844650091e-04
  -4.753073940111e-04  -8.761748235919e-05
  -9.567692188054e-06   1.549558069934e-04
  -1.284774711851e-04  -1.986279189407e-04
  -6.250486313051e-04  -1.679626270004e-04
  -1.774335335742e-04   1.362270843030e-04
  -1.232793919649e-04  -1.685992731674e-04
  -6.328895435894e-04  -2.141696143422e-04
  -2.223318457905e-04   1.375085341876e-04
   4.730422970332e-06  -1.008423350240e-04
  -4.925382623060e-04  -2.202328153621e-04
  -1.481962825243e-04   1.565132250533e-04
   2.205001564902e-04  -8.559918219632e-06
  -2.558880321522e-04  -1.956568861413e-04
  -9.629661713573e-06   1.813562445270e-04
   4.506399684685e-04   8.615084765893e-05
  -1.002918445836e-05  -1.608638821117e-04
   1.109967501851e-04   1.946429167090e-04
   6.119675617029e-04   1.611190472577e-04
   1.593665220072e-04  -1.375630595201e-04
   1.384723146810e-04   1.800771726618e-04
   6.435312546798e-04   2.020581448145e-04
   2.028512124582e-04  -1.387320450893e-04
   3.788155095123e-05   1.296130146471e-04
   5.311489750584e-04   2.072015099843e-04
   1.267628709940e-04  -1.626399067702e-04
  -1.685763446539e-04   4.789852910789e-05
   3.135154924157e-04   1.868768920288e-04
  -1.133828453229e-05  -1.936790785016e-04
  -4.096438911251e-04  -4.843587028535e-05
   6.659079998794e-05   1.582702067011e-04
  -1.289206868053e-04  -2.096036616551e-04
  -5.940750660832e-04  -1.363486135070e-04
  -1.259213230866e-04   1.381988365985e-04
  -1.538223868843e-04  -1.918733599146e-04
  -6.485956997777e-04  -1.948783265350e-04
  -2.047550010867e-04   1.369334161838e-04
  -5.435381280489e-05  -1.344984189690e-04
  -5.498148950892e-04  -2.137947732113e-04
  -1.589623201782e-04   1.547374195035e-04
   1.477037176445e-04  -4.699113265043e-05
  -3.348393820757e-04  -1.982629542990e-04
  -3.083271286390e-05   1.818051019930e-04
   3.863212083035e-04   4.995693607668e-05
  -8.461416577478e-05  -1.663365903908e-04
   1.017180012476e-04   2.015778111629e-04
   5.772932720170e-04   1.330714400185e-04
   1.107378899406e-04  -1.403504247314e-04
   1.580195784604e-04   1.967795457690e-04
   6.505413662308e-04   1.851259721143e-04
   1.889158210133e-04  -1.365015283057e-04
   8.975148703259e-05   1.566268893277e-04
   5.778359001145e-04   2.007493169762e-04
   1.405246460946e-04  -1.573055116833e-04
  -9.648183551232e-05   8.226310293610e-05
   3.845548751724e-04   1.874264679969e-04
   1.138638077589e-05  -1.903853846573e-04
  -3.402856982053e-04  -1.251055639911e-05
   1.393307173688e-04   1.612590093158e-04
  -1.189904757582e-04  -2.141829380388e-04
  -5.518854835407e-04  -1.056408291587e-04
  -7.299473458723e-05   1.398215396947e-04
  -1.720355628835e-04  -2.079422286956e-04
  -6.491546627414e-04  -1.746955296323e-04
  -1.839145805691e-04   1.354272129073e-04
  -1.031747399271e-04  -1.615549136477e-04
  -5.928931149131e-04  -2.057816224922e-04
  -1.683871892187e-04   1.508927932433e-04
   7.964779031495e-05  -8.052008869647e-05
  -4.044999256683e-04  -1.997270207267e-04
  -5.550906397498e-05   1.786626551115e-04
   3.195664206786e-04   1.656544061867e-05
  -1.562865554673e-04  -1.716564838842e-04
   8.345305777826e-05   2.033604679992e-04
   5.336473681214e-04   1.060083155466e-04
   6.002838551267e-05  -1.437195624486e-04
   1.650225136673e-04   2.072164892748e-04
   6.447915782746e-04   1.681065907825e-04
   1.714177145722e-04  -1.346606519180e-04
   1.294644764123e-04   1.771529743218e-04
   6.118228018702e-04   1.939908038229e-04
   1.532332407627e-04  -1.510335695209e-04
  -3.188475992203e-05   1.109704192950e-04
   4.463605566895e-04   1.880217884195e-04
   3.819429756485e-05  -1.840535016614e-04
  -2.709749474378e-04   1.944677678895e-05
   2.080493218073e-04   1.647368015298e-04
  -9.966079042910e-05  -2.136122263881e-04
  -5.021370565164e-04  -7.684035671237e-05
  -1.929638223839e-05   1.420438616779e-04
  -1.778061867522e-04  -2.175637810171e-04
  -6.372045960794e-04  -1.546613893837e-04
  -1.599455135060e-04   1.340601177236e-04
  -1.402705433735e-04  -1.821642479132e-04
  -6.229074344136e-04  -1.970545273407e-04
  -1.758427587277e-04   1.461207694925e-04
   1.892386255216e-05  -1.087862756022e-04
  -4.646685517836e-04  -2.006653920206e-04
  -8.244208926419e-05   1.730690088589e-04
   2.535462343497e-04  -1.336187092255e-05
  -2.241561344429e-04  -1.772984694564e-04
   5.745849708421e-05   2.010254264108e-04
   4.840877201033e-04   8.067095469604e-05
   8.004281082309e-06  -1.482051915130e-04
   1.600522984575e-04   2.121788027016e-04
   6.285854052054e-04   1.516623263506e-04
   1.503623231828e-04  -1.339892695874e-04
   1.563345332134e-04   1.916104586692e-04
   6.343129883059e-04   1.874664318533e-04
   1.639762578883e-04  -1.449077360577e-04
   2.315116175039e-05   1.340057429760e-04
   4.991015655626e-04   1.891514037653e-04
   6.762618940691e-05  -1.759574908204e-04
  -2.047649416498e-04   4.701052920361e-05
   2.722536708245e-04   1.692516910888e-04
  -7.225475134162e-05  -2.091072760276e-04
  -4.481029987992e-04  -5.066676046951e-05
   3.455011448696e-05   1.455521849819e-04
  -1.716289156272e-04  -2.216144495955e-04
  -6.153499205554e-04  -1.355866043987e-04
  -1.330648517289e-04   1.336736811138e-04
  -1.649088751730e-04  -1.966916776529e-04
  -6.411939290163e-04  -1.883074680309e-04
  -1.808227547899e-04   1.413819610595e-04
  -3.256953545777e-05  -1.316628458417e-04
  -5.153879156712e-04  -2.015568117014e-04
  -1.104675420885e-04   1.660351429032e-04
   1.908886552990e-04  -3.936937543051e-05
  -2.874550697093e-04  -1.835803965732e-04
   2.512515172227e-05   1.955376717740e-04
   4.313437207948e-04   5.763641922975e-05
  -4.448825125594e-05  -1.541293087358e-04
   1.440743953969e-04   2.124593995460e-04
   6.041134785919e-04   1.363184493330e-04
   1.259989812951e-04  -1.349986652753e-04
   1.703008005587e-04   2.004954947795e-04
   6.465386591842e-04   1.815716313485e-04
   1.721034338365e-04  -1.397281616386e-04
   6.729217502408e-05   1.514975343617e-04
   5.430179911774e-04   1.911198561397e-04
   9.833552124531e-05  -1.671368315618e-04
  -1.440389818458e-04   6.994672652625e-05
   3.314888527102e-04   1.751242448066e-04
  -3.824287905809e-05  -2.017580417200e-04
  -3.926030522426e-04  -2.763249361126e-05
   8.787492271925e-05   1.507826827960e-04
  -1.544192977869e-04  -2.209788745898e-04
  -5.860396600793e-04  -1.180997681236e-04
  -1.036352328445e-04   1.348665255287e-04
  -1.769574571248e-04  -2.056160416547e-04
  -6.491738858106e-04  -1.800955493757e-04
  -1.830182462052e-04   1.374240245296e-04
  -7.356566375971e-05  -1.491812027126e-04
  -5.568697959957e-04  -2.027657761979e-04
  -1.385746550770e-04   1.584002704039e-04
   1.336823389930e-04  -6.115341605932e-05
  -3.455110238306e-04  -1.906910266915e-04
  -1.215703675007e-05   1.877408277515e-04
   3.777764727642e-04   3.735952299448e-05
  -9.652568688450e-05  -1.616339007234e-04
   1.182890150226e-04   2.087920288615e-04
   5.733934835678e-04   1.225039359665e-04
   9.882871114017e-05  -1.379585898711e-04
   1.717751109157e-04   2.043122929571e-04
   6.497043567963e-04   1.766041382708e-04
   1.772827746800e-04  -1.360179155147e-04
   9.982242010193e-05   1.636432483017e-04
   5.783743909924e-04   1.940993443615e-04
   1.292045922968e-04  -1.583708407035e-04
  -9.055832116512e-05   8.813858193354e-05
   3.852976614092e-04   1.824926894654e-04
   9.175249535246e-07  -1.924690319713e-04
  -3.379763039562e-04  -8.106905065072e-06
   1.399271780838e-04   1.579488843829e-04
  -1.273452890922e-04  -2.164686031926e-04
  -5.514842880219e-04  -1.026924150671e-04
  -7.219915991016e-05   1.379997523134e-04
  -1.767505888120e-04  -2.094490291475e-04
  -6.482611866995e-04  -1.728636977208e-04
  -1.823635615090e-04   1.347687200439e-04
  -1.033530139282e-04  -1.614667600933e-04
  -5.894316909571e-04  -2.045650862027e-04
  -1.659751503184e-04   1.508071513696e-04
   8.349883210509e-05  -7.851696500089e-05
  -3.977265541027e-04  -1.987156087778e-04
  -5.309913244065e-05   1.783237710146e-04
   3.253579498428e-04   2.020481773556e-05
  -1.471212731663e-04  -1.707124820851e-04
   8.400346327644e-05   2.018098893142e-04
   5.382253779294e-04   1.105793313056e-04
   6.958529703082e-05  -1.429287576308e-04
   1.615101868580e-04   2.035256548160e-04
   6.449430420025e-04   1.727969284547e-04
   1.795142547066e-04  -1.340425017623e-04
   1.205375853615e-04   1.706577177966e-04
   6.054289822421e-04   1.981700221674e-04
   1.594107850525e-04  -1.501750179543e-04
  -4.552111397685e-05   1.015329393712e-04
   4.332008398922e-04   1.913541542928e-04
   4.389725045606e-05  -1.819270389997e-04
  -2.860792974733e-04   7.634777326321e-06
   1.898631753773e-04   1.670739775936e-04
  -9.168871431678e-05  -2.087667038469e-04
  -5.136002609876e-04  -8.975567643597e-05
  -3.948834998002e-05   1.432132777052e-04
  -1.649654434889e-04  -2.086733996346e-04
  -6.397880514006e-04  -1.669704072896e-04
  -1.790549403076e-04   1.337119815970e-04
  -1.216948150525e-04  -1.686871224195e-04
  -6.134412685160e-04  -2.071535533664e-04
  -1.921422057489e-04   1.436904790585e-04
   4.142476134307e-05  -9.133375516295e-05
  -4.435607849071e-04  -2.076555859265e-04
  -9.657998758506e-05   1.678010222523e-04
   2.756620047730e-04   6.468899112353e-06
  -1.952435717532e-04  -1.812361686746e-04
   4.253726301543e-05   1.920194467707e-04
   5.001561547569e-04   1.008524858323e-04
   3.920022244943e-05  -1.497887352962e-04
   1.404929291542e-04   1.985302941234e-04
   6.332781650976e-04   1.703364850858e-04
   1.791119102182e-04  -1.338346176079e-04
   1.296521890118e-04   1.727400935298e-04
   6.244098750557e-04   2.033461015710e-04
   1.884505655461e-04  -1.428105919030e-04
  -9.620801167573e-06   1.101057850582e-04
   4.746889545260e-04   2.015962312348e-04
   8.956588332699e-05  -1.705886513638e-04
  -2.382966894607e-04   1.937879553938e-05
   2.367502927088e-04   1.780204409202e-04
  -4.874213995424e-05  -1.983939876699e-04
  -4.739729678164e-04  -7.960530511353e-05
  -6.413548834479e-06   1.504460971956e-04
  -1.425174852446e-04  -2.036991592228e-04
  -6.249446265769e-04  -1.627032143425e-04
  -1.735456789391e-04   1.343317304658e-04
  -1.287534313119e-04  -1.710131015314e-04
  -6.292666108509e-04  -2.106663632705e-04
  -2.168223756790e-04   1.372744358127e-04
   8.096902375003e-06  -9.952227539149e-05
  -4.825116171748e-04  -2.174405384222e-04
  -1.416823821753e-04   1.565034833379e-04
   2.298619168669e-04  -3.606699020851e-06
  -2.398357456742e-04  -1.929721457622e-04
  -4.840831898310e-06   1.797862567496e-04
   4.604508245939e-04   9.358314327554e-05
   8.758484715993e-06  -1.582628455783e-04
   1.098648433842e-04   1.896338066717e-04
   6.155886991877e-04   1.693672325760e-04
   1.766629170652e-04  -1.352193510817e-04
   1.277249713900e-04   1.700562829920e-04
   6.354936494949e-04   2.095871137479e-04
   2.161284439352e-04  -1.363014224619e-04
   1.690310226883e-05   1.138447623582e-04
   5.092201243007e-04   2.130160353231e-04
   1.370218574749e-04  -1.586817938074e-04
  -1.955557404627e-04   2.695649802506e-05
   2.795812374451e-04   1.905124048846e-04
   2.569014389314e-07  -1.856930127741e-04
  -4.338311653775e-04  -7.249338020828e-05
   2.596073345023e-05   1.594554956224e-04
  -1.104812327020e-04  -1.948365284724e-04
  -6.047290770019e-04  -1.602837393548e-04
  -1.665210214849e-04   1.364994457704e-04
  -1.250263933188e-04  -1.685929030512e-04
  -6.372313013006e-04  -2.151764191409e-04
  -2.400230325794e-04   1.315766443234e-04
  -1.626510572625e-05  -1.030300634819e-04
  -5.140982566651e-04  -2.279314421824e-04
  -1.877011486832e-04   1.445773313181e-04
   1.887308427326e-04  -9.831891632624e-06
  -2.798342258818e-04  -2.055938058631e-04
  -5.694590766059e-05   1.653307041075e-04
   4.200679471877e-04   8.897751251336e-05
  -2.055035576815e-05  -1.679387595312e-04
   7.086929841253e-05   1.770510904377e-04
   5.925766829402e-04   1.699839108856e-04
   1.729704752989e-04  -1.378374215113e-04
   1.156037191612e-04   1.627344020912e-04
   6.387849235231e-04   2.167956201770e-04
   2.425180480142e-04  -1.304547900619e-04
   3.422493560230e-05   1.127463748419e-04
   5.362208670615e-04   2.253266350394e-04
   1.855872508812e-04  -1.462173036327e-04
  -1.583398199805e-04   3.024302248299e-05
   3.172952680355e-04   2.041489900248e-04
   5.415601353843e-05  -1.708266331818e-04
  -3.940285172396e-04  -6.860668538063e-05
   5.645301034689e-05   1.698325291217e-04
  -7.003869381552e-05  -1.822842310878e-04
  -5.799064365351e-04  -1.598618061489e-04
  -1.588561931494e-04   1.398930468354e-04
  -1.112978778774e-04  -1.615393337889e-04
  -6.375746851311e-04  -2.206864404692e-04
  -2.619783284956e-04   1.264168217642e-04
  -3.183151213163e-05  -1.018284001587e-04
  -5.378450683461e-04  -2.389155601706e-04
  -2.341264610569e-04   1.319898051022e-04
   1.526434290922e-04  -1.207325358721e-05
  -3.141870786581e-04  -2.186832604028e-04
  -1.126831145100e-04   1.487325229032e-04
   3.796398135434e-04   8.717420726703e-05
  -4.748384770253e-05  -1.782801995074e-04
   2.482376364812e-05   1.609090237649e-04
   5.647388571230e-04   1.722141384416e-04
   1.689852254688e-04  -1.411661175096e-04
   9.438872048498e-05   1.508716485780e-04
   6.342982408106e-04   2.248037838734e-04
   2.679011770053e-04  -1.248848662782e-04
   4.290352905047e-05   1.068259082710e-04
   5.550900144744e-04   2.381525391535e-04
   2.347727087677e-04  -1.330086190062e-04
  -1.266996958392e-04   2.916938646002e-05
   3.488053709514e-04   2.184091162754e-04
   1.118854911999e-04  -1.537892694748e-04
  -3.550308453040e-04  -6.805259601922e-05
   8.381141965285e-05   1.810132216417e-04
  -2.245556385076e-05  -1.661323252916e-04
  -5.509764473928e-04  -1.614990180223e-04
  -1.515596328273e-04   1.440103140581e-04
  -8.860752815755e-05  -1.499302963177e-04
  -6.304192483462e-04  -2.271123128815e-04
  -2.830957131851e-04   1.214298100844e-04
  -3.914215741518e-05  -9.591789675412e-05
  -5.532695064264e-04  -2.500939943915e-04
  -2.806045402884e-04   1.185420081170e-04
   1.215781699513e-04  -1.026819858013e-05
  -3.418746216789e-04  -2.317277431414e-04
  -1.710296015416e-04   1.299443355713e-04
   3.394584145607e-04   8.822230443153e-05
  -7.080175381770e-05  -1.886353424534e-04
  -2.688517951129e-05   1.412615272456e-04
   5.323453878456e-04   1.759930705619e-04
   1.657272060368e-04  -1.445391260063e-04
   6.541323387606e-05   1.345523101721e-04
   6.219458592173e-04   2.333514333649e-04
   2.926887337925e-04  -1.190394508569e-04
   4.386227329884e-05   9.613922196151e-05
   5.652085680024e-04   2.510168705072e-04
   2.842169920963e-04  -1.186995262068e-04
  -1.002632702078e-04   2.374693077415e-05
   3.730332437547e-04   2.326497928547e-04
   1.724270541587e-04  -1.344305338318e-04
  -3.169095588389e-04  -7.083337166161e-05
   1.067708927698e-04   1.922867151150e-04
   3.091636147697e-05  -1.463796963056e-04
  -5.181521835522e-04  -1.651426106744e-04
  -1.457018163782e-04   1.481836642019e-04
  -5.823676173926e-05  -1.338233303870e-04
  -6.157485963208e-04  -2.342588713090e-04
  -3.038842134280e-04   1.160839244534e-04
  -3.909329813972e-05  -8.534581762801e-05
  -5.598782939414e-04  -2.610636772043e-04
  -3.268779204911e-04   1.038897612595e-04
   9.512134771543e-05  -4.448298590639e-06
  -3.619361018342e-04  -2.441123549341e-04
  -2.309954017795e-04   1.088150668723e-04
   2.994694487516e-04   9.205248496696e-05
  -8.932661229079e-05  -1.982436387179e-04
  -8.278763417246e-05   1.181154977749e-04
   4.954296344529e-04   1.811325200441e-04
   1.641992846305e-04  -1.471676957735e-04
   3.023746224684e-05   1.138767417679e-04
   6.015362098482e-04   2.420591430298e-04
   3.173271103329e-04  -1.122318020421e-04
   3.837491992710e-05   8.081527904958e-05
   5.659595157212e-04   2.633242100519e-04
   3.336063034528e-04  -1.028009936766e-04
  -7.824738520603e-05   1.410215778254e-05
   3.889547167954e-04   2.461016691813e-04
   2.347592646279e-04  -1.124915388846e-04
  -2.793446148447e-04  -7.681115836554e-05
   1.241219298029e-04   2.028034456860e-04
   8.861505154781e-05  -1.229662380317e-04
  -4.813532094541e-04  -1.705921114990e-04
  -1.423304148294e-04   1.515986202694e-04
  -2.170950565756e-05  -1.132842902211e-04
  -5.934005019640e-04  -2.417909140550e-04
  -3.248665641300e-04   1.097065505514e-04
  -3.292873962953e-05  -7.023496809066e-05
  -5.571764275410e-04  -2.712970140706e-04
  -3.727083503602e-04   8.757424802295e-05
   7.247583868801e-05   5.229038471914e-06
  -3.735064052512e-04  -2.551127260662e-04
  -2.915674268873e-04   8.512457192876e-05
   2.592784046614e-04   9.844301546025e-05
  -1.020121698336e-04  -2.062447860930e-04
  -1.413018702136e-04   9.146834935692e-05
   4.537940323347e-04   1.872875379499e-04
   1.652924069982e-04  -1.481665630242e-04
  -9.349041033589e-06   8.900123762334e-05
   5.727887244438e-04   2.504004969598e-04
   3.421931778661e-04  -1.036803865734e-04
   2.805177298283e-05   6.109827455624e-05
   5.567627318124e-04   2.743439661862e-04
   3.825785468996e-04  -8.473911738777e-05
  -5.947711847899e-05   5.198291677168e-07
   3.956594828026e-04   2.578667512485e-04
   2.977858472290e-04  -8.765502631636e-05
  -2.416420717704e-04  -8.566646446068e-05
   1.347932233880e-04   2.115877562508e-04
   1.490282767076e-04  -9.582031972485e-05
  -4.402184698267e-04  -1.774619398481e-04
  -1.423715002199e-04   1.533196422709e-04
   1.919749715490e-05  -8.843046402022e-05
  -5.630807521560e-04  -2.492030355958e-04
  -3.464768660869e-04   1.015199962752e-04
  -2.223101142194e-05  -5.082399494785e-05
  -5.446945898714e-04  -2.801231958849e-04
  -4.177858078120e-04   6.906478628811e-05
   5.247929250793e-05   1.844163474507e-05
  -3.758673842457e-04  -2.638920217801e-04
  -3.516417722501e-04   5.863098264869e-05
   2.181735607029e-04   1.069828689498e-04
  -1.080222752119e-04  -2.116943374395e-04
  -2.006979253121e-04   6.135765189184e-05
   4.070375514286e-04   1.939241340748e-04
   1.696830861490e-04  -1.465887091766e-04
  -5.132335563937e-05   6.018819291748e-05
   5.353708594780e-04   2.576785135346e-04
   3.674816481361e-04  -9.255977392979e-05
   1.481922963519e-05   3.739747714603e-05
   5.371301399246e-04   2.832000690339e-04
   4.306188856818e-04  -6.391638629679e-05
  -4.241972718745e-05  -1.650883855921e-05
   3.924287164149e-04   2.669242699606e-04
   3.602549055319e-04  -5.961039960813e-05
  -2.027730704166e-04  -9.685424489232e-05
   1.379497190046e-04   2.175604908320e-04
   2.103463176588e-04  -6.492155422496e-05
  -3.941453160891e-04  -1.851447355017e-04
  -1.465176733370e-04   1.523279198662e-04
   6.244258668815e-05  -5.948735934684e-05
  -5.244038912430e-04  -2.557934693384e-04
  -3.689470735836e-04   9.069111443882e-05
  -8.905515649487e-06  -2.751752870313e-05
  -5.220403028449e-04  -2.867166210105e-04
  -4.616288446553e-04   4.781618795358e-05
   3.363830604661e-05   3.465886686179e-05
  -3.685175885649e-04  -2.695077183911e-04
  -4.099512524414e-04   2.913201723785e-05
   1.751721468487e-04   1.170356035717e-04
  -1.068218533821e-04  -2.135910871361e-04
  -2.590614848449e-04   2.792274216860e-05
   3.546105333044e-04   2.002929356901e-04
   1.777247326265e-04  -1.414732911287e-04
  -9.343224124017e-05   2.786491725621e-05
   4.889626294459e-04   2.630121238951e-04
   3.930899956457e-04  -7.806580717948e-05
   8.840232863654e-07   1.034157558543e-05
   5.067451417790e-04   2.888735673497e-04
   4.769549057677e-04  -3.978791442736e-05
  -2.524166450593e-05  -3.623763328757e-05
   3.788325917589e-04   2.721513741997e-04
   4.206794959523e-04  -2.813375559848e-05
  -1.614418777684e-04  -1.095634550696e-04
   1.331058097264e-04   2.195776763288e-04
   2.705185705215e-04  -3.037755546361e-05
  -3.423611966459e-04  -1.927818657622e-04
  -1.551060094992e-04   1.475760519211e-04
   1.057159114335e-04  -2.685671985258e-05
  -4.769663645025e-04  -2.606486579150e-04
  -3.921879428448e-04   7.639807275472e-05
   4.851638702564e-06  -9.427511665046e-07
  -4.889768682660e-04  -2.900990628327e-04
  -5.034842086893e-04   2.334242658483e-05
   1.418665111289e-05   5.309771310777e-05
  -3.512622760119e-04  -2.709343503732e-04
  -4.649978619723e-04  -3.459808798279e-06
   1.290963327847e-04   1.277094879354e-04
  -9.827901208395e-05  -2.109215784642e-04
  -3.142688809454e-04  -8.523616223228e-06
   2.959021027080e-04   2.054151378679e-04
   1.893370395653e-04  -1.319107820955e-04
  -1.332130873350e-04  -7.312494846303e-06
   4.333524014694e-04   2.653397123415e-04
   4.185087196662e-04  -5.949739386981e-05
  -1.132802729164e-05  -1.916759942096e-05
   4.655683524014e-04   2.902253923804e-04
   5.204620097154e-04  -1.195323598071e-05
  -5.897906295882e-06  -5.762291464635e-05
   3.548474156677e-04   2.723656099926e-04
   4.772721024413e-04   6.818270934545e-06
  -1.161909073007e-04  -1.226875488291e-04
   1.202508195577e-04   2.164913772280e-04
   3.272274027814e-04   7.488173695227e-06
  -2.840342428806e-04  -1.992490969116e-04
  -1.679913677815e-04   1.380642627934e-04
   1.464576750610e-04   8.808457943002e-06
  -4.204564506167e-04  -2.626465078919e-04
  -4.156726481670e-04   5.791704254499e-05
   1.661317153602e-05   2.799297372749e-05
  -4.455322146850e-04  -2.891630281545e-04
  -5.422361629011e-04  -4.692770761261e-06
  -7.823461636003e-06   7.268490109752e-05
  -3.243228945336e-04  -2.671086354910e-04
  -5.150020760503e-04  -3.902968929602e-05
   7.868551965048e-05   1.378410081612e-04
  -8.277423029983e-05  -2.027265849539e-04
  -3.639857293254e-04  -4.741739458282e-05
   2.303637926060e-04   2.080883189562e-04
   2.039010683701e-04  -1.171281053508e-04
  -1.680447995058e-04  -4.439621353544e-05
   3.685646854033e-04   2.634473284495e-04
   4.427282479591e-04  -3.635522695488e-05
  -1.926922553089e-05  -4.990977827772e-05
   4.139672335589e-04   2.860464850210e-04
   5.595934761274e-04   1.973866298269e-05
   1.773791015182e-05  -7.929657859628e-05
   3.209866877395e-04   2.663954328389e-04
   5.279092283471e-04   4.500557372570e-05
  -6.554874315000e-05  -1.348159924966e-04
   9.997801697032e-05   2.072374377717e-04
   3.778957778815e-04   4.804401239813e-05
  -2.184257675483e-04  -2.031674967584e-04
  -1.844266324289e-04   1.229406994131e-04
   1.819130205971e-04   4.653028001135e-05
  -3.548008955034e-04  -2.604876762473e-04
  -4.383370798582e-04   3.472874014202e-05
   2.381969327423e-05   5.805272343760e-05
  -3.921344665130e-04  -2.827242057418e-04
  -5.763409598356e-04  -3.637112028328e-05
  -3.438868288388e-05   9.203483550425e-05
  -2.884595707359e-04  -2.570027816271e-04
  -5.578847079906e-04  -7.716603198457e-05
   2.274923063271e-05   1.460013118400e-04
  -6.130693044215e-05  -1.881928071829e-04
  -4.057040623974e-04  -8.786680801087e-05
   1.576693601446e-04   2.069209904113e-04
   2.201726892345e-04  -9.659412506225e-05
  -1.952413820439e-04  -8.209390786139e-05
   2.950159766781e-04   2.560293393084e-04
   4.641776946210e-04  -8.454820603743e-06
  -2.041281187382e-05  -8.031973144000e-05
   3.528623073618e-04   2.751415674796e-04
   5.923520544638e-04   5.507642256955e-05
   4.769638538400e-05  -9.956527662308e-05
   2.784356895303e-04   2.531832325376e-04
   5.701435790899e-04   8.580023745549e-05
  -8.223881134378e-06  -1.442576787216e-04
   7.360412951698e-05   1.909525140978e-04
   4.197453971870e-04   9.026310655500e-05
  -1.450839761521e-04  -2.029497806381e-04
  -2.029648545082e-04   1.016259026354e-04
   2.092379978300e-04   8.494420892282e-05
  -2.803442298533e-04  -2.527636738573e-04
  -4.585131692822e-04   6.642309848187e-06
   2.392900301597e-05   8.763985472297e-05
  -3.297669197278e-04  -2.696097178679e-04
  -6.038034510596e-04  -7.140605979338e-05
  -6.737427176559e-05   1.094541414943e-04
  -2.450959782750e-04  -2.397299780297e-04
  -5.912976279571e-04  -1.170668038633e-04
  -3.963843004953e-05   1.505355999350e-04
  -3.558575042215e-05  -1.667705544862e-04
  -4.368322439692e-04  -1.285871801359e-04
   7.790647660945e-05   2.004043679090e-04
   2.362304482451e-04  -7.014275597523e-05
  -2.121990853377e-04  -1.187376589944e-04
   2.136893468146e-04   2.417878836242e-04
   4.807133192232e-04   2.395242407338e-05
  -1.244779898826e-05  -1.084917777847e-04
   2.838763037358e-04   2.564504227643e-04
   6.163218232859e-04   9.337506287655e-05
   8.568673030990e-05  -1.164482311252e-04
   2.291722703253e-04   2.319219583772e-04
   6.012821087730e-04   1.280930269112e-04
   5.665905488539e-05  -1.491079183096e-04
   4.325929509263e-05   1.671185956626e-04
   4.499217702305e-04   1.326554562188e-04
  -6.407091933933e-05  -1.968922448130e-04
  -2.214049822582e-04   7.395657951241e-05
   2.256694976345e-04   1.222642163872e-04
  -1.980483797519e-04  -2.380694955319e-04
  -4.739173528510e-04  -2.607149080030e-05
   1.462320521586e-05   1.148018472051e-04
  -2.601262695101e-04  -2.487865751401e-04
  -6.222167789131e-04  -1.090310636115e-04
  -1.082852305487e-04   1.229862293154e-04
  -1.964273513892e-04  -2.146824622173e-04
  -6.127213647009e-04  -1.574600527886e-04
  -1.089085860208e-04   1.496464661357e-04
  -8.081237197019e-06  -1.383134278195e-04
  -4.548510547589e-04  -1.678619877789e-04
  -8.212291338781e-06   1.870290445763e-04
   2.494799623536e-04  -3.810538029065e-05
  -2.166046412820e-04  -1.522898318008e-04
   1.263094280124e-04   2.195749090072e-04
   4.896782742942e-04   6.006233079655e-05
   6.473494583570e-06  -1.322299410998e-04
   2.094635911486e-04   2.292063789270e-04
   6.287802619533e-04   1.333817510727e-04
   1.328287461461e-04  -1.277666784982e-04
   1.760484506094e-04   2.022211274330e-04
   6.185469834771e-04   1.702280883787e-04
   1.292929052404e-04  -1.473697036843e-04
   1.192080892572e-05   1.357271249166e-04
   4.656990966183e-04   1.732374946065e-04
   2.379485532826e-05  -1.833199581299e-04
  -2.368074825453e-04   4.033751133653e-05
   2.287665485440e-04   1.562927458167e-04
  -1.096908829045e-04  -2.151647161645e-04
  -4.817184735325e-04  -6.255178303933e-05
  -5.925791932701e-06   1.372842888800e-04
  -1.857595257220e-04  -2.195299185631e-04
  -6.288857998527e-04  -1.479062082373e-04
  -1.579958846868e-04   1.305089842924e-04
  -1.454855633812e-04  -1.816969827258e-04
  -6.196447190517e-04  -1.965560976751e-04
  -1.847462844409e-04   1.415301352427e-04
   1.798504454166e-05  -1.032300898349e-04
  -4.575440007828e-04  -2.035476124596e-04
  -9.914048945051e-05   1.654505255912e-04
   2.567388596109e-04  -1.438414883113e-06
  -2.067044133222e-04  -1.804020990070e-04
   3.549136575970e-05   1.885753598804e-04
   4.880542387421e-04   9.842280207993e-05
   3.744384537162e-05  -1.491574450972e-04
   1.329902399732e-04   1.931252744320e-04
   6.269065133291e-04   1.732184691927e-04
   1.893591091784e-04  -1.312952967830e-04
   1.228017115409e-04   1.642906538138e-04
   6.193300019549e-04   2.099869034801e-04
   2.089148061100e-04  -1.371358009059e-04
  -1.664007247700e-05   9.744715575087e-05
   4.647692930820e-04   2.095598904581e-04
   1.167085297201e-04  -1.607874465796e-04
  -2.456080770589e-04   1.882926568913e-06
   2.167202240613e-04   1.844943868384e-04
  -1.802959822087e-05  -1.831804074274e-04
  -4.787088156997e-04  -1.012446442250e-04
  -3.874308820178e-05   1.526505364310e-04
  -1.101459543183e-04  -1.816231587971e-04
  -6.210513526666e-04  -1.860649884894e-04
  -2.164568321358e-04   1.298962066173e-04
  -9.612840887944e-05  -1.412345329587e-04
  -6.098349544111e-04  -2.320529538866e-04
  -2.658445381391e-04   1.245700648255e-04
   3.874461949595e-05  -6.263023890140e-05
  -4.433004523696e-04  -2.331412750003e-04
  -1.923232023420e-04   1.347012272159e-04
   2.544264186598e-04   3.817553603554e-05
  -1.816227660858e-04  -2.005434493096e-04
  -5.517230797032e-05   1.485222356272e-04
   4.727217525140e-04   1.368841913576e-04
   8.048709594667e-05  -1.568964726879e-04
   5.872776237594e-05   1.486094165470e-04
   6.080945173079e-04   2.103860240273e-04
   2.543420731376e-04  -1.249809508107e-04
   7.396069979341e-05   1.191219870182e-04
   6.015406437698e-04   2.446449758771e-04
   2.935628179696e-04  -1.168311459887e-04
  -3.802975161413e-05   5.377333702144e-05
   4.456068015844e-04   2.388146344358e-04
   2.117026909434e-04  -1.283285524018e-04
  -2.438552856372e-04  -3.947906730351e-05
   1.887154212270e-04   2.041503456412e-04
   7.310790822464e-05  -1.418599062947e-04
  -4.615960765915e-04  -1.398527371745e-04
  -8.371490022308e-05   1.584785134009e-04
  -3.768397981706e-05  -1.355726612996e-04
  -5.962233973469e-04  -2.209271672655e-04
  -2.824118567439e-04   1.192472037585e-04
  -5.291772239772e-05  -9.455223955034e-05
  -5.816953666890e-04  -2.612177556878e-04
  -3.497021937140e-04   9.758440616572e-05
   4.990726349774e-05  -1.843914990564e-05
  -4.114765307626e-04  -2.539299417062e-04
  -2.840985290415e-04   9.443733802718e-05
   2.388757244250e-04   7.828033961160e-05
  -1.417031296508e-04  -2.102083604109e-04
  -1.411285745042e-04   9.992442609235e-05
   4.408356923135e-04   1.726224402224e-04
   1.342580808752e-04  -1.533218446783e-04
  -8.278206497850e-06   9.694124529559e-05
   5.703657867103e-04   2.418547220398e-04
   3.254286258650e-04  -1.072246797830e-04
   3.461199089374e-05   6.863676443711e-05
   5.640315214654e-04   2.711231803134e-04
   3.799110860969e-04  -8.550419900704e-05
  -4.754833757301e-05   7.121401434623e-06
   4.078830504556e-04   2.580384983344e-04
   3.045746296680e-04  -8.573752129220e-05
  -2.275885198704e-04  -8.097178900085e-05
   1.453095977877e-04   2.126045349875e-04
   1.588585580812e-04  -9.180964195042e-05
  -4.274219288902e-04  -1.753686078814e-04
  -1.392722880690e-04   1.526378134467e-04
   2.645968947938e-05  -8.280832639733e-05
  -5.526161201170e-04  -2.494048861717e-04
  -3.531726196910e-04   9.717896175943e-05
  -2.085288773258e-05  -4.383540641924e-05
  -5.346899398603e-04  -2.810651182238e-04
  -4.325160545194e-04   6.011247426613e-05
   4.712801513985e-05   2.655251958709e-05
  -3.627804343753e-04  -2.632327866977e-04
  -3.697245319830e-04   4.519692050764e-05
   2.067742594841e-04   1.156849657946e-04
  -8.882728467020e-05  -2.072079960124e-04
  -2.170290724237e-04   4.427641330961e-05
   3.903061068519e-04   2.022635630646e-04
   1.958093399842e-04  -1.368812414461e-04
  -6.250041572286e-05   4.043063236611e-05
   5.128571881102e-04   2.642647884654e-04
   3.987219051948e-04  -7.720980806861e-05
   1.000250824494e-05   1.576419726215e-05
   5.070636540824e-04   2.862499558205e-04
   4.632426255496e-04  -4.314161111262e-05
  -4.066330751815e-05  -3.916786306925e-05
   3.528824561326e-04   2.644211518081e-04
   3.899737162371e-04  -3.384877557240e-05
  -1.933565993567e-04  -1.190416819979e-04
   8.877258225843e-05   2.076007274189e-04
   2.335311873904e-04  -3.472236727933e-05
  -3.740927353130e-04  -2.042233138386e-04
  -2.021552948340e-04   1.336368522405e-04
   7.667718724102e-05  -2.582939402988e-05
  -4.896557852443e-04  -2.681259388447e-04
  -4.245133199088e-04   6.316047091625e-05
  -4.936544101515e-06   7.751387312054e-06
  -4.697917178136e-04  -2.886460846698e-04
  -5.092263053095e-04   1.271025985364e-05
   2.652097583934e-05   6.874208433171e-05
  -2.996268988842e-04  -2.587387119030e-04
  -4.435825764853e-04  -1.136852102019e-05
   1.557182431590e-04   1.466206656055e-04
  -2.664931863298e-05  -1.900330624586e-04
  -2.770820833414e-04  -1.579308425101e-05
   3.203508100200e-04   2.221335823575e-04
   2.604918252028e-04  -1.069584218354e-04
  -9.840704744056e-05  -1.752914322668e-05
   4.363337539410e-04   2.742505143504e-04
   4.688152310426e-04  -3.524214225708e-05
   4.970914171010e-06  -3.559679784019e-05
   4.327489060016e-04   2.871375772858e-04
   5.376210900828e-04   9.035953976380e-06
  -1.363065716997e-05  -8.095635934610e-05
   2.838488094648e-04   2.557102862386e-04
   4.617011399421e-04   2.523218296601e-05
  -1.388500896156e-04  -1.495701317997e-04
   2.331220702618e-05   1.876923556477e-04
   2.910262935281e-04   2.647719083279e-05
  -3.009800298970e-04  -2.225748014555e-04
  -2.673320352084e-04   1.010111827550e-04
   1.074446390603e-04   3.175369662731e-05
  -4.085044989841e-04  -2.737867062208e-04
  -4.907539702058e-04   1.785077662485e-05
  -9.571469228171e-06   5.613888100546e-05
  -3.898864206990e-04  -2.814461830828e-04
  -5.737726510880e-04  -4.279112111597e-05
  -1.470175184529e-05   1.039079474512e-04
  -2.263850249382e-04  -2.389225599420e-04
  -4.995981094854e-04  -7.233971035813e-05
   8.483686551007e-05   1.670418102092e-04
   3.933324921928e-05  -1.582576339769e-04
  -3.156121485059e-04  -7.648506730973e-05
   2.320565484553e-04   2.286453653420e-04
   3.220632671120e-04  -6.423635996812e-05
  -1.111220553658e-04  -7.254542053713e-05
   3.436486093478e-04   2.688852062972e-04
   5.290677835335e-04   1.695020714790e-05
   2.323097399490e-05  -8.077331723464e-05
   3.453823715820e-04   2.716556278751e-04
   5.963139049847e-04   6.835516498497e-05
   3.577954388724e-05  -1.136020259925e-04
   2.061712042719e-04   2.306841173078e-04
   5.132582334825e-04   8.800716981776e-05
  -6.358672291555e-05  -1.682481215827e-04
  -4.490287316687e-05   1.526839991085e-04
   3.254846711051e-04   8.762286410042e-05
  -2.095150968339e-04  -2.267452700114e-04
  -3.281531559730e-04   5.570242040921e-05
   1.140390726105e-04   8.533395389760e-05
  -3.125131286453e-04  -2.636284568940e-04
  -5.450981744549e-04  -3.661695446213e-05
  -3.781991083161e-05   9.659549511960e-05
  -3.000386411930e-04  -2.578696062118e-04
  -6.196061546129e-04  -1.031252721959e-04
  -7.752205366953e-05   1.275698849083e-04
  -1.494276773992e-04  -2.035007855010e-04
  -5.318979911259e-04  -1.335126653615e-04
  -4.591242981178e-06   1.730801662621e-04
   1.019547368058e-04  -1.129308381338e-04
  -3.278181125765e-04  -1.329610775661e-04
   1.288550470385e-04   2.188132860193e-04
   3.730730023827e-04  -1.099720622406e-05
  -9.723173874754e-05  -1.194944794149e-04
   2.400471505919e-04   2.462197177420e-04
   5.721673921218e-04   7.602603594576e-05
   6.656900580840e-05  -1.147035724667e-04
   2.515596756337e-04   2.389585425584e-04
   6.324942618524e-04   1.306182825723e-04
   1.075360754505e-04  -1.324347475179e-04
   1.273090029030e-04   1.896350945958e-04
   5.386470156949e-04   1.496393493649e-04
   3.044881198075e-05  -1.711147527593e-04
  -1.080124159965e-04   1.040385625414e-04
   3.321431256435e-04   1.434920543456e-04
  -1.036686553942e-04  -2.137913329129e-04
  -3.768126041721e-04   3.555505685756e-07
   9.339864957093e-05   1.296243981891e-04
  -2.074905051071e-04  -2.360028645434e-04
  -5.802711305214e-04  -9.647943178741e-05
  -9.059986591129e-05   1.241652724869e-04
  -2.075119737798e-04  -2.177580524552e-04
  -6.404715621941e-04  -1.635992222498e-04
  -1.604358105728e-04   1.355230212538e-04
  -7.688702174563e-05  -1.538605279641e-04
  -5.356848983001e-04  -1.895803350991e-04
  -1.086424985400e-04   1.616360392626e-04
   1.528768292661e-04  -5.688039301176e-05
  -3.106761226492e-04  -1.796874423160e-04
   1.679323161724e-05   1.908568168099e-04
   4.055695305784e-04   4.872124386596e-05
  -5.565378161156e-05  -1.530025554586e-04
   1.331960588326e-04   2.058562927341e-04
   5.909962809477e-04   1.370282436145e-04
   1.340634394264e-04  -1.325199351685e-04
   1.599689916398e-04   1.899937744548e-04
