   0.000000000000e+00   0.000000000000e+00
   1.182175221797e-04  -3.402118803456e-05
  -1.939485870775e-04  -7.402016513212e-05
   1.078262588221e-05   5.390162305126e-05
   3.624364506036e-05   5.682646392446e-05
   1.046245680603e-04  -3.267864155384e-06
  -2.104559406149e-05  -6.754588241840e-05
  -1.574093998735e-04  -3.522166363618e-05
   6.845335678607e-05   7.996839108493e-05
   9.965620128783e-06   2.710539863282e-05
   1.583736051192e-04  -1.510826014170e-05
  -1.904852842982e-04  -9.314963648111e-05
   1.343864868601e-05   3.633292432012e-05
  -4.159876366545e-05   5.047923571243e-05
   1.713678710274e-04   3.606372945946e-05
  -3.586596289925e-05  -7.345352493160e-05
  -1.005754327770e-04  -4.553905927694e-05
  -1.982620177854e-05   5.033463140908e-05
   2.924773742758e-05   5.267623100172e-05
   1.637171148693e-04   2.737306629634e-06
  -1.464392300040e-04  -9.545650002019e-05
   1.677226935454e-06   1.077269922526e-05
  -1.036607164781e-04   3.912016910178e-05
   2.063423739752e-04   6.819273656270e-05
  -4.087130953478e-05  -6.752144673683e-05
  -3.013066222120e-05  -4.937394292615e-05
  -1.088337278438e-04   1.267310279379e-05
   5.091667522087e-05   7.197173999965e-05
   1.367310778162e-04   1.804355323166e-05
  -6.977789861879e-05  -8.095837751083e-05
  -2.370199459168e-05  -1.954496124777e-05
  -1.382018575882e-04   2.489477658667e-05
   2.006854367449e-04   8.783768606628e-05
  -3.021744727044e-05  -4.918429410279e-05
   3.722013272431e-05  -4.798775060648e-05
  -1.789764589717e-04  -2.617759906671e-05
   6.592384145477e-05   8.096276935841e-05
   8.659976738491e-05   3.016500120445e-05
   2.382962353752e-05  -5.304665558707e-05
  -5.622030585401e-05  -4.980241310393e-05
  -1.406916381966e-04   9.802115480397e-06
   1.540324791551e-04   9.219370384471e-05
  -2.976221669102e-06  -2.054692130772e-05
   8.738412093229e-05  -4.290808352960e-05
  -2.140723442167e-04  -5.918027228530e-05
   6.575951161360e-05   7.710636261343e-05
   2.659811819619e-05   3.888349828635e-05
   1.147031276005e-04  -1.753270067531e-05
  -8.546992063207e-05  -7.431374001246e-05
  -1.145815976123e-04  -4.690229348150e-06
   7.492819931572e-05   8.122126088490e-05
   3.632312407858e-05   1.386837117883e-05
   1.120473897066e-04  -3.523882428406e-05
  -2.055044156673e-04  -8.055638744761e-05
   4.531931342991e-05   5.990382511952e-05
  -2.917752044285e-05   4.408251372946e-05
   1.836563375732e-04   1.880381701650e-05
  -1.003176625069e-04  -8.770893113985e-05
  -6.989989597900e-05  -1.783030437152e-05
  -2.069745033268e-05   5.749427915891e-05
   7.863381308018e-05   4.804020221628e-05
   1.099854334904e-04  -2.538340591092e-05
  -1.545550703319e-04  -8.704464156673e-05
   5.147177313534e-06   3.121234273286e-05
  -6.908979212896e-05   4.560905561759e-05
   2.162111083248e-04   4.968537177565e-05
  -9.250115335725e-05  -8.631230824216e-05
  -2.005807537284e-05  -2.942684135135e-05
  -1.128151356151e-04   2.567745835655e-05
   1.125025288342e-04   7.570434619922e-05
   8.641710183297e-05  -1.326681022041e-05
  -7.215917152728e-05  -7.854595498699e-05
  -4.779545773493e-05  -4.776658672921e-06
  -8.659943606363e-05   4.327665873106e-05
   2.056605957210e-04   7.044910069894e-05
  -5.944087241101e-05  -6.927056176404e-05
   2.211861130020e-05  -3.938698745946e-05
  -1.817531859947e-04  -8.327471619060e-06
   1.268972895785e-04   9.158297663896e-05
   5.087086148323e-05   1.118773354079e-06
   2.383404332172e-05  -5.791850834246e-05
  -1.013308113204e-04  -4.201619309875e-05
  -8.161748354286e-05   3.690749878842e-05
   1.544363374519e-04   7.863744356141e-05
  -5.412435951413e-06  -3.899958048651e-05
   4.787599737039e-05  -4.718138888643e-05
  -2.128400143793e-04  -3.850885912753e-05
   1.142149843714e-04   9.235267316900e-05
   1.431418421092e-05   1.717040294983e-05
   1.130080026938e-04  -3.001830272117e-05
  -1.410853108221e-04  -7.360202584193e-05
  -6.011137867732e-05   2.638467804755e-05
   7.355883475285e-05   7.410016560858e-05
   5.918442603685e-05  -7.554386547656e-07
   5.448399606467e-05  -5.156027960098e-05
  -2.000031153916e-04  -5.997245880753e-05
   7.281167498387e-05   7.726328213166e-05
  -1.372484344771e-05   3.342107114545e-05
   1.770863374919e-04  -3.651976147382e-07
  -1.545062324544e-04  -9.318671550673e-05
  -3.196175492026e-05   1.178494333779e-05
  -1.971962611320e-05   5.874105196568e-05
   1.201414719566e-04   3.851941683061e-05
   4.519626505606e-05  -5.074557800952e-05
  -1.472224000620e-04  -6.994880019367e-05
   8.314847363716e-06   4.837682202021e-05
  -2.747033630278e-05   4.767572384318e-05
   2.038489444314e-04   2.610314748792e-05
  -1.346419834132e-04  -9.649174680046e-05
  -7.659686528199e-06  -6.339188052605e-06
  -1.056612654656e-04   3.602752567819e-05
   1.626908410059e-04   7.167758072746e-05
   2.746409981614e-05  -4.308319340176e-05
  -6.734584226063e-05  -6.823353627790e-05
  -6.688511421095e-05   1.037968611087e-05
  -2.620369430960e-05   5.742878698942e-05
   1.894670240149e-04   4.585368631163e-05
  -8.248217820021e-05  -8.245199725753e-05
   5.103943761420e-06  -2.658666921910e-05
  -1.664693730445e-04   1.031051648801e-05
   1.749756853251e-04   9.275990858571e-05
   1.017429862375e-05  -2.788862264431e-05
   2.134821109212e-05  -5.689399279317e-05
  -1.361219376863e-04  -3.008990890459e-05
  -1.423382786299e-05   6.036909980905e-05
   1.389118977052e-04   5.705519448798e-05
  -7.133465647902e-06  -5.357218336065e-05
   3.807825957291e-06  -4.645707058917e-05
  -1.904141747743e-04  -1.401708411943e-05
   1.510743882377e-04   9.803562881617e-05
   8.247056324437e-07  -6.097784003155e-06
   9.975520216029e-05  -3.937835762923e-05
  -1.824501573009e-04  -6.560165411368e-05
   5.766323731721e-07   5.484367895904e-05
   6.451193554113e-05   5.946155432879e-05
   7.615664984060e-05  -1.534794996632e-05
  -8.368541956851e-06  -6.247840258530e-05
  -1.745506110467e-04  -3.340489055997e-05
   9.293386145339e-05   8.659220864040e-05
   3.365839345821e-06   1.958492542183e-05
   1.523949865625e-04  -1.940483616710e-05
  -1.931146666514e-04  -8.943944605598e-05
   9.459010535601e-06   4.026570420532e-05
  -1.695418579906e-05   5.408433600591e-05
   1.494750139826e-04   2.503405867517e-05
  -2.396699699944e-05  -7.084445237059e-05
  -1.251670416986e-04  -4.582643505013e-05
   1.064215805098e-05   6.046723144225e-05
   1.712657193956e-05   4.511090897874e-05
   1.706063613728e-04  -5.398104352950e-08
  -1.631751183962e-04  -9.712054029564e-05
   5.845074717259e-06   1.748126014583e-05
  -8.804797271708e-05   4.280636013269e-05
   1.962845314734e-04   6.027201074337e-05
  -3.403239430383e-05  -6.845000947326e-05
  -5.577836482657e-05  -5.099389376213e-05
  -7.926407580519e-05   2.432979095161e-05
   3.697796388984e-05   6.590334992620e-05
   1.538661908524e-04   1.666584304844e-05
  -9.713751372486e-05  -8.746639409318e-05
  -1.208196081207e-05  -1.097608248657e-05
  -1.346150181257e-04   2.797074436383e-05
   2.051516936833e-04   8.436215112333e-05
  -3.124230747505e-05  -5.398041855187e-05
   1.669973182468e-05  -5.000637225814e-05
  -1.572928802586e-04  -1.528759118206e-05
   5.470349920783e-05   7.777744466544e-05
   1.091691661906e-04   2.976381385664e-05
  -8.077830245746e-06  -6.283953487984e-05
  -4.034837513496e-05  -4.091897360069e-05
  -1.490013080907e-04   1.192307766443e-05
   1.724477831754e-04   9.358116047086e-05
  -1.238512223350e-05  -2.862173340601e-05
   7.639145172561e-05  -4.459385853260e-05
  -2.055817050845e-04  -5.117335324542e-05
   6.135864145973e-05   7.774868923029e-05
   4.885264726588e-05   3.892223702360e-05
   8.542080552832e-05  -2.845770795899e-05
  -7.014034655629e-05  -6.700914292619e-05
  -1.316521532981e-04  -3.451878477908e-06
   1.034786825602e-04   8.695888208849e-05
   2.046419431180e-05   3.920492345672e-06
   1.122181773894e-04  -3.631303428039e-05
  -2.124162902279e-04  -7.688908234057e-05
   5.014380499991e-05   6.464779719865e-05
  -1.252499067447e-05   4.412856837975e-05
   1.635698113515e-04   8.948279349724e-06
  -9.049434552876e-05  -8.377035960245e-05
  -9.054010954423e-05  -1.704533245360e-05
   1.171707792639e-05   6.628064858929e-05
   6.025642443818e-05   3.811950477757e-05
   1.200152723702e-04  -2.605905126417e-05
  -1.753690398795e-04  -8.816702463909e-05
   1.902638185080e-05   3.952009332645e-05
  -6.160202695925e-05   4.545319757982e-05
   2.097895975215e-04   4.266574048544e-05
  -9.183295545066e-05  -8.692142056845e-05
  -3.853482490696e-05  -2.851557255850e-05
  -8.385495134538e-05   3.568795153972e-05
   9.658203877971e-05   6.778425164445e-05
   1.026528716865e-04  -1.407666139281e-05
  -1.020536517771e-04  -8.382412928921e-05
  -2.778844325939e-05   5.743314090621e-06
  -8.926664835929e-05   4.297714571917e-05
   2.142807604337e-04   6.728715405651e-05
  -6.916823946406e-05  -7.462983539966e-05
   1.046527276009e-05  -3.791279190017e-05
  -1.628665749223e-04   9.222870915781e-07
   1.182028462423e-04   8.730512820409e-05
   6.842633759401e-05  -3.880632574068e-07
  -8.251898474743e-06  -6.586368217609e-05
  -8.022877208077e-05  -3.126237070571e-05
  -9.265862540674e-05   3.677826674683e-05
   1.760882333019e-04   7.950925923374e-05
  -2.396378850702e-05  -4.822598978711e-05
   4.540647896094e-05  -4.511030325904e-05
  -2.082882679674e-04  -3.174583195340e-05
   1.160186256836e-04   9.270617367695e-05
   2.838316731292e-05   1.464851845793e-05
   8.596442610924e-05  -3.873702897686e-05
  -1.246919813579e-04  -6.483623493756e-05
  -7.552929936496e-05   2.692378194202e-05
   1.033019776339e-04   7.841260209269e-05
   3.584090805028e-05  -1.208024818772e-05
   6.077106780712e-05  -4.936120644733e-05
  -2.105883564108e-04  -5.677345362437e-05
   8.586466547014e-05   8.237773637805e-05
  -6.662689481874e-06   2.996666774918e-05
   1.609495649278e-04  -8.066206941497e-06
  -1.477621224071e-04  -8.835820090331e-05
  -4.674003773422e-05   1.352385152237e-05
   1.135988325937e-05   6.532673321687e-05
   9.753446627706e-05   2.732672767591e-05
   5.736803049835e-05  -4.926860314635e-05
  -1.700986792816e-04  -7.050362226062e-05
   3.040340649371e-05   5.745148722408e-05
  -2.879463036645e-05   4.377806703688e-05
   2.018155013069e-04   2.070869940262e-05
  -1.401877595006e-04  -9.676567520283e-05
  -1.726733450867e-05  -3.059516455924e-06
  -8.025650793541e-05   4.340876574555e-05
   1.465276739786e-04   6.280884274398e-05
   4.120092366514e-05  -4.325368027214e-05
  -9.681488883659e-05  -7.185625424060e-05
  -4.059947900498e-05   2.177589304911e-05
  -3.483216627114e-05   5.387565046916e-05
   2.014435353583e-04   4.335559624323e-05
  -9.985642609053e-05  -8.787454971936e-05
   3.361695797099e-06  -2.185024485045e-05
  -1.523331770806e-04   1.700407163589e-05
   1.697530952870e-04   8.792393018347e-05
   2.101109514109e-05  -3.034006106091e-05
  -7.688074508380e-06  -6.229404876817e-05
  -1.119881322602e-04  -1.857443595031e-05
  -2.693702248745e-05   5.807899777107e-05
   1.616581017041e-04   5.735868770294e-05
  -3.282631417410e-05  -6.303996984463e-05
   1.002422966679e-05  -4.091166664219e-05
  -1.903421418157e-04  -9.184859967836e-06
   1.589027073606e-04   9.814544560590e-05
   5.385869105938e-06  -1.089269316569e-05
   7.771661999704e-05  -4.509114754369e-05
  -1.666989640779e-04  -5.629263505811e-05
  -1.174516119723e-05   5.467011335877e-05
   9.247224416118e-05   6.194995053851e-05
   4.785362949146e-05  -2.689366543571e-05
   3.357298770484e-06  -5.728314569481e-05
  -1.878546332387e-04  -3.103639963712e-05
   1.128524412683e-04   9.161058628268e-05
   2.444283078549e-07   1.304245350664e-05
   1.419010825087e-04  -2.421986577233e-05
  -1.901650216381e-04  -8.425577478109e-05
   1.879786093317e-06   4.278129602326e-05
   9.671055643448e-06   5.784471151276e-05
   1.250981840969e-04   1.374971139336e-05
  -1.088734531665e-05  -6.740055648528e-05
  -1.479246713768e-04  -4.583596777850e-05
   3.864537917527e-05   6.941502252932e-05
   7.238659161457e-06   3.795813797270e-05
   1.732330506935e-04  -3.293155696050e-06
  -1.743814953460e-04  -9.709367349739e-05
   5.915939727138e-06   2.276153293259e-05
  -6.875997142639e-05   4.685798796110e-05
   1.816605740031e-04   5.142744757655e-05
  -2.415102146336e-05  -6.798546476107e-05
  -8.196039975535e-05  -5.270160122286e-05
  -4.941764779668e-05   3.545591356335e-05
   2.333226476096e-05   5.956400268328e-05
   1.680455449422e-04   1.509075387146e-05
  -1.203659254553e-04  -9.247228980339e-05
  -3.873913985252e-06  -3.510029106461e-06
  -1.266842103145e-04   3.147435145697e-05
   2.040240088782e-04   7.954049489049e-05
  -2.814763248324e-05  -5.713427360318e-05
  -6.428402455635e-06  -5.242780438656e-05
  -1.326235177647e-04  -4.181909296966e-06
   4.162473739465e-05   7.365882715879e-05
   1.307598673924e-04   2.948860115268e-05
  -3.822537991062e-05  -7.164847090098e-05
  -2.617136479903e-05  -3.251422562661e-05
  -1.534910665025e-04   1.435990593883e-05
   1.855457877284e-04   9.350780738645e-05
  -1.767705736296e-05  -3.518623329750e-05
   6.155733857152e-05  -4.681856269895e-05
  -1.921231524251e-04  -4.228593846094e-05
   5.330971922655e-05   7.695181965329e-05
   7.225333760714e-05   3.936741919582e-05
   5.515424593087e-05  -3.908491756806e-05
  -5.421645442995e-05  -5.938920134781e-05
  -1.464559851816e-04  -2.165493782251e-06
   1.282420802090e-04   9.142452747825e-05
   7.624417765997e-06  -4.995960867565e-06
   1.084361304279e-04  -3.782087817586e-05
  -2.136184959352e-04  -7.192148994965e-05
   5.041186796259e-05   6.771792937859e-05
   7.005224069647e-06   4.473084126021e-05
   1.400422388477e-04  -1.277403945651e-06
  -7.784703846157e-05  -7.874623343813e-05
  -1.110365957986e-04  -1.656378090619e-05
   4.277611906074e-05   7.422897958527e-05
   4.295814816746e-05   2.852260711149e-05
   1.270639113689e-04  -2.685071513456e-05
  -1.911495327139e-04  -8.791483353413e-05
   2.863442856656e-05   4.626349748738e-05
  -5.034108842374e-05   4.582813398539e-05
   1.983242303706e-04   3.478004072120e-05
  -8.678616645523e-05  -8.590195985910e-05
  -5.893930371358e-05  -2.822473894529e-05
  -5.350086572339e-05   4.543852525715e-05
   7.941713978466e-05   5.941042810895e-05
   1.176393042942e-04  -1.458076381429e-05
  -1.288010780130e-04  -8.799681456370e-05
  -1.058090299071e-05   1.515843673078e-05
  -8.833794143479e-05   4.300495012173e-05
   2.174622632534e-04   6.302216176559e-05
  -7.406234665414e-05  -7.819120233901e-05
  -4.540134088635e-06  -3.721287369443e-05
  -1.402020500848e-04   1.050310468612e-05
   1.061250852391e-04   8.188599565836e-05
   8.672864150645e-05  -1.206714992734e-06
  -3.977102066999e-05  -7.321062229370e-05
  -5.961596350569e-05  -2.088191862896e-05
  -1.013086050680e-04   3.662849433797e-05
   1.931845737424e-04   7.931302852727e-05
  -3.845420536071e-05  -5.589948065903e-05
   3.919847591692e-05  -4.371497022467e-05
  -1.985480327981e-04  -2.418948479782e-05
   1.130402851912e-04   9.145636761320e-05
   4.492532955176e-05   1.303226226429e-05
   5.687764586664e-05  -4.743583422272e-05
  -1.062399182873e-04  -5.559793919745e-05
  -9.045236265862e-05   2.701977582713e-05
   1.304248864460e-04   8.191748010292e-05
   1.474450157741e-05  -2.243864901366e-05
   6.404620803361e-05  -4.747957011323e-05
  -2.159042332295e-04  -5.256406213982e-05
   9.388268856766e-05   8.574696094423e-05
   3.879489283133e-06   2.740074968097e-05
   1.407621522185e-04  -1.622898957685e-05
  -1.368571089629e-04  -8.230144391293e-05
  -6.306425861294e-05   1.442625221720e-05
   4.233530649596e-05   7.150767481766e-05
   7.475248402056e-05   1.632452893720e-05
   6.812017549533e-05  -4.757735829099e-05
  -1.889455341044e-04  -7.012536274310e-05
   4.848158494656e-05   6.499719842853e-05
  -2.661998793217e-05   4.051419685107e-05
   1.947786692453e-04   1.458217068958e-05
  -1.404839009917e-04  -9.533963901576e-05
  -3.000219144552e-05  -8.584319192745e-07
  -5.247529494207e-05   5.082947380628e-05
   1.277320351734e-04   5.334441616774e-05
   5.549981640021e-05  -4.265882935859e-05
  -1.244457520798e-04  -7.487406706823e-05
  -1.622585008061e-05   3.218570581244e-05
  -4.095235020597e-05   5.051557083868e-05
   2.086976607083e-04   4.010175842491e-05
  -1.121957557473e-04  -9.152860941375e-05
  -2.151996871409e-06  -1.817799400246e-05
  -1.339973291940e-04   2.411650364591e-05
   1.599949387592e-04   8.185775786565e-05
   3.422383632776e-05  -3.162341042105e-05
  -3.741992605793e-05  -6.754338877492e-05
  -8.710100020485e-05  -7.283257801226e-06
  -3.888685595879e-05   5.544270755439e-05
   1.810786832542e-04   5.709039567544e-05
  -5.494418147439e-05  -7.107778962677e-05
   1.296157875327e-05  -3.611483767708e-05
  -1.853697777666e-04  -3.715326455802e-06
   1.613268954532e-04   9.666061175771e-05
   1.347949495499e-05  -1.438842709243e-05
   5.277070853083e-05  -5.107341640983e-05
  -1.476452824945e-04  -4.639567261252e-05
  -2.536384805423e-05   5.362278333659e-05
   1.192468524367e-04   6.417304562996e-05
   2.078977993506e-05  -3.764803166069e-05
   1.329191958032e-05  -5.226562326641e-05
  -1.968467936251e-04  -2.803366812388e-05
   1.277847806277e-04   9.500185832830e-05
   8.449042039782e-07   7.616384526277e-06
   1.271502180977e-04  -2.955510559965e-05
  -1.821511189923e-04  -7.781836672748e-05
  -8.760893593498e-06   4.402909819022e-05
   3.745624896731e-05   6.167071634236e-05
   9.931562720481e-05   2.491242741355e-06
   2.452324516341e-06  -6.344328120513e-05
  -1.680551793431e-04  -4.543220178054e-05
   6.331016293615e-05   7.703505251845e-05
   2.283559992916e-07   3.146681413110e-05
   1.714018878567e-04  -7.069587042359e-06
  -1.800136345377e-04  -9.546132177487e-05
   1.978339125327e-06   2.662735523734e-05
  -4.634618227127e-05   5.124222999868e-05
   1.633011514677e-04   4.189837445585e-05
  -1.197854294174e-05  -6.638271230716e-05
  -1.078003931588e-04  -5.435574586641e-05
  -2.040508617955e-05   4.582207280978e-05
   1.087664425890e-05   5.326032643272e-05
   1.786963485675e-04   1.317270154674e-05
  -1.388849288002e-04  -9.591611564417e-05
   5.129766846452e-07   2.715764891738e-06
  -1.145414892613e-04   3.544481529323e-05
   1.976934605033e-04   7.352444671458e-05
  -2.131341654838e-05  -5.876872607809e-05
  -3.145478077148e-05  -5.516013191096e-05
  -1.060388034057e-04   6.878490180825e-06
   2.761780677612e-05   6.890933957981e-05
   1.505882877675e-04   2.918646098601e-05
  -6.566171541149e-05  -7.929949213936e-05
  -1.450297743320e-05  -2.485546976337e-05
  -1.538420557157e-04   1.722318707270e-05
   1.931889285890e-04   9.201607804962e-05
  -1.875648203807e-05  -4.020245971484e-05
   4.323182354314e-05  -4.958243172303e-05
  -1.744553047691e-04  -3.274577952580e-05
   4.233401921556e-05   7.495250093224e-05
   9.601775041921e-05   4.010745084721e-05
   2.498447044430e-05  -4.918594483777e-05
  -3.870630937395e-05  -5.179304166101e-05
  -1.583184253491e-04  -6.694867103364e-07
   1.485883832220e-04   9.455418306585e-05
  -1.640059234998e-06  -1.269563261742e-05
   1.006090357655e-04  -3.986732852620e-05
  -2.093686588174e-04  -6.579060728188e-05
   4.643240289470e-05   6.923363702975e-05
   2.883953199186e-05   4.585355072027e-05
   1.140224228625e-04  -1.165633222056e-05
  -6.331136277705e-05  -7.296578924099e-05
  -1.305584352956e-04  -1.621362250164e-05
   7.151261020975e-05   8.119223633337e-05
   2.762940222138e-05   1.953556371749e-05
   1.306407903551e-04  -2.794414216859e-05
  -2.016017532513e-04  -8.630343620326e-05
   3.376321367476e-05   5.141362517582e-05
  -3.551587150423e-05   4.678831179561e-05
   1.824118271977e-04   2.618129235800e-05
  -7.797635002642e-05  -8.349091987061e-05
  -8.053002137814e-05  -2.842507997371e-05
  -2.281649478213e-05   5.473808442954e-05
   6.202458924006e-05   5.090563500627e-05
   1.306369990410e-04  -1.499301961578e-05
  -1.516517072157e-04  -9.096539547830e-05
   3.133756755220e-06   2.329109575379e-05
  -8.359447099371e-05   4.349918817644e-05
   2.153201524171e-04   5.771602943143e-05
  -7.425759496908e-05  -8.004198241781e-05
  -2.246387903554e-05  -3.725064900620e-05
  -1.146509374852e-04   2.022858275219e-05
   9.156200279075e-05   7.561853905702e-05
   1.049974483315e-04  -1.516507421194e-06
  -6.972929308018e-05  -7.978955967636e-05
  -4.050470954918e-05  -1.116606716881e-05
  -1.069737959817e-04   3.665831235528e-05
   2.053458096626e-04   7.801940499570e-05
  -4.850144033098e-05  -6.194241541614e-05
   2.925241275743e-05  -4.307905855687e-05
  -1.841116377996e-04  -1.597213170112e-05
   1.058314180713e-04   8.880833899095e-05
   6.333096548275e-05   1.222906807064e-05
   2.672609041515e-05  -5.593474912658e-05
  -8.680224835360e-05  -4.622588914334e-05
  -1.040740952821e-04   2.689390386181e-05
   1.541579198291e-04   8.451532740003e-05
  -3.298270839516e-06  -3.161602085282e-05
   6.387978628570e-05  -4.611095650244e-05
  -2.159256374278e-04  -4.738653384640e-05
   9.691788515366e-05   8.744728452807e-05
   1.762850452598e-05   2.574487290559e-05
   1.172464563868e-04  -2.472021963777e-05
  -1.226465600771e-04  -7.532057221659e-05
  -8.014535953240e-05   1.468251350066e-05
   7.224369397004e-05   7.714777972287e-05
   5.283492508210e-05   5.806631183679e-06
   7.671954191860e-05  -4.593411657571e-05
  -2.032463786056e-04  -6.875787866796e-05
   6.207051318897e-05   7.094552839813e-05
  -2.080098340283e-05   3.801843424114e-05
   1.830405640707e-04   7.775561446421e-06
  -1.359471629963e-04  -9.240825573748e-05
  -4.532628467108e-05   3.694484874003e-07
  -2.322921930567e-05   5.815524860609e-05
   1.073318346130e-04   4.358860767358e-05
   6.953151532673e-05  -4.155852127864e-05
  -1.493898909847e-04  -7.715757395701e-05
   5.331854067480e-06   4.140990822735e-05
  -4.402442984308e-05   4.756987403443e-05
   2.110581579557e-04   3.605831208222e-05
  -1.193755090653e-04  -9.345543915304e-05
  -1.131686027498e-05  -1.559003005091e-05
  -1.120877293248e-04   3.155253459866e-05
   1.464732732387e-04   7.481267391425e-05
   4.911473176083e-05  -3.192535684844e-05
  -6.690787854351e-05  -7.249007957512e-05
  -6.256786388933e-05   3.497772360802e-06
  -4.927987107654e-05   5.272545326950e-05
   1.965930193515e-04   5.615267941592e-05
  -7.285910208245e-05  -7.757389916930e-05
   1.227579397646e-05  -3.222297599662e-05
  -1.756766007088e-04   2.364938868149e-06
   1.586733435334e-04   9.373179455323e-05
   2.472823479398e-05  -1.664812727426e-05
   2.569638033706e-05  -5.720828401640e-05
  -1.263189158234e-04  -3.621582981319e-05
  -3.942279133800e-05   5.195696810859e-05
   1.440057448177e-04   6.600662092414e-05
  -4.063971374058e-06  -4.738699340598e-05
   2.071563951107e-05  -4.769085331693e-05
  -2.012229255751e-04  -2.434247913967e-05
   1.375242156942e-04   9.679088289585e-05
   5.216819927814e-06   3.383650730317e-06
   1.085662357220e-04  -3.537181784121e-05
  -1.697614059549e-04  -7.037634931536e-05
  -2.179169683574e-05   4.419721551939e-05
   6.553864755158e-05   6.545109994283e-05
   7.320544225309e-05  -8.468878849678e-06
   1.515301222742e-05  -5.928432491548e-05
  -1.848705164044e-04  -4.449381922891e-05
   8.393902443655e-05   8.322665159793e-05
  -3.427293292984e-06   2.583605475829e-05
   1.650911746676e-04  -1.143616464588e-05
  -1.802465405650e-04  -9.235585754093e-05
  -5.681876385584e-06   2.915008373287e-05
  -2.147790227832e-05   5.589385447671e-05
   1.421369883314e-04   3.193903483046e-05
   1.651266672409e-06  -6.392083219891e-05
  -1.324324406202e-04  -5.580752174203e-05
   6.752438876464e-06   5.522779917099e-05
   4.092799486970e-07   4.727028099625e-05
   1.853809411049e-04   1.078637780669e-05
  -1.523230201024e-04  -9.778728144861e-05
   8.792595224532e-07   7.628076430916e-06
  -9.848926858531e-05   3.988491738708e-05
   1.867259265033e-04   6.649664825833e-05
  -1.128409295473e-05  -5.905786960948e-05
  -5.758471005912e-05  -5.808139401612e-05
  -7.862958427485e-05   1.764126783201e-05
   1.360988124474e-05   6.382863150658e-05
   1.679339385586e-04   2.870221549827e-05
  -8.957754565123e-05  -8.565542235877e-05
  -5.992190553543e-06  -1.815455410100e-05
  -1.499074433057e-04   2.059111681951e-05
   1.954464248600e-04   8.918590007752e-05
  -1.573229391045e-05  -4.369633641232e-05
   2.191920074922e-05  -5.284016004802e-05
  -1.534617606454e-04  -2.279499352707e-05
   2.925125488899e-05   7.201103308440e-05
   1.193399911259e-04   4.100677596048e-05
  -4.053575830908e-06  -5.854731819474e-05
  -2.454373734838e-05  -4.452770621442e-05
  -1.666887707553e-04   1.178188246859e-06
   1.640760110292e-04   9.631867059716e-05
  -6.967360702450e-06  -1.905326374644e-05
   8.882219301335e-05  -4.250965117290e-05
  -2.001191060710e-04  -5.866683329344e-05
   3.869425949763e-05   6.936011099068e-05
   5.230030096924e-05   4.742178456790e-05
   8.651509102874e-05  -2.196333739094e-05
  -4.785950944097e-05  -6.675863627680e-05
  -1.483134129999e-04  -1.582182454701e-05
   9.708350972911e-05   8.704814079882e-05
   1.502276292495e-05   1.140131036674e-05
   1.304055932008e-04  -2.949019681890e-05
  -2.066406142411e-04  -8.338987390361e-05
   3.442259542957e-05   5.500063324660e-05
  -1.749456346238e-05   4.834310987943e-05
   1.627890445743e-04   1.704818846429e-05
  -6.615636203726e-05  -7.995808997424e-05
  -1.025061235776e-04  -2.896229412564e-05
   7.163081472583e-06   6.340509469895e-05
   4.537276650760e-05   4.257394287543e-05
   1.409892741536e-04  -1.551648370264e-05
  -1.700236727630e-04  -9.266709981443e-05
   1.286166741994e-05   3.002331797890e-05
  -7.499118299258e-05   4.455752261652e-05
   2.081560735337e-04   5.146383715805e-05
  -7.008972152634e-05  -8.032492677142e-05
  -4.273078052309e-05  -3.794384228827e-05
  -8.717931175233e-05   2.990417471607e-05
   7.546621675358e-05   6.880331833617e-05
   1.224473248181e-04  -1.513521145309e-06
  -9.721705242592e-05  -8.544892692792e-05
  -2.377957780216e-05  -2.359960206846e-06
  -1.092015107286e-04   3.703882861714e-05
   2.123787467781e-04   7.562936156413e-05
  -5.393688940581e-05  -6.633918787651e-05
   1.575170592278e-05  -4.323058553136e-05
  -1.656294543311e-04  -7.250604110846e-06
   9.509120497871e-05   8.499825244031e-05
   8.289965285581e-05   1.210669835928e-05
  -3.495888305553e-06  -6.404931958828e-05
  -6.743078693517e-05  -3.703821733708e-05
  -1.156549324045e-04   2.675822486772e-05
   1.738720628817e-04   8.612639770871e-05
  -1.765479220995e-05  -3.945018280621e-05
   6.001397492100e-05  -4.540067838298e-05
  -2.108242744760e-04  -4.131741758909e-05
   9.522967946296e-05   8.760276763226e-05
   3.415729663900e-05   2.496845702538e-05
   9.123131255744e-05  -3.338250768875e-05
  -1.060767920616e-04  -6.773034231715e-05
  -9.716462261945e-05   1.449825813177e-05
   1.001829962197e-04   8.211611601472e-05
   3.272703159812e-05  -3.964760998425e-06
   8.254528450521e-05  -4.457118201503e-05
  -2.126642488570e-04  -6.637800563322e-05
   7.090734265978e-05   7.528234324600e-05
  -1.137153033167e-05   3.637279580662e-05
   1.670684867938e-04   3.750386960869e-07
  -1.271725185338e-04  -8.820476437583e-05
  -6.257955385824e-05   7.687900769846e-07
   6.535946009913e-06   6.524159635353e-05
   8.636149092912e-05   3.383940941775e-05
   8.248964557828e-05  -4.021224235861e-05
  -1.709119341153e-04  -7.859706710354e-05
   2.333928420371e-05   4.929831947036e-05
  -4.366807063896e-05   4.521838239187e-05
   2.085328462073e-04   3.122365423072e-05
  -1.214884085629e-04  -9.375091845341e-05
  -2.382960881537e-05  -1.405023882918e-05
  -8.735134048764e-05   3.919347903517e-05
   1.300659312011e-04   6.705742580678e-05
   6.491440234175e-05  -3.146216990196e-05
  -9.523115435002e-05  -7.698067426505e-05
  -3.941743300501e-05   1.351511496102e-05
  -5.740948906505e-05   5.017004300517e-05
   2.077677256368e-04   5.446811609430e-05
  -8.614352324693e-05  -8.247083169788e-05
   7.816064364832e-06  -2.933247797366e-05
  -1.616175682943e-04   8.997546136894e-06
   1.514492511318e-04   8.954501088047e-05
   3.860744906176e-05  -1.778620205810e-05
  -2.651043350980e-06  -6.335564720466e-05
  -1.037831358450e-04  -2.605096625131e-05
  -5.307045998816e-05   4.992977050198e-05
   1.659985577712e-04   6.732936737683e-05
  -2.587203763041e-05  -5.592598150151e-05
   2.505794206470e-05  -4.377598321302e-05
  -2.008589852301e-04  -1.994056022649e-05
   1.420767482473e-04   9.704704989504e-05
   1.322332158996e-05   3.617898628472e-07
   8.671934371983e-05  -4.159367309445e-05
  -1.538207021701e-04  -6.219888253351e-05
  -3.644797069308e-05   4.350110699236e-05
   9.304857643023e-05   6.906019081022e-05
   4.780489849277e-05  -1.887476681128e-05
   2.637946752094e-05  -5.521323440328e-05
  -1.978156093647e-04  -4.292122709933e-05
   1.000266391048e-04   8.793301355411e-05
  -3.431239959767e-06   2.121147640797e-05
   1.544528156437e-04  -1.640633964285e-05
  -1.754565989253e-04  -8.795074647089e-05
  -1.660739358530e-05   3.044999887556e-05
   5.081392086283e-06   6.071966079524e-05
   1.191591924166e-04   2.181079018534e-05
   1.586613593851e-05  -6.088911182219e-05
  -1.550390507821e-04  -5.691063163454e-05
   3.115697558803e-05   6.350632640611e-05
  -7.400696223208e-06   4.183515785055e-05
   1.878150343145e-04   7.834722076553e-06
  -1.605200986031e-04  -9.812418297669e-05
  -2.768855517138e-06   1.121436118430e-05
  -7.898442355835e-05   4.476195925531e-05
   1.718327034183e-04   5.866551507252e-05
   1.265931080540e-06  -5.821550714750e-05
  -8.397522935570e-05  -6.104921833748e-05
  -5.146439090123e-05   2.786980244753e-05
   4.838869003467e-07   5.870309644262e-05
   1.821702022805e-04   2.788888631488e-05
  -1.093303471223e-04  -9.062069735114e-05
  -1.103786238055e-06  -1.256507097605e-05
  -1.417157031396e-04   2.450649705679e-05
   1.925820502221e-04   8.513310945243e-05
  -8.901074943239e-06  -4.575159929781e-05
  -1.747127621412e-06  -5.650702272480e-05
  -1.301108389498e-04  -1.268232854670e-05
   1.493674134213e-05   6.840021309599e-05
   1.414261022020e-04   4.191585115947e-05
  -3.100794985109e-05  -6.697832852440e-05
  -1.255049295676e-05  -3.785939363927e-05
  -1.711628006835e-04   3.493102485975e-06
   1.744593965969e-04   9.672542872164e-05
  -8.194181409803e-06  -2.400399027699e-05
   7.333229437369e-05  -4.575767334130e-05
  -1.864905538762e-04  -5.074807430845e-05
   2.783243171680e-05   6.829875240017e-05
   7.663740092107e-05   4.932855710581e-05
   5.854163736250e-05  -3.197294988010e-05
  -3.245431521559e-05  -6.044222759550e-05
  -1.635840501272e-04  -1.522433399183e-05
   1.187951047984e-04   9.170348175229e-05
   5.729314682981e-06   4.314066886964e-06
   1.261824429096e-04  -3.159881159436e-05
  -2.063857138211e-04  -7.927114071786e-05
   3.082497834163e-05   5.710774650008e-05
   3.215173823446e-06   5.045967412849e-05
   1.403004484294e-04   7.579608887027e-06
  -5.217460355702e-05  -7.559330728080e-05
  -1.240469554864e-04  -2.966802528967e-05
   3.546822423132e-05   7.127340372440e-05
   3.034425166444e-05   3.469184581888e-05
   1.481520114756e-04  -1.633263975237e-05
  -1.835196012696e-04  -9.307833124241e-05
   1.831622112746e-05   3.529581355410e-05
  -6.265451249121e-05   4.623448466387e-05
   1.964412554408e-04   4.439232039351e-05
  -6.206901393337e-05  -7.922900969023e-05
  -6.465589153269e-05  -3.917354615443e-05
  -5.878877531685e-05   3.933339613113e-05
   5.880204948181e-05   6.173843806078e-05
   1.383248990250e-04  -1.398322505791e-06
  -1.214412029225e-04  -9.006259547868e-05
  -1.016818177835e-05   5.341904768868e-06
  -1.076969793800e-04   3.790623066557e-05
   2.142780298758e-04   7.217668487437e-05
  -5.479985425110e-05  -6.913292520044e-05
  -9.515631725993e-07  -4.414616806736e-05
  -1.438792456181e-04   1.798812773708e-06
   8.162802082727e-05   8.028409103391e-05
   1.028754338484e-04   1.250367577616e-05
  -3.281622790623e-05  -7.159912859713e-05
  -4.911300112158e-05  -2.832321967377e-05
  -1.245550292249e-04   2.680629888176e-05
   1.890978198123e-04   8.669595996327e-05
  -2.788184951895e-05  -4.583410877226e-05
   5.237010110955e-05  -4.544148951396e-05
  -2.009557279166e-04  -3.446552277486e-05
   8.926032928942e-05   8.637845339918e-05
   5.290968656880e-05   2.499489546984e-05
   6.361812325752e-05  -4.204116094460e-05
  -8.813970109440e-05  -5.984460819152e-05
  -1.133142308523e-04   1.408312520819e-05
   1.253434939148e-04   8.629335273843e-05
   1.524790165526e-05  -1.276607639897e-05
   8.511553610993e-05  -4.368235200909e-05
  -2.170502927934e-04  -6.299788039102e-05
   7.494156274337e-05   7.804489555817e-05
   1.463299913118e-06   3.560782159377e-05
   1.474739907270e-04  -7.501737155035e-06
  -1.148977504288e-04  -8.299061607540e-05
  -8.101726585355e-05   5.127060437471e-07
   3.587667542225e-05   7.194007826775e-05
   6.582118481798e-05   2.437956474432e-05
   9.362898536611e-05  -3.886660348187e-05
  -1.884164212500e-04  -7.910910155650e-05
   3.725004710418e-05   5.575133472115e-05
  -3.967341852688e-05   4.359529727424e-05
   2.013055169717e-04   2.563068240821e-05
  -1.188282510461e-04  -9.255950245091e-05
  -3.922738945993e-05  -1.347390029149e-05
  -6.062414511854e-05   4.690192297537e-05
   1.117162862196e-04   5.886963356177e-05
   8.082153487475e-05  -3.046683415343e-05
  -1.215242950239e-04  -8.086918866841e-05
  -1.856383770048e-05   2.255335114755e-05
  -6.269434922911e-05   4.798881160004e-05
   2.143312267254e-04   5.198572100525e-05
  -9.457624771318e-05  -8.576523759239e-05
  -3.773949590704e-07  -2.748174122953e-05
  -1.437046866758e-04   1.609430855572e-05
   1.403123594742e-04   8.431512818685e-05
   5.447640071969e-05  -1.795860005359e-05
  -3.137577467447e-05  -6.936063387757e-05
  -8.109045011644e-05  -1.618284430646e-05
  -6.549987485928e-05   4.778953572778e-05
   1.845824283113e-04   6.803098411266e-05
  -4.395927213915e-05  -6.312489508310e-05
   2.591734812932e-05  -4.068568181028e-05
  -1.958122896833e-04  -1.483933569337e-05
   1.416482728769e-04   9.588101089267e-05
   2.455647927949e-05  -1.486679179343e-06
   6.230088212221e-05  -4.811171055624e-05
  -1.352496714184e-04  -5.356559042296e-05
  -5.191279258001e-05   4.217231691156e-05
   1.191436492495e-04   7.236566529531e-05
   2.407342893543e-05  -2.849497961211e-05
   3.539655330407e-05  -5.148717500096e-05
  -2.064891727387e-04  -4.064246590999e-05
   1.112678268437e-04   9.114153172385e-05
   3.294915860838e-07   1.768384505490e-05
   1.398045088743e-04  -2.195370846365e-05
  -1.661959627828e-04  -8.245339012428e-05
  -3.020114936678e-05   3.068668591659e-05
   3.250832654965e-05   6.560423325438e-05
   9.537940962611e-05   1.177402284264e-05
   2.979820755365e-05  -5.757393146903e-05
  -1.748853714632e-04  -5.753039258233e-05
   5.206062849774e-05   7.052828280876e-05
  -1.203593595654e-05   3.715347204171e-05
   1.858786588192e-04   4.254739008680e-06
  -1.635232188047e-04  -9.701184003904e-05
  -1.023255906516e-05   1.351721596254e-05
  -5.661651832520e-05   5.001038552322e-05
   1.538371109915e-04   5.025906309304e-05
   1.557049631849e-05  -5.648285292847e-05
  -1.097727287814e-04  -6.391075738037e-05
  -2.555035151301e-05   3.734952258458e-05
  -1.095802172771e-05   5.379660320871e-05
   1.927902525251e-04   2.661709322404e-05
  -1.244612096045e-04  -9.414434666897e-05
  -1.085535560265e-07  -8.182114281237e-06
  -1.294660889625e-04   2.897558256134e-05
   1.850351583684e-04   8.000651300559e-05
   1.276957140019e-06  -4.650172068882e-05
  -2.703480322950e-05  -6.046659217974e-05
  -1.054144344661e-04  -2.655543723394e-06
   2.792472207850e-07   6.439469275235e-05
   1.615278931829e-04   4.268131393434e-05
  -5.504171267398e-05  -7.431786903630e-05
  -3.406058958712e-06  -3.200716452922e-05
  -1.714977528924e-04   6.359158370537e-06
   1.796888244862e-04   9.581907348179e-05
  -5.351331434630e-06  -2.754118244597e-05
   5.455346405117e-05  -4.957657418939e-05
  -1.692403828021e-04  -4.225304177131e-05
   1.459048342924e-05   6.627711566715e-05
   1.010617038607e-04   5.144311341806e-05
   3.110190453235e-05  -4.146742418221e-05
  -1.800681667527e-05  -5.431095262989e-05
  -1.757585082929e-04  -1.427480193672e-05
   1.361214379282e-04   9.509756183805e-05
   1.630516101937e-07  -1.584132213313e-06
   1.179658761703e-04  -3.433559606993e-05
  -2.011480523108e-04  -7.408084074972e-05
   2.336235851512e-05   5.786387717314e-05
   2.599119579248e-05   5.306760902522e-05
   1.158636805661e-04  -2.011918461927e-06
  -3.693176127543e-05  -7.069392781899e-05
  -1.443505243716e-04  -3.037050374615e-05
   6.122718838587e-05   7.819762173152e-05
   1.770415191103e-05   2.750079067423e-05
   1.517172734006e-04  -1.759265495197e-05
  -1.919348645998e-04  -9.221614634782e-05
   1.941641402028e-05   3.910503292572e-05
  -4.687271824949e-05   4.854181589106e-05
   1.807935368067e-04   3.665674596633e-05
  -5.084756068974e-05  -7.697896628461e-05
  -8.747967955467e-05  -4.079417221684e-05
  -3.047799781529e-05   4.832408571208e-05
   4.250492677418e-05   5.471008601507e-05
   1.519432102334e-04  -1.364422703034e-06
  -1.417514238276e-04  -9.353576410421e-05
  -2.206523866276e-07   1.179810043570e-05
  -1.023324682563e-04   3.935779819410e-05
   2.112203354534e-04   6.772886541054e-05
  -5.132334656743e-05  -7.042001900885e-05
  -2.035823152199e-05  -4.575730997490e-05
  -1.197319572550e-04   1.098612315810e-05
   6.631914629710e-05   7.493615965434e-05
   1.224830057294e-04   1.324034388322e-05
  -6.032112523692e-05  -7.841598097884e-05
  -3.273460198859e-05  -2.033192839472e-05
  -1.302608006123e-04   2.720540210390e-05
   1.995373996653e-04   8.619851536262e-05
  -3.373255517087e-05  -5.071641848568e-05
   4.104709807459e-05  -4.627400958189e-05
  -1.868394990416e-04  -2.696850944155e-05
   7.960479700498e-05   8.397269586177e-05
   7.322970377927e-05   2.570936906206e-05
   3.534508072211e-05  -5.051180048728e-05
  -6.982848147209e-05  -5.196569617698e-05
  -1.278349331746e-04   1.364037249554e-05
   1.470345435932e-04   8.957784538609e-05
   1.065256411517e-06  -2.041775496502e-05
   8.410624727807e-05  -4.341698547412e-05
  -2.164439891816e-04  -5.866551648560e-05
   7.432299984546e-05   7.931747525318e-05
   1.734254851387e-05   3.570559962207e-05
   1.249866500233e-04  -1.571003785532e-05
  -9.996420807980e-05  -7.704469284568e-05
  -9.984900204551e-05  -2.082534691279e-07
   6.388647567219e-05   7.810476347894e-05
   4.663980014456e-05   1.546842329297e-05
   1.022990600195e-04  -3.774458020169e-05
  -2.014676665186e-04  -7.864150971001e-05
   4.671530644115e-05   6.071982716051e-05
  -3.200406873370e-05   4.278723283564e-05
   1.897257351109e-04   1.934699094438e-05
  -1.118661223143e-04  -9.006661432201e-05
  -5.691717690874e-05  -1.373665101305e-05
  -3.279698431385e-05   5.452726057503e-05
   9.239291147066e-05   5.052711695068e-05
   9.604204038001e-05  -2.917650791764e-05
  -1.450102201136e-04  -8.402532097129e-05
  -7.776802378944e-07   3.043944246037e-05
  -6.469954337602e-05   4.635736011190e-05
   2.161814926116e-04   4.868555232913e-05
  -9.813960269455e-05  -8.750562561793e-05
  -1.208439232669e-05  -2.665549654305e-05
  -1.225829811032e-04   2.354060750170e-05
   1.260367394551e-04   7.827861546122e-05
   7.161309000574e-05  -1.735196959892e-05
  -5.957808442792e-05  -7.506249507313e-05
  -5.924177185909e-05  -6.869353751772e-06
  -7.598364103946e-05   4.576649516830e-05
   1.992449328616e-04   6.801957338276e-05
  -5.782843271337e-05  -6.889129034854e-05
   2.307215675955e-05  -3.853028404233e-05
  -1.863150279015e-04  -9.083952380495e-06
   1.366249281438e-04   9.344025002362e-05
   3.875938313758e-05  -2.247841221605e-06
   3.609350307046e-05  -5.479093407575e-05
  -1.150230127441e-04  -4.475718696803e-05
  -6.735752012800e-05   4.044765139222e-05
   1.430409412126e-04   7.523655370299e-05
   2.860463553809e-06  -3.712943216846e-05
   4.159871679291e-05  -4.832310314010e-05
  -2.106570699981e-04  -3.761734382644e-05
   1.175575364532e-04   9.288291618942e-05
   7.787970228548e-06   1.528996456585e-05
   1.216146686245e-04  -2.801401780611e-05
  -1.531613322895e-04  -7.609700146232e-05
  -4.576194588262e-05   3.004893188531e-05
   5.995336051406e-05   7.041669373730e-05
   7.179119482977e-05   2.079945850811e-06
   4.262395138786e-05  -5.424703366023e-05
  -1.913485244420e-04  -5.755152177868e-05
   6.888526558966e-05   7.620437082893e-05
  -1.314563040212e-05   3.337681126155e-05
   1.796194653659e-04   2.084806639324e-08
  -1.615743531348e-04  -9.457779428682e-05
  -2.114116782427e-05   1.462741546504e-05
  -3.208107355819e-05   5.553600411562e-05
   1.336386433912e-04   4.151780450870e-05
   3.081145745756e-05  -5.411625604409e-05
  -1.341497590928e-04  -6.651234407409e-05
  -1.798685612475e-06   4.589358284246e-05
  -2.002497600508e-05   4.934265963282e-05
   1.994270273102e-04   2.478270885003e-05
  -1.347038432043e-04  -9.622117168127e-05
  -3.082875877486e-06  -5.044147165351e-06
  -1.135166480568e-04   3.396886192369e-05
   1.733961490702e-04   7.398356009789e-05
   1.420751930118e-05  -4.612052469041e-05
  -5.314623667427e-05  -6.457946791629e-05
  -8.038751784899e-05   7.046099415181e-06
  -1.385852678922e-05   6.026109375836e-05
   1.789738316658e-04   4.315558462811e-05
  -7.545931391812e-05  -8.044008209413e-05
   2.374101108543e-06  -2.713892094779e-05
  -1.676192610860e-04   9.825414179495e-06
   1.799031646499e-04   9.368057310212e-05
   1.348606519500e-06  -2.971229618259e-05
   3.303620256214e-05  -5.389183834469e-05
  -1.492271791715e-04  -3.341383124547e-05
  -2.185818530015e-07   6.353886201634e-05
   1.247792015324e-04   5.361981913921e-05
   5.138143031169e-06  -5.024465689902e-05
  -5.339188515022e-06  -4.862705236221e-05
  -1.843551707056e-04  -1.285156059956e-05
   1.487158995924e-04   9.720465889638e-05
  -1.446428983175e-06  -6.204935538998e-06
   1.059182924357e-04  -3.772121386102e-05
  -1.914097408617e-04  -6.798431497827e-05
   1.257768427433e-05   5.743546785104e-05
   5.012601901078e-05   5.606514567914e-05
   9.043308816521e-05  -1.150769589184e-05
  -2.133845364913e-05  -6.555309789897e-05
  -1.626691956630e-04  -3.090419900124e-05
   8.369358889152e-05   8.405804796700e-05
   8.075298338227e-06   2.120119028099e-05
   1.514294673033e-04  -1.941114351611e-05
  -1.952578573897e-04  -9.013784222224e-05
   1.627678335255e-05   4.149880625427e-05
  -2.807924512923e-05   5.145077784775e-05
   1.619495827602e-04   2.843609777527e-05
  -3.718284506070e-05  -7.382429743553e-05
  -1.104049136737e-04  -4.264354774214e-05
  -3.206099502996e-06   5.669472024159e-05
   2.744482022128e-05   4.798388167644e-05
   1.627115331938e-04  -1.588249220999e-06
  -1.576598460823e-04  -9.580928568393e-05
   5.702022307443e-06   1.692087965240e-05
  -9.314824722808e-05   4.144999150564e-05
   2.035518609771e-04   6.238615703035e-05
  -4.391286203142e-05  -7.034306045013e-05
  -4.184960994547e-05  -4.795813717339e-05
  -9.411541295207e-05   2.011403118142e-05
   5.007074892481e-05   6.922771744545e-05
   1.409632161092e-04   1.412977824283e-05
  -8.518760406144e-05  -8.435146392982e-05
  -1.904911534959e-05  -1.327245175458e-05
