   0.000000000000e+00   0.000000000000e+00
  -1.172356610798e-04   3.438985056485e-05
   1.933214724964e-04   7.490579966528e-05
  -1.311739347266e-05  -5.543619279078e-05
  -3.394297009401e-05  -5.750189075690e-05
  -1.028090305650e-04   5.533086420178e-06
   1.789644735905e-05   6.732851846862e-05
   1.568554263835e-04   3.323597691250e-05
  -6.585105740264e-05  -7.909470497990e-05
  -1.053484083772e-05  -2.628661969922e-05
  -1.590359951498e-04   1.469029385498e-05
   1.903551029987e-04   9.320988944383e-05
  -1.424110930093e-05  -3.715552097555e-05
   4.364367585722e-05  -5.038237234223e-05
  -1.710001971001e-04  -3.430107421164e-05
   3.277710087964e-05   7.249228686892e-05
   1.011377588015e-04   4.370669220944e-05
   2.312247460676e-05  -4.850073439238e-05
  -3.138328453324e-05  -5.189667979273e-05
  -1.650280756664e-04  -4.209990634151e-06
   1.476866234374e-04   9.542455140723e-05
  -1.490898231244e-06  -1.040903007609e-05
   1.041395073794e-04  -3.899533657015e-05
  -2.067697914077e-04  -6.746474083554e-05
   3.901169056525e-05   6.643834519661e-05
   3.151505069699e-05   4.837190529793e-05
   1.114788800507e-04  -1.045320659736e-05
  -5.442185904383e-05  -7.195368045607e-05
  -1.373302428404e-04  -2.010375267899e-05
   7.230619029889e-05   8.158039842405e-05
   2.371596848988e-05   2.080631362528e-05
   1.367410146404e-04  -2.559540855510e-05
  -2.004920123839e-04  -8.793162873448e-05
   2.985174920326e-05   4.880097216597e-05
  -3.607242286827e-05   4.781137666387e-05
   1.802175691512e-04   2.786099191153e-05
  -6.952073765042e-05  -8.174540951183e-05
  -8.579543400094e-05  -3.195030427959e-05
  -2.105231945097e-05   5.450438312063e-05
   5.520971577661e-05   5.113600278748e-05
   1.380986049558e-04  -1.164382443779e-05
  -1.520793665089e-04  -9.231670652786e-05
   3.228060508617e-06   2.125228816111e-05
  -8.743915266030e-05   4.290496613733e-05
   2.142384087002e-04   5.972387492557e-05
  -6.797656519336e-05  -7.800570226954e-05
  -2.493655229087e-05  -3.978461091912e-05
  -1.128601454319e-04   1.930174597114e-05
   8.354413246975e-05   7.497688834248e-05
   1.122349237115e-04   2.181316844312e-06
  -7.120737225312e-05  -8.060704839221e-05
  -3.683873506145e-05  -1.242491766728e-05
  -1.133874495946e-04   3.463199932991e-05
   2.056667611361e-04   8.010291488717e-05
  -4.549890054672e-05  -6.001267428431e-05
   3.024339670523e-05  -4.420966511940e-05
  -1.831443233375e-04  -1.755303154687e-05
   9.842256954462e-05   8.758490522411e-05
   6.876210728758e-05   1.558832982712e-05
   2.501509383535e-05  -5.599969443995e-05
  -8.075615597448e-05  -4.669162023282e-05
  -1.117133199049e-04   2.388078903933e-05
   1.556452072455e-04   8.635473791361e-05
  -3.843636990802e-06  -3.007054590684e-05
   6.820974920800e-05  -4.571840341065e-05
  -2.162701945064e-04  -4.945033182655e-05
   9.162012209508e-05   8.597005560969e-05
   2.005408394783e-05   2.818361445295e-05
   1.161639867425e-04  -2.392048017273e-05
  -1.158254695471e-04  -7.513418646901e-05
  -8.735463168939e-05   1.129008529505e-05
   7.423931854760e-05   7.841853183563e-05
   4.929123181151e-05   6.838873386419e-06
   8.348957063026e-05  -4.420248824788e-05
  -2.048838283576e-04  -7.100971276374e-05
   5.975282317358e-05   6.950280291792e-05
  -2.191123984973e-05   3.916921692208e-05
   1.832116777736e-04   9.396081084640e-06
  -1.299526688213e-04  -9.179509042286e-05
  -5.053316306990e-05  -2.760769148197e-06
  -2.158000373268e-05   5.860011710154e-05
   1.019519751014e-04   4.411392722282e-05
   7.728494175879e-05  -3.891951879822e-05
  -1.518119465175e-04  -7.922210552768e-05
   6.081893491310e-06   4.019646260312e-05
  -4.840662403093e-05   4.733666927299e-05
   2.126753345054e-04   3.828655392662e-05
  -1.154252216619e-04  -9.264711169733e-05
  -1.340904978747e-05  -1.791376109858e-05
  -1.115598873236e-04   3.104496351008e-05
   1.407004039001e-04   7.493026222986e-05
   5.618852829379e-05  -2.895042852263e-05
  -6.928816512031e-05  -7.398460034115e-05
  -5.938899218076e-05   2.594698091012e-06
  -5.594065289423e-05   5.128113460853e-05
   1.993553183195e-04   5.863643726612e-05
  -7.153618344595e-05  -7.674608667432e-05
   1.368826977042e-05  -3.339870292780e-05
  -1.767151647405e-04   9.484314337237e-07
   1.538624646048e-04   9.357958486624e-05
   2.964549473154e-05  -1.391796640994e-05
   2.423713357243e-05  -5.782923925733e-05
  -1.218456144528e-04  -3.682700852640e-05
  -4.687813005447e-05   4.968729758866e-05
   1.472056078498e-04   6.832178949614e-05
  -5.249244704295e-06  -4.663008798990e-05
   2.522026947711e-05  -4.763568561592e-05
  -2.037899012615e-04  -2.644858203761e-05
   1.346250353764e-04   9.649520138882e-05
   7.022282156655e-06   5.399497339147e-06
   1.086846978017e-04  -3.497104059446e-05
  -1.652880293734e-04  -7.077353830022e-05
  -2.842083686012e-05   4.160640106550e-05
   6.826635540096e-05   6.718936893966e-05
   7.022009602968e-05  -7.794676286147e-06
   2.165513531327e-05  -5.816850349242e-05
  -1.884355856664e-04  -4.692629895740e-05
   8.330486947955e-05   8.286768720593e-05
  -4.966115674990e-06   2.686249004139e-05
   1.670155356779e-04  -1.006424051243e-05
  -1.768816847011e-04  -9.262483102131e-05
  -1.010867098164e-05   2.674872725415e-05
  -2.007290854470e-05   5.674861281895e-05
   1.384024571147e-04   3.256509000575e-05
   8.658104602427e-06  -6.210524504053e-05
  -1.361129656068e-04  -5.812623183453e-05
   8.116017735053e-06   5.482777866550e-05
  -3.958492714523e-06   4.725865011080e-05
   1.888307997834e-04   1.288344664610e-05
  -1.507255704263e-04  -9.797677927471e-05
  -5.278164920514e-07   5.827383358085e-06
  -9.895156488334e-05   3.971531707236e-05
   1.833316048484e-04   6.711448571602e-05
  -5.295668261054e-06  -5.699383050744e-05
  -6.039314890043e-05  -5.985932333852e-05
  -7.601822397890e-05   1.717554852336e-05
   7.526125732957e-06   6.293767845247e-05
   1.721854139038e-04   3.113373872140e-05
  -8.983915007459e-05  -8.575525729545e-05
  -4.289881986897e-06  -1.911920431557e-05
  -1.523083420415e-04   1.945131477457e-05
   1.932368010141e-04   8.980644216326e-05
  -1.196111303300e-05  -4.181573115670e-05
   2.079552325945e-05  -5.375613256233e-05
  -1.505826240558e-04  -2.336970009147e-05
   2.287832092384e-05   7.054794480089e-05
   1.234138187026e-04   4.332249621109e-05
  -5.745753889179e-06  -5.849693961457e-05
  -2.035348527869e-05  -4.462719005834e-05
  -1.705853043185e-04  -6.932380930050e-07
   1.634559510306e-04   9.690611417230e-05
  -6.032290975162e-06  -1.767764518609e-05
   8.979049282310e-05  -4.241983017785e-05
  -1.978897188376e-04  -5.937666804226e-05
   3.342687105461e-05   6.769819440534e-05
   5.521717963634e-05   4.920877207516e-05
   8.416046394334e-05  -2.168507312934e-05
  -4.232218275960e-05  -6.614960519311e-05
  -1.528493186382e-04  -1.805043785395e-05
   9.795552514522e-05   8.752269900063e-05
   1.318479918177e-05   1.211245327716e-05
   1.333502913339e-04  -2.845865446018e-05
  -2.056652317359e-04  -8.421229736023e-05
   3.129958589230e-05   5.349196546755e-05
  -1.646066540847e-05   4.931010153731e-05
   1.606298089498e-04   1.760686533073e-05
  -6.062383447897e-05  -7.892021469915e-05
  -1.066300348752e-04  -3.111576205379e-05
   9.004134706713e-06   6.366368733950e-05
   4.144177637644e-05   4.262943607212e-05
   1.452983252857e-04  -1.379586470376e-05
  -1.704521996596e-04  -9.351606838294e-05
   1.234270704502e-05   2.892484689607e-05
  -7.612514007573e-05   4.458825049033e-05
   2.068926367675e-04   5.229621205392e-05
  -6.578637072980e-05  -7.917549325311e-05
  -4.547064120507e-05  -3.962374024412e-05
  -8.513137737967e-05   2.985176333976e-05
   7.053448458122e-05   6.834815311085e-05
   1.271709799868e-04   5.189886788506e-07
  -9.874710046664e-05  -8.618544125110e-05
  -2.188327411588e-05  -2.931100084028e-06
  -1.122703582614e-04   3.620564700341e-05
   2.123722057126e-04   7.665555329375e-05
  -5.167916121767e-05  -6.535001155856e-05
   1.503561672029e-05  -4.415729208929e-05
  -1.641364155717e-04  -7.667994277461e-06
   9.037620998182e-05   8.425740594162e-05
   8.699299771188e-05   1.403993056300e-05
  -5.505015669395e-06  -6.451648429681e-05
  -6.385936609466e-05  -3.711118717408e-05
  -1.199627819730e-04   2.529653546483e-05
   1.750690984101e-04   8.720356264422e-05
  -1.769473632143e-05  -3.878956074233e-05
   6.146745059008e-05  -4.547019527534e-05
  -2.104223621013e-04  -4.208636792578e-05
   9.177615530216e-05   8.681658107582e-05
   3.673839942712e-05   2.644938073588e-05
   8.947484461805e-05  -3.345328278088e-05
  -1.018919728281e-04  -6.744969649273e-05
  -1.017271190139e-04   1.274896332547e-05
   1.021595624442e-04   8.306871904227e-05
   3.070634333467e-05  -3.677028560249e-06
   8.579303191781e-05  -4.386873547771e-05
  -2.135160460322e-04  -6.740583537747e-05
   6.934940237533e-05   7.464751439858e-05
  -1.081335380355e-05   3.717704500807e-05
   1.661840526623e-04   7.549778122598e-07
  -1.234637736436e-04  -8.777277129424e-05
  -6.637279452016e-05  -8.991392746547e-07
   8.639755280677e-06   6.590180617316e-05
   8.311259132526e-05   3.381815496498e-05
   8.674632612146e-05  -3.897913208423e-05
  -1.727765300684e-04  -7.972098845504e-05
   2.377866205722e-05   4.892636220480e-05
  -4.516140505682e-05   4.528477715328e-05
   2.088559710401e-04   3.201332454995e-05
  -1.190970236257e-04  -9.336093421579e-05
  -2.604661130372e-05  -1.532106683870e-05
  -8.580348610450e-05   3.944015302050e-05
   1.265517758949e-04   6.685953040328e-05
   6.919718466361e-05  -3.002598942360e-05
  -9.755648806835e-05  -7.799975749289e-05
  -3.739045204206e-05   1.341635130130e-05
  -6.051013104740e-05   4.959601356571e-05
   2.092698971122e-04   5.553648242711e-05
  -8.547605259259e-05  -8.225215149894e-05
   7.570743540914e-06  -3.001068748431e-05
  -1.611419811618e-04   8.784816363240e-06
   1.485877139349e-04   8.932268938577e-05
   4.198652921310e-05  -1.647519152538e-05
  -4.752401679545e-06  -6.407891674809e-05
  -1.009382501079e-04  -2.595567294108e-05
  -5.698592480955e-05   4.893380838087e-05
   1.683121891130e-04   6.848625166344e-05
  -2.684462672914e-05  -5.591630932460e-05
   2.668756801753e-05  -4.382238647300e-05
  -2.016596694395e-04  -2.057035635897e-05
   1.405166595341e-04   9.692784398061e-05
   1.504241450307e-05   1.295898076245e-06
   8.545495989539e-05  -4.188987412864e-05
  -1.510531771147e-04  -6.204297657803e-05
  -4.024462889771e-05   4.236342149483e-05
   9.558190015622e-05   7.010222636014e-05
   4.569038404288e-05  -1.902539062290e-05
   2.934788569959e-05  -5.474060103802e-05
  -1.997315933935e-04  -4.384320067819e-05
   1.000067453628e-04   8.798801042441e-05
  -3.417008553437e-06   2.164248683913e-05
   1.543977182220e-04  -1.623870712529e-05
  -1.735379370757e-04  -8.787363923879e-05
  -1.944676641797e-05   2.944441508552e-05
   7.185817445750e-06   6.147681101435e-05
   1.166426790979e-04   2.160466492596e-05
   1.936373595741e-05  -6.011890249530e-05
  -1.575994578461e-04  -5.794252210689e-05
   3.247872145690e-05   6.373609657909e-05
  -8.996207827113e-06   4.177441262345e-05
   1.890113552997e-04   8.400564944126e-06
  -1.599028166569e-04  -9.822423721207e-05
  -4.111504546850e-06   1.054538872184e-05
  -7.784064728988e-05   4.513219075245e-05
   1.696818235886e-04   5.852389662487e-05
   4.435738346293e-06  -5.740894461225e-05
  -8.654280101779e-05  -6.199278448550e-05
  -4.934866144824e-05   2.820919899804e-05
  -2.165962338253e-06   5.827741404177e-05
   1.843374584950e-04   2.870649083581e-05
  -1.100572103084e-04  -9.092478335066e-05
  -8.270527788665e-07  -1.280620031853e-05
  -1.418109697795e-04   2.447215399431e-05
   1.913924049938e-04   8.515387104347e-05
  -6.743794664936e-06  -4.513598070622e-05
  -3.702287832908e-06  -5.719620147351e-05
  -1.279232719563e-04  -1.234289023875e-05
   1.198584470625e-05   6.780665629388e-05
   1.440544496238e-04   4.280121452632e-05
  -3.274187723431e-05  -6.743769021139e-05
  -1.094941831302e-05  -3.770875930040e-05
  -1.724566331864e-04   3.118171328142e-06
   1.745148196319e-04   9.695927322776e-05
  -7.406906060651e-06  -2.371588300337e-05
   7.242468944472e-05  -4.609945110418e-05
  -1.849176290935e-04  -5.052999860430e-05
   2.532969599368e-05   6.774929823194e-05
   7.913236667299e-05   5.011006645378e-05
   5.638879741838e-05  -3.248437974376e-05
  -3.012903300453e-05  -6.004320247829e-05
  -1.657400585421e-04  -1.581389250504e-05
   1.200168551332e-04   9.214432857788e-05
   5.172970252202e-06   4.253954814750e-06
   1.264712760820e-04  -3.159327699448e-05
  -2.058913909045e-04  -7.927155956281e-05
   2.932494624781e-05   5.677567192975e-05
   5.050751374644e-06   5.101879176077e-05
   1.383879805236e-04   7.138282622019e-06
  -4.984183398528e-05  -7.514786200946e-05
  -1.265373749767e-04  -3.031716601098e-05
   3.745989173814e-05   7.186283905514e-05
   2.880859778491e-05   3.436920890101e-05
   1.494869016655e-04  -1.606483209340e-05
  -1.842330563723e-04  -9.334086513300e-05
   1.804775521074e-05   3.527398446925e-05
  -6.181276750267e-05   4.652667425238e-05
   1.953218040389e-04   4.412700799664e-05
  -6.035663747972e-05  -7.893453631526e-05
  -6.691493054570e-05  -3.973819786134e-05
  -5.661764278254e-05   3.997540286054e-05
   5.686283832085e-05   6.130971750953e-05
   1.403268671506e-04  -1.004331873310e-06
  -1.231471742297e-04  -9.056502671384e-05
  -9.339314447674e-06   5.621581909023e-06
  -1.079255429432e-04   3.795991935866e-05
   2.142652182133e-04   7.215309843041e-05
  -5.408454015532e-05  -6.912369268236e-05
  -2.529143247960e-06  -4.453105989672e-05
  -1.421464062105e-04   2.380702627324e-06
   7.990367701647e-05   7.992849460667e-05
   1.050608449658e-04   1.288436806263e-05
  -3.504205554802e-05  -7.226240986193e-05
  -4.761902046039e-05  -2.784768066507e-05
  -1.256758884250e-04   2.670422324055e-05
   1.902055058270e-04   8.693119988385e-05
  -2.821168824814e-05  -4.614516150980e-05
   5.170098049191e-05  -4.562451422148e-05
  -2.001412462479e-04  -3.404940799565e-05
   8.824444371715e-05   8.625053940651e-05
   5.482502702451e-05   2.526385700677e-05
   6.145502626696e-05  -4.275511695499e-05
  -8.656451685963e-05  -5.934532212289e-05
  -1.149653058645e-04   1.393295249327e-05
   1.273034214661e-04   8.676069473100e-05
   1.413296997010e-05  -1.332912331883e-05
   8.532749160998e-05  -4.371626042891e-05
  -2.173772792037e-04  -6.282380873502e-05
   7.487687943819e-05   7.823671883688e-05
   2.792594944006e-06   3.573408010541e-05
   1.459078971038e-04  -8.155857901477e-06
  -1.137954340607e-04  -8.265709244183e-05
  -8.276881373952e-05   4.136369847790e-07
   3.822243598824e-05   7.258088543982e-05
   6.438799157091e-05   2.371073009986e-05
   9.448814881676e-05  -3.885558286157e-05
  -1.898093972926e-04  -7.920869769966e-05
   3.807441913324e-05   5.626992637003e-05
  -3.905200890727e-05   4.361695944193e-05
   2.006970190913e-04   2.512351463961e-05
  -1.185617732324e-04  -9.254405581746e-05
  -4.070882146222e-05  -1.346205468889e-05
  -5.843277211396e-05   4.763867541271e-05
   1.104925668920e-04   5.827624478037e-05
   8.199096919567e-05  -3.052468686332e-05
  -1.236529936806e-04  -8.122678209671e-05
  -1.718602171096e-05   2.331701808296e-05
  -6.270992896712e-05   4.799281304013e-05
   2.148011932999e-04   5.167952450093e-05
  -9.522331134614e-05  -8.613905100015e-05
  -1.374918914658e-06  -2.735986980664e-05
  -1.421491391978e-04   1.684181974328e-05
   1.397379554291e-04   8.396769371244e-05
   5.563457659933e-05  -1.816291804793e-05
  -3.376345103648e-05  -6.992423747424e-05
  -7.966060345293e-05  -1.532840118397e-05
  -6.594176853258e-05   4.787893384028e-05
   1.860116610702e-04   6.795042687775e-05
  -4.530843529804e-05  -6.385835994836e-05
   2.542262883936e-05  -4.051988821466e-05
  -1.952063278235e-04  -1.416427562935e-05
   1.419591536241e-04   9.590161135623e-05
   2.549046217460e-05  -1.845755633724e-06
   6.014510280533e-05  -4.881210042227e-05
  -1.342825474502e-04  -5.281364721650e-05
  -5.251756141773e-05   4.243156280806e-05
   1.212268223964e-04   7.251651778856e-05
   2.244354222987e-05  -2.946722525656e-05
   3.526026133097e-05  -5.139215339045e-05
  -2.069202647409e-04  -4.011254118506e-05
   1.124377580558e-04   9.157953337556e-05
   9.774013962926e-07   1.723937925903e-05
   1.382715932671e-04  -2.272203496293e-05
  -1.660674571015e-04  -8.199151638553e-05
  -3.074796484996e-05   3.115271101216e-05
   3.483988535347e-05   6.598189642234e-05
   9.397004301776e-05   1.074253434465e-05
   2.979906629954e-05  -5.767709010846e-05
  -1.762199204975e-04  -5.720164619967e-05
   5.381218791497e-05   7.135081757016e-05
  -1.159813380647e-05   3.675205803926e-05
   1.851925495840e-04   3.478995087057e-06
  -1.643635527689e-04  -9.697671922754e-05
  -1.061789128620e-05   1.416135157396e-05
  -5.444893782217e-05   5.060101320173e-05
   1.530905719212e-04   4.936415557613e-05
   1.551637216306e-05  -5.687872803362e-05
  -1.117184847730e-04  -6.382113121573e-05
  -2.366949404320e-05   3.844618602516e-05
  -1.057312316097e-05   5.358823722722e-05
   1.929959286373e-04   2.589009755959e-05
  -1.261241961074e-04  -9.458878304884e-05
  -3.754209089266e-07  -7.457660201532e-06
  -1.278012368477e-04   2.975031190515e-05
   1.852236301889e-04   7.942123737610e-05
   1.089492312289e-06  -4.721158452372e-05
  -2.923405606409e-05  -6.063900473293e-05
  -1.039101359838e-04  -1.455002161542e-06
   7.714480680248e-07   6.450789580028e-05
   1.625236739710e-04   4.206579720924e-05
  -5.715525326026e-05  -7.519982509144e-05
  -3.715958192340e-06  -3.135548742745e-05
  -1.705485633596e-04   7.266512282850e-06
   1.808533807706e-04   9.566564546789e-05
  -5.603783384169e-06  -2.849279615507e-05
   5.243477634825e-05  -5.002264733195e-05
  -1.685378499133e-04  -4.114987707233e-05
   1.527738640984e-05   6.678267852527e-05
   1.026535087994e-04   5.101661496323e-05
   2.902641955668e-05  -4.266288411481e-05
  -1.856205678576e-05  -5.390921436802e-05
  -1.755972687179e-04  -1.331297838716e-05
   1.380692844140e-04   9.543176889730e-05
   3.337343805026e-08  -2.620159686365e-06
   1.161814877235e-04  -3.505429104436e-05
  -2.014814221771e-04  -7.327105097920e-05
   2.420684312134e-05   5.875254188181e-05
   2.794616528088e-05   5.291912923832e-05
   1.143022162642e-04  -3.344245555035e-06
  -3.787547301452e-05  -7.069952305068e-05
  -1.449308922077e-04  -2.945725347210e-05
   6.358242284583e-05   7.900338858328e-05
   1.793092128490e-05   2.658790387759e-05
   1.504274221567e-04  -1.856041934768e-05
  -1.932915602285e-04  -9.185383067965e-05
   2.024547318074e-05   4.028155902345e-05
  -4.478727837950e-05   4.875411352047e-05
   1.800991463722e-04   3.538280576502e-05
  -5.217940546502e-05  -7.748350667055e-05
  -8.868261528108e-05  -4.005035670234e-05
  -2.818509982867e-05   4.951550937180e-05
   4.327631466387e-05   5.412872669592e-05
   1.512362545455e-04  -2.519254595320e-06
  -1.438860379003e-04  -9.370530759235e-05
   3.205941018473e-07   1.309182212698e-05
  -1.003286232421e-04   3.998059740237e-05
   2.115566801016e-04   6.669835938250e-05
  -5.286478802190e-05  -7.141499757208e-05
  -2.203972422779e-05  -4.531016049760e-05
  -1.179589625950e-04   1.241621345008e-05
   6.769855562155e-05   7.484729763236e-05
   1.224093460401e-04   1.201258168373e-05
  -6.283005026564e-05  -7.912025312984e-05
  -3.277404950882e-05  -1.914104859739e-05
  -1.285254584866e-04   2.822985686786e-05
   2.008631942547e-04   8.556633250115e-05
  -3.515747803751e-05  -5.208301015085e-05
   3.902831508574e-05  -4.624069667641e-05
  -1.859337078560e-04  -2.549123556147e-05
   8.148609735487e-05   8.445488550929e-05
   7.382366976226e-05   2.457557027736e-05
   3.291760919122e-05  -5.167718294897e-05
  -7.066121055120e-05  -5.110807621286e-05
  -1.265357515702e-04   1.498456710725e-05
   1.491317970984e-04   8.945546704357e-05
   1.436340393531e-07  -2.194600501389e-05
   8.189178013699e-05  -4.388216015310e-05
  -2.165754346034e-04  -5.735213610811e-05
   7.643146664009e-05   8.035033767517e-05
   1.861844652865e-05   3.486567117812e-05
   1.230476257249e-04  -1.720247273260e-05
  -1.016315752278e-04  -7.671482963016e-05
  -9.914296398152e-05   1.301943638908e-06
   6.641725066587e-05   7.854917728122e-05
   4.655574290245e-05   1.403647979252e-05
   1.000585067922e-04  -3.873333328174e-05
  -2.026093703646e-04  -7.769252567846e-05
   4.865504572086e-05   6.218556226523e-05
  -3.007950666853e-05   4.243512726986e-05
   1.885653259875e-04   1.770320299192e-05
  -1.141902286248e-04  -9.037884519313e-05
  -5.695153852364e-05  -1.226966337869e-05
  -3.022210090182e-05   5.552954499116e-05
   9.332632313557e-05   4.944428248861e-05
   9.400380857898e-05  -3.062893748608e-05
  -1.469676460127e-04  -8.360154147184e-05
   5.614336326605e-07   3.213943283129e-05
  -6.224350273724e-05   4.663324561234e-05
   2.159476983364e-04   4.709147559489e-05
  -1.007400840457e-04  -8.846373589547e-05
  -1.297978896411e-05  -2.546824085388e-05
  -1.203387675629e-04   2.501647946825e-05
   1.279528322695e-04   7.774475879429e-05
   7.007189052068e-05  -1.910968030642e-05
  -6.205243432947e-05  -7.526307512167e-05
  -5.886631208995e-05  -5.185910441526e-06
  -7.322380549762e-05   4.671526181538e-05
   1.999532699979e-04   6.668738961459e-05
  -6.020434732179e-05  -7.038198675171e-05
   2.126095643848e-05  -3.785003626800e-05
  -1.847086038849e-04  -7.295651356657e-06
   1.392692241711e-04   9.357016965493e-05
   3.804260177294e-05  -4.062750083484e-06
   3.343495960233e-05  -5.564081013732e-05
  -1.158062244842e-04  -4.335544802538e-05
  -6.463438084866e-05   4.199668411518e-05
   1.446014810456e-04   7.437233234375e-05
   1.207548728881e-06  -3.894263234995e-05
   3.893725774162e-05  -4.832643629609e-05
  -2.098958205351e-04  -3.574271430287e-05
   1.205037635768e-04   9.369238051449e-05
   8.181986623630e-06   1.371978957057e-05
   1.190866439871e-04  -2.945865463926e-05
  -1.550647753136e-04  -7.521344141572e-05
  -4.349969446239e-05   3.201074527876e-05
   6.219781712380e-05   7.019518257021e-05
   7.123231413774e-05   2.105932218248e-07
   3.934743998837e-05  -5.501878848278e-05
  -1.915321862843e-04  -5.585532317270e-05
   7.162211897821e-05   7.761129374606e-05
  -1.148823111332e-05   3.234949732955e-05
   1.774971230591e-04  -1.883432737991e-06
  -1.643170424900e-04  -9.437875456882e-05
  -1.978700334711e-05   1.672513770395e-05
  -2.938121759610e-05   5.606743975059e-05
   1.343291668832e-04   3.986734430278e-05
   2.734162073728e-05  -5.561743979557e-05
  -1.352819568336e-04  -6.526185807897e-05
   2.376117176269e-07   4.772978842851e-05
  -1.716516405498e-05   4.908788489719e-05
   1.979489017297e-04   2.263167457134e-05
  -1.378177698425e-04  -9.677223788480e-05
  -3.020761930452e-06  -3.134675646972e-06
  -1.106400728038e-04   3.526496354355e-05
   1.752467069327e-04   7.279404096606e-05
   1.111438576279e-05  -4.817580845386e-05
  -5.515253885709e-05  -6.400535107034e-05
  -7.942186904673e-05   9.076970381409e-06
  -1.010784176221e-05   6.088703056844e-05
   1.783499770356e-04   4.103735471022e-05
  -7.839671748032e-05  -8.169448617096e-05
   9.216931246919e-07  -2.573752960153e-05
  -1.648863002490e-04   1.177643556928e-05
   1.826110023185e-04   9.313225416888e-05
  -7.479960560665e-07  -3.202611047468e-05
   3.029906359408e-05  -5.415154390415e-05
  -1.495058612484e-04  -3.146217537897e-05
   3.882778389476e-06   6.500503789090e-05
   1.251837067121e-04   5.185462100134e-05
   2.878171892046e-06  -5.205313886680e-05
  -8.279020264115e-06  -4.799495421189e-05
  -1.821140225663e-04  -1.047800298057e-05
   1.518404301107e-04   9.739972917144e-05
  -2.017152567748e-06  -8.408209164790e-06
   1.026705178640e-04  -3.886802354656e-05
  -1.928778410073e-04  -6.639051118711e-05
   1.634099401073e-05   5.955648878390e-05
   5.166375702909e-05   5.496926728867e-05
   8.919845484037e-05  -1.364469696944e-05
  -2.543921503438e-05  -6.584328208378e-05
  -1.612719125405e-04  -2.843839772801e-05
   8.675126347728e-05   8.501212211357e-05
   9.325830705458e-06   1.948213636975e-05
   1.479879768208e-04  -2.137129287501e-05
  -1.976523609023e-04  -8.914660065257e-05
   1.898877076680e-05   4.397493284702e-05
  -2.542501546574e-05   5.127741690745e-05
   1.618799804617e-04   2.623967302438e-05
  -4.183281451524e-05  -7.504543664274e-05
  -1.101698036341e-04  -4.046705486053e-05
  -6.519174297357e-07   5.833204563390e-05
   3.047612089377e-05   4.705385551936e-05
   1.595016680448e-04  -4.150793919976e-06
  -1.605788807580e-04  -9.559527506598e-05
   6.769602578859e-06   1.938661787383e-05
  -8.956728543915e-05   4.232846234790e-05
   2.045839800672e-04   6.041216242100e-05
  -4.830569888645e-05  -7.234659672168e-05
  -4.300824340294e-05  -4.644430693688e-05
  -9.238702098879e-05   2.226674897432e-05
   5.447966126929e-05   6.926428440645e-05
   1.384975427627e-04   1.130305800262e-05
  -8.818799543913e-05  -8.499327906450e-05
  -1.996207426708e-05  -1.119122280871e-05
  -1.282855452665e-04   2.998179833564e-05
   2.069905276428e-04   8.315778552661e-05
  -3.844673155501e-05  -5.659762153137e-05
   2.368015617398e-05  -4.734128721698e-05
  -1.684030194228e-04  -1.657202392957e-05
   7.205624737354e-05   8.163281339096e-05
   9.320262988541e-05   2.430558530778e-05
   4.659710343765e-06  -6.007687562947e-05
  -5.497132348198e-05  -4.300332663899e-05
  -1.359645536549e-04   1.604102511054e-05
   1.672247210570e-04   9.113102593355e-05
  -1.081992101522e-05  -2.940029095366e-05
   7.539917569816e-05  -4.446983414011e-05
  -2.113551682531e-04  -5.109834973638e-05
   7.425245457915e-05   8.110349606364e-05
   3.628813405735e-05   3.456161822194e-05
   9.831961373958e-05  -2.624323550552e-05
  -8.770806490634e-05  -7.021531228442e-05
  -1.149146714760e-04   1.900900524815e-06
   9.254365386589e-05   8.372887190441e-05
   3.031348455670e-05   5.010159615578e-06
   1.030879800958e-04  -3.877685010886e-05
  -2.110130758617e-04  -7.520234837795e-05
   5.536445221680e-05   6.667501048585e-05
  -1.835779025100e-05   4.180565798601e-05
   1.729303528602e-04   9.854910832852e-06
  -1.064720181598e-04  -8.707344158821e-05
  -7.426409965880e-05  -1.164950960603e-05
  -1.941581946721e-06   6.300364176251e-05
   7.584575512149e-05   4.061584366463e-05
   1.046972185525e-04  -3.052173738285e-05
  -1.669915889476e-04  -8.507719143736e-05
   1.532189682505e-05   3.976879803361e-05
  -5.892293703826e-05   4.565070920943e-05
   2.128328252828e-04   4.181617580422e-05
  -1.021427386962e-04  -8.932413730450e-05
  -2.696147987021e-05  -2.431806921158e-05
  -9.637566224549e-05   3.319858261212e-05
   1.139336871488e-04   7.089100636385e-05
   8.474642396357e-05  -1.946576075298e-05
  -8.891562743518e-05  -7.999846781210e-05
  -3.933627432861e-05   4.263100142500e-06
  -7.838432981906e-05   4.561987662016e-05
   2.099016364090e-04   6.468311768327e-05
  -7.124647730988e-05  -7.545711631853e-05
   1.416601015703e-05  -3.589148454677e-05
  -1.705571605958e-04  -4.470947998556e-08
   1.328850599705e-04   9.010983423875e-05
   5.228769443338e-05  -5.429651960812e-06
   6.031975437242e-06  -6.227024202085e-05
  -9.646131705458e-05  -3.392462361464e-05
  -7.600611347294e-05   4.124583004062e-05
   1.651842310863e-04   7.561396849537e-05
  -1.740062743378e-05  -4.731007888462e-05
   4.002893719989e-05  -4.571154241992e-05
  -2.086809890200e-04  -3.076030104569e-05
   1.242641358678e-04   9.440969698496e-05
   1.804269705882e-05   1.110698111611e-05
   9.737525022342e-05  -3.637382146219e-05
  -1.412093287686e-04  -6.778257515758e-05
  -5.713870828362e-05   3.217507372820e-05
   8.859034524809e-05   7.404290087589e-05
   4.922979182218e-05  -9.779918341364e-06
   4.744405321621e-05  -5.236608262326e-05
  -2.032014998248e-04  -5.386987457576e-05
   8.556275737924e-05   8.249335199373e-05
  -8.512021701913e-06   2.868506865474e-05
   1.661601513270e-04  -7.667028894373e-06
  -1.601118950569e-04  -9.060188907479e-05
  -3.125089117151e-05   1.832224520152e-05
  -3.281252979291e-06   6.146421199314e-05
   1.141941294390e-04   3.026234791246e-05
   3.929100109744e-05  -5.384613582956e-05
  -1.566510893750e-04  -6.623661261717e-05
   2.169745132557e-05   5.593560698920e-05
  -2.150557407596e-05   4.496611458365e-05
   1.990946756224e-04   1.889446532767e-05
  -1.450716980910e-04  -9.753702244411e-05
  -8.711037784651e-06   1.470332028388e-07
  -9.077848216805e-05   4.097717308959e-05
   1.620689634910e-04   6.546993268832e-05
   2.282705931221e-05  -4.819087375415e-05
  -8.080155066001e-05  -6.720601061057e-05
  -5.530011583715e-05   1.905698433828e-05
  -2.003529577432e-05   5.716802884955e-05
   1.911414318531e-04   3.964147938871e-05
  -9.601015778702e-05  -8.686815909334e-05
   2.668055926913e-06  -2.098013559680e-05
  -1.556110842070e-04   1.665312505286e-05
   1.800624285263e-04   8.948882872049e-05
   6.912555882702e-06  -3.437676712461e-05
   6.564172460910e-06  -5.842555685541e-05
  -1.286193168391e-04  -2.168838987522e-05
  -8.214103827142e-06   6.263054131793e-05
   1.461558791511e-04   5.254156468050e-05
  -2.133032780451e-05  -6.051207810857e-05
   1.472943516167e-07  -4.251473624463e-05
  -1.850913163665e-04  -7.254837189974e-06
   1.612052572688e-04   9.809020992415e-05
  -8.977720466018e-07  -1.305482421759e-05
   8.623315822230e-05  -4.303212264262e-05
  -1.806325769339e-04  -5.882282232136e-05
   6.215510235218e-06   5.934712944827e-05
   7.561489899101e-05   5.710785049082e-05
   6.389284986276e-05  -2.357592200876e-05
  -1.323132169299e-05  -6.083525442822e-05
  -1.750891146167e-04  -2.716870109365e-05
   1.064696522391e-04   8.984172420805e-05
   3.393883136701e-06   1.320964618956e-05
   1.421469496272e-04  -2.456103266257e-05
  -1.974858085423e-04  -8.533678492787e-05
   1.446774280661e-05   4.642122898055e-05
  -4.179271386372e-06   5.407782781034e-05
   1.413781846263e-04   1.687963400984e-05
  -2.995230235042e-05  -7.185595231398e-05
  -1.307790862094e-04  -4.088650743125e-05
   2.523335935158e-05   6.630414514151e-05
   1.909458911730e-05   4.030965801611e-05
   1.648098903311e-04  -6.011248393664e-06
  -1.729828214747e-04  -9.625358158344e-05
   9.828175356276e-06   2.445894789362e-05
  -7.583661064620e-05   4.503800751429e-05
   1.937950052539e-04   5.343161354129e-05
  -4.080878068887e-05  -7.207468727202e-05
  -6.489061710729e-05  -4.785962893406e-05
  -6.624561497670e-05   3.176867592740e-05
   4.096274941012e-05   6.342416103507e-05
   1.528207487073e-04   1.062995056825e-05
  -1.105367687474e-04  -8.980818313085e-05
  -9.702687623105e-06  -4.156240164085e-06
  -1.248384815562e-04   3.204690333599e-05
   2.086703880189e-04   7.977478445457e-05
  -3.813851380318e-05  -5.972836040852e-05
   5.988909270693e-06  -4.891490791952e-05
  -1.482254173831e-04  -7.457013227382e-06
   6.057665255251e-05   7.800047018680e-05
   1.124099372949e-04   2.435438968037e-05
  -2.256063198090e-05  -6.782205216452e-05
  -4.022772201840e-05  -3.526897879580e-05
  -1.428551103857e-04   1.722815536283e-05
   1.812878936466e-04   9.178407202819e-05
  -1.845362234484e-05  -3.560889049819e-05
   6.587940705002e-05  -4.554750521795e-05
  -2.020840670609e-04  -4.418677448824e-05
   6.870245481965e-05   8.064031313798e-05
   5.535394595242e-05   3.478022475545e-05
   7.246929823985e-05  -3.513257309796e-05
  -7.278166387362e-05  -6.342213318676e-05
  -1.295252110313e-04   2.348846690920e-06
   1.160076842618e-04   8.805500503193e-05
   1.626024710628e-05  -3.187202763151e-06
   1.033039817372e-04  -3.912482076713e-05
  -2.149946027709e-04  -7.179071698886e-05
   5.819782235514e-05   6.977938146523e-05
  -4.106338406756e-06   4.175998555406e-05
   1.543472562415e-04   1.695899549269e-06
  -9.598939385703e-05  -8.285339020213e-05
  -9.209318435496e-05  -1.148738609352e-05
   2.566508086193e-05   6.995632285273e-05
   5.880658764212e-05   3.202583834517e-05
   1.135826911800e-04  -3.037803617085e-05
  -1.833295530253e-04  -8.562692998765e-05
   2.670661140759e-05   4.613194688512e-05
  -5.267314489131e-05   4.514761050501e-05
   2.056978820348e-04   3.591632461939e-05
  -9.968713717584e-05  -8.885322991541e-05
  -4.294059568235e-05  -2.385746964876e-05
  -7.096505056873e-05   4.127298504269e-05
   9.841566245947e-05   6.364435669652e-05
   9.909617996153e-05  -1.939413312953e-05
  -1.137098191519e-04  -8.404318003364e-05
  -2.175704114371e-05   1.284453303106e-05
  -8.106528667956e-05   4.474900740413e-05
   2.157406918798e-04   6.193961388813e-05
  -7.829907798700e-05  -7.909578337663e-05
   4.225491559036e-06  -3.468155268294e-05
  -1.532387964167e-04   7.494752399737e-06
   1.233429673918e-04   8.571404447563e-05
   6.774754370220e-05  -6.051246242810e-06
  -2.135129913445e-05  -6.859041393126e-05
  -7.706269235122e-05  -2.475823385260e-05
  -8.608375861563e-05   4.035999186307e-05
   1.825446972250e-04   7.619404361480e-05
  -3.288811955274e-05  -5.446572451421e-05
   3.830089421808e-05  -4.367760461438e-05
  -2.034226441063e-04  -2.521054636320e-05
   1.239186365974e-04   9.384366778951e-05
   3.029792825879e-05   9.384342855582e-06
   7.373476148326e-05  -4.337642505390e-05
  -1.252364060835e-04  -5.994326909386e-05
  -7.107733261783e-05   3.181366555187e-05
   1.133896084346e-04   7.745007094855e-05
   2.869280585304e-05  -1.904258777978e-05
   5.359765442155e-05  -4.991722773523e-05
  -2.110089498175e-04  -5.122908203353e-05
   9.543737903481e-05   8.600748043595e-05
  -2.636866273524e-06   2.583709126740e-05
   1.515204474441e-04  -1.382997571021e-05
  -1.522151645707e-04  -8.583845513949e-05
  -4.455536811625e-05   1.906659205864e-05
   2.318868685557e-05   6.671396886085e-05
   9.348069414225e-05   2.076976816268e-05
   5.075505867105e-05  -5.178338269012e-05
  -1.753182241968e-04  -6.667612802501e-05
   4.015540692266e-05   6.297219700122e-05
  -2.326373848527e-05   4.138090727950e-05
   1.964442651872e-04   1.466129628694e-05
  -1.479683207889e-04  -9.697843752073e-05
  -1.726714064106e-05   2.412465941985e-06
  -6.874131286629e-05   4.683116390500e-05
   1.463643425070e-04   5.765411036397e-05
   3.566927481520e-05  -4.743890005274e-05
  -1.055384074402e-04  -7.014743303618e-05
  -3.232521085221e-05   2.831294967045e-05
  -2.845638307500e-05   5.355725296504e-05
   2.005978770207e-04   3.781382103213e-05
  -1.096792203295e-04  -9.070274931159e-05
   1.361255353494e-06  -1.716432781204e-05
  -1.429733334433e-04   2.188159589691e-05
   1.736008930815e-04   8.488461767592e-05
   1.702418120406e-05  -3.564250654668e-05
  -1.817466377483e-05  -6.276596060607e-05
  -1.066898593598e-04  -1.204088419823e-05
  -2.037298815247e-05   5.987327449189e-05
   1.650510548001e-04   5.299215812489e-05
  -4.297063030612e-05  -6.792398859535e-05
   6.246845361846e-06  -3.764608330791e-05
  -1.844431956513e-04  -3.607881877320e-06
   1.661807154052e-04   9.757109732952e-05
   3.341489870901e-06  -1.654851600826e-05
   6.725829328928e-05  -4.751716358648e-05
  -1.653826987308e-04  -5.076889534736e-05
  -5.614688929971e-06   5.830215793973e-05
   9.920401277124e-05   5.925874424928e-05
   3.916775669805e-05  -3.296397949620e-05
  -1.907005624698e-06  -5.591210371142e-05
  -1.859945328932e-04  -2.556714193288e-05
   1.223718429962e-04   9.347110773159e-05
   4.114223810001e-07   7.887755800592e-06
   1.329935474831e-04  -2.816587595703e-05
  -1.930943923643e-04  -8.056432826505e-05
   6.992281265488e-06   4.772112744792e-05
   1.843629164229e-05   5.711353305928e-05
   1.193421275259e-04   7.486621255330e-06
  -1.720190949092e-05  -6.815411783507e-05
  -1.499418452671e-04  -4.120483040995e-05
   4.880997932085e-05   7.333194897682e-05
   9.676452954598e-06   3.409199805570e-05
   1.669434924554e-04  -8.194513995639e-06
  -1.809972320654e-04  -9.572774685098e-05
   9.460049344167e-06   2.830442349736e-05
  -5.943044894583e-05   4.811742577914e-05
   1.797296579831e-04   4.590758244095e-05
  -3.086816077232e-05  -7.078076728355e-05
  -8.710854272311e-05  -4.946496547070e-05
  -4.032734230209e-05   4.076952981893e-05
   2.783470838543e-05   5.755950359775e-05
   1.649294686086e-04   9.870572006546e-06
  -1.294120662336e-04  -9.351727529717e-05
  -2.386583254843e-06   1.848220478265e-06
  -1.181773173606e-04   3.448793737913e-05
   2.061114537712e-04   7.550647419360e-05
  -3.442441588772e-05  -6.155434981505e-05
  -1.362624811896e-05  -5.092036481282e-05
  -1.261257595668e-04   1.687015942402e-06
   4.770843956219e-05   7.377999714925e-05
   1.308946047271e-04   2.460905345121e-05
  -4.804543933551e-05  -7.479510057931e-05
  -2.708380125322e-05  -2.811110916231e-05
  -1.469018189073e-04   1.865545964883e-05
   1.911554033172e-04   9.143131351374e-05
  -2.259264227149e-05  -4.053197616044e-05
   5.347543145646e-05  -4.714855939995e-05
  -1.892355790095e-04  -3.675570126723e-05
   6.024517177215e-05   7.912757866483e-05
   7.531495108718e-05   3.545332119540e-05
   4.624814048675e-05  -4.372517302624e-05
  -5.760085839789e-05  -5.658587781385e-05
  -1.424594937398e-04   2.780619488343e-06
   1.363150973464e-04   9.147783221524e-05
   4.882417856524e-06  -1.041087089990e-05
   1.005401736534e-04  -3.988622720296e-05
  -2.146606276957e-04  -6.753204209099e-05
   5.729028666484e-05   7.157466808459e-05
   1.236084232401e-05   4.229653741076e-05
   1.334378132833e-04  -6.644522937979e-06
  -8.338979158541e-05  -7.795352128385e-05
  -1.098669254979e-04  -1.165658874021e-05
   5.190091621045e-05   7.629025054946e-05
   4.290463708110e-05   2.388698575544e-05
   1.202408246843e-04  -3.035747671045e-05
  -1.957080157809e-04  -8.524587101903e-05
   3.447090552855e-05   5.119560893753e-05
  -4.353138342966e-05   4.519410163846e-05
   1.948915889260e-04   2.947327285522e-05
  -9.375008536423e-05  -8.721249535188e-05
  -6.046016934573e-05  -2.400660776195e-05
  -4.483017595403e-05   4.912233729026e-05
   8.214094254952e-05   5.623765941881e-05
   1.125726627490e-04  -1.906189465969e-05
  -1.358702910875e-04  -8.732378188931e-05
  -6.704256554877e-06   2.042042915986e-05
  -8.100919730795e-05   4.423396242579e-05
   2.174738681379e-04   5.847710832780e-05
  -8.137119798793e-05  -8.134896816733e-05
  -8.357409036536e-06  -3.421945977622e-05
  -1.333182058169e-04   1.521738072916e-05
   1.112527913972e-04   8.058775266904e-05
   8.389868857186e-05  -6.055019285230e-06
  -4.801929823075e-05  -7.449195121893e-05
  -5.837690156024e-05  -1.606958170441e-05
  -9.437865858543e-05   3.950788645831e-05
   1.963539725209e-04   7.607721739534e-05
  -4.489437171976e-05  -6.034401562643e-05
   3.363908966339e-05  -4.231583732794e-05
  -1.943833771619e-04  -1.915692422365e-05
   1.197909045338e-04   9.213117951733e-05
   4.459340478970e-05   8.500018867287e-06
   4.880767117224e-05  -5.036271447139e-05
  -1.079084897294e-04  -5.193459190744e-05
  -8.472860508202e-05   3.109845845371e-05
   1.360265396402e-04   8.034453584348e-05
   1.026285021527e-05  -2.741928457303e-05
   5.740767969193e-05  -4.784143715009e-05
  -2.148554614541e-04  -4.793604302617e-05
   1.011940615584e-04   8.819645284415e-05
   6.052410676415e-06   2.384483560569e-05
   1.340084142372e-04  -2.030942102071e-05
  -1.411889227922e-04  -8.029515396413e-05
  -5.918341472601e-05   1.909320705773e-05
   4.936816975082e-05   7.173261880501e-05
   7.295810629342e-05   1.159709374387e-05
   6.115995666686e-05  -4.963710246360e-05
  -1.908651649622e-04  -6.652438215046e-05
   5.518669776124e-05   6.878104408211e-05
  -2.222234336071e-05   3.845600600222e-05
   1.901198424791e-04   9.936654851811e-06
  -1.467265450416e-04  -9.522092627025e-05
  -2.839782199756e-05   3.721883300639e-06
  -4.510916257026e-05   5.275640481717e-05
   1.288485472459e-04   4.955454099486e-05
   4.905383251284e-05  -4.611307628847e-05
  -1.287551763795e-04  -7.273725193300e-05
  -1.119565935084e-05   3.669911045646e-05
  -3.489664236152e-05   5.023836666958e-05
   2.065197061507e-04   3.550469407035e-05
  -1.192291537539e-04  -9.321466035397e-05
  -3.028787691178e-06  -1.432895571027e-05
  -1.273221022298e-04   2.742706508740e-05
   1.637188813434e-04   7.948473760453e-05
   2.914727634425e-05  -3.595081330330e-05
  -4.329468778527e-05  -6.708103972229e-05
  -8.451658444836e-05  -2.718545555816e-06
  -3.197799288070e-05   5.694049024588e-05
   1.814146980677e-04   5.312402024454e-05
  -6.152547941091e-05  -7.420274747148e-05
   9.664529280353e-06  -3.352759019642e-05
  -1.801974370899e-04   4.781341515248e-07
   1.669166364032e-04   9.593425881872e-05
   1.052939053355e-05  -1.891805603568e-05
   4.621424160585e-05  -5.226959467326e-05
  -1.478251012543e-04  -4.243253863819e-05
  -1.855363371025e-05   5.661008231118e-05
   1.218482997929e-04   6.133619862675e-05
   1.574996755075e-05  -4.165228343716e-05
   7.944465010621e-06  -5.128508217490e-05
  -1.936957209650e-04  -2.356765847203e-05
   1.342262661196e-04   9.590537242431e-05
   5.279509616146e-07   3.593132768931e-06
   1.207237328698e-04  -3.219419343069e-05
  -1.848957691016e-04  -7.498732157513e-05
  -3.028174159410e-06   4.800245185478e-05
   4.186594967935e-05   6.032312999730e-05
   9.653076073615e-05  -1.757923573766e-06
  -4.246870485987e-06  -6.417416804303e-05
  -1.671385114052e-04  -4.132188930526e-05
   6.951956383275e-05   7.933821654830e-05
   2.664668809671e-06   2.856458474696e-05
   1.657881289646e-04  -1.077200089632e-05
  -1.846595687296e-04  -9.409246005118e-05
   5.763306995903e-06   3.095718808323e-05
  -4.072931948362e-05   5.154979062746e-05
   1.629995480136e-04   3.800143528967e-05
  -1.904593886180e-05  -6.866341632550e-05
  -1.090719552346e-04  -5.115817508525e-05
  -1.537992281400e-05   4.913095429408e-05
   1.573091324752e-05   5.188515215042e-05
   1.744455145191e-04   8.911874278711e-06
  -1.444732489245e-04  -9.609980974020e-05
   1.729704335422e-06   6.748147995222e-06
  -1.084037557144e-04   3.734225649259e-05
   1.996362291151e-04   7.046058154069e-05
  -2.761286557972e-05  -6.218859369586e-05
  -3.467728208155e-05  -5.329157781146e-05
  -1.028530435108e-04   1.069539849364e-05
   3.412585336692e-05   6.919294937632e-05
   1.481270678613e-04   2.495022669101e-05
  -7.117520186571e-05  -8.089656626471e-05
  -1.609516622083e-05  -2.170087239577e-05
  -1.478993738826e-04   2.041235097042e-05
   1.967886694266e-04   9.011009036652e-05
  -2.320817278721e-05  -4.417079624636e-05
   3.843551333295e-05  -4.927335792770e-05
  -1.733693620585e-04  -2.895404800634e-05
   4.942169472824e-05   7.674839205425e-05
   9.563668872900e-05   3.649190783040e-05
   2.039114140007e-05  -5.188037475316e-05
  -4.287932741439e-05  -4.993789038043e-05
  -1.532648082976e-04   3.321741710448e-06
   1.530811051404e-04   9.396490409375e-05
  -3.455638679668e-06  -1.655386073723e-05
   9.474091818677e-05  -4.113815574411e-05
  -2.102413481428e-04  -6.252092091885e-05
   5.290184994466e-05   7.216679285145e-05
   3.064933294586e-05   4.338378186572e-05
   1.108698038596e-04  -1.502845522952e-05
  -6.935816873823e-05  -7.261022430982e-05
  -1.270182080674e-04  -1.202485580565e-05
   7.613372401024e-05   8.191821179257e-05
   2.875638250879e-05   1.638568052760e-05
