   0.000000000000e+00   0.000000000000e+00
  -6.972038380960e-04  -1.160570757833e-04
   9.137063855106e-04   9.202463392130e-05
   7.732551797127e-05   2.366634514818e-04
   8.085770439838e-05  -2.565016081774e-04
  -7.090196519780e-04   1.244173800644e-04
  -9.083266476941e-05  -3.320451281795e-04
   4.947054972758e-04   4.440884917515e-04
   2.131150233889e-04  -2.530395227050e-04
   1.917152153530e-04   3.082030905142e-04
  -9.556631719559e-04  -4.645248682803e-04
   2.846568773169e-04   2.668931899545e-04
  -8.825516442249e-05  -1.423514427504e-04
   9.910840252980e-04   2.598654857298e-04
  -6.776870597572e-04  -1.037600532749e-04
  -5.207658738129e-05  -1.248592255792e-04
  -6.306118272971e-04   6.395801020760e-06
   7.860032789228e-04  -3.073378007979e-05
   2.433811805670e-04   3.433480112168e-04
  -8.564061941425e-05  -3.379699177755e-04
  -5.250942837798e-04   1.934986920387e-04
  -2.850068625321e-04  -3.868891423915e-04
   6.614622149225e-04   4.646823960802e-04
   7.214360140506e-05  -2.351507002544e-04
   3.171042148399e-04   2.646241785817e-04
  -1.047508672264e-03  -4.024957915952e-04
   3.425600946154e-04   1.890623087168e-04
  -1.172218589594e-04  -4.955367632443e-05
   9.635658122212e-04   1.521667243920e-04
  -5.944040677076e-04   1.104512138979e-05
  -1.492195584420e-04  -2.358828270105e-04
  -5.219973638403e-04   1.107240346029e-04
   6.400859311521e-04  -1.251759637251e-04
   4.076557239621e-04   4.139892761050e-04
  -2.428085911497e-04  -3.818558462963e-04
  -3.650995911624e-04   2.231214158907e-04
  -4.422790350296e-04  -4.018833433251e-04
   7.896384391298e-04   4.507136016429e-04
  -2.058430662744e-05  -1.893464077546e-04
   3.814958691886e-04   1.984945225061e-04
  -1.083814094677e-03  -3.246266596343e-04
   3.521803984071e-04   1.022023870195e-04
  -9.449060486515e-05   4.531299921016e-05
   8.949342037183e-04   5.365924941036e-05
  -4.900726009981e-04   1.060690448478e-04
  -2.651095459587e-04  -3.241454545396e-04
  -3.972291512485e-04   1.905552874702e-04
   4.995893639751e-04  -1.892369053433e-04
   5.512568986213e-04   4.519935943086e-04
  -3.764741810193e-04  -3.957759532585e-04
  -2.398906693172e-04   2.230932677376e-04
  -5.558202106283e-04  -3.884444809935e-04
   8.784927116352e-04   4.154873464531e-04
  -7.150473525007e-05  -1.302873549847e-04
   3.971766063181e-04   1.247116905750e-04
  -1.080007099278e-03  -2.453431776283e-04
   3.306454412802e-04   1.954332931018e-05
  -3.936561433029e-05   1.313710157019e-04
   8.061173196242e-04  -2.831222144957e-05
  -3.853263149878e-04   1.774591233560e-04
  -3.801882372686e-04  -3.880891461655e-04
  -2.741587798074e-04   2.463844207316e-04
   3.788190081854e-04  -2.266192935250e-04
   6.652588113801e-04   4.647772205979e-04
  -4.826934207638e-04  -3.897257529679e-04
  -1.502235955609e-04   2.045448005369e-04
  -6.277834180580e-04  -3.582018088382e-04
   9.344848851300e-04   3.709103212995e-04
  -9.204272919581e-05  -6.945075448488e-05
   3.789479056246e-04   5.362519135043e-05
  -1.052225426075e-03  -1.738467897667e-04
   2.946325349374e-04  -5.110357169827e-05
   3.132506698090e-05   2.032903361062e-04
   7.128708666354e-04  -9.188000387870e-05
  -2.940379805136e-04   2.263437595278e-04
  -4.821778356534e-04  -4.305743497218e-04
  -1.628953194809e-04   2.825055677442e-04
   2.842188253585e-04  -2.436718213717e-04
   7.478856567040e-04   4.607402971688e-04
  -5.639376483140e-04  -3.732963512534e-04
  -9.100971892713e-05   1.774169421856e-04
  -6.649527840051e-04  -3.208844505890e-04
   9.669765075331e-04   3.260665280850e-04
  -9.457986023281e-05  -1.461539903134e-05
   3.405411239226e-04  -8.683924309025e-06
  -1.014172904351e-03  -1.148747479610e-04
   2.577854685223e-04  -1.062337873719e-04
   1.048339562356e-04   2.596919800927e-04
   6.254364438379e-04  -1.385423225234e-04
  -2.240608809641e-04   2.564080595269e-04
  -5.646949486043e-04  -4.563637292040e-04
  -6.764089101535e-05   3.045828957331e-04
   2.167964294259e-04  -2.471939443014e-04
   8.014842852257e-04   4.474659736383e-04
  -6.257038151195e-04  -3.543080815606e-04
  -5.476454620256e-05   1.494228620405e-04
  -6.754677124624e-04  -2.836264617472e-04
   9.853215478524e-04   2.870562431854e-04
  -9.015673533965e-05   2.962737501193e-05
   2.929846103979e-04  -5.934559585743e-05
  -9.759547392300e-04  -7.004287252339e-05
   2.299982668339e-04  -1.451539531771e-04
   1.724639763404e-04   3.014761948787e-04
   5.494726442891e-04  -1.713566258291e-04
  -1.788489600260e-04   2.720846770333e-04
  -6.252513265985e-04  -4.703841305875e-04
   1.111626359309e-05   3.180760878969e-04
   1.744834151346e-04  -2.431799327767e-04
   8.300522984332e-04   4.309135552935e-04
  -6.740621193366e-04  -3.384287650436e-04
  -3.391123430511e-05   1.259483562826e-04
  -6.667895699100e-04  -2.511111030227e-04
   9.972567090272e-04   2.574857148260e-04
  -8.750145966518e-05   6.097157679818e-05
   2.442626684505e-04  -9.749229557065e-05
  -9.441054872771e-04  -3.917732909391e-05
   2.177372579408e-04  -1.686248993489e-04
   2.287522038463e-04   3.304637142378e-04
   4.874119874659e-04  -1.936513787164e-04
  -1.591498888706e-04   2.774139132860e-04
  -6.633920582051e-04  -4.767201799487e-04
   7.469450620812e-05   3.273973727880e-04
   1.539750380423e-04  -2.362689260435e-04
   8.375372953339e-04   4.152479898163e-04
  -7.141352751349e-04  -3.293256192397e-04
  -2.207889545791e-05   1.104020648965e-04
  -6.446735419919e-04  -2.260732987759e-04
   1.008222855313e-03   2.391594143356e-04
  -9.286149747746e-05   7.849655429980e-05
   1.996361968368e-04  -1.232284480182e-04
  -9.221440659447e-04  -2.136205135949e-05
   2.247521014597e-04  -1.778536850808e-04
   2.704594866848e-04   3.484561721989e-04
   4.397425491914e-04  -2.082302726923e-04
  -1.643703229397e-04   2.754352428358e-04
  -6.792949296434e-04  -4.781387371237e-04
   1.248322378245e-04   3.355639272484e-04
   1.519557332501e-04  -2.296209942406e-04
   8.268306237218e-04   4.029835289732e-04
  -7.492852110096e-04  -3.290064612559e-04
  -1.470159107575e-05   1.046725601288e-04
  -6.127991336885e-04  -2.098444475795e-04
   1.021224085786e-03   2.327101599867e-04
  -1.101969880647e-04   8.196222853561e-05
   1.621648575862e-04  -1.369002288520e-04
  -9.112105854451e-04  -1.562999183222e-05
   2.527669048874e-04  -1.738618939710e-04
   2.957031405280e-04   3.566765224418e-04
   4.059813214985e-04  -2.169484989099e-04
  -1.934781851259e-04   2.679281990927e-04
  -6.729011620890e-04  -4.759330831715e-04
   1.628307423581e-04   3.441238220637e-04
   1.657909295059e-04  -2.249893266353e-04
   7.992782461849e-04   3.952128441750e-04
  -7.807535418073e-04  -3.381345269871e-04
  -9.209750541235e-06   1.094948606522e-04
  -5.727587745634e-04  -2.027705506708e-04
   1.036920530606e-03   2.380427730896e-04
  -1.414345328613e-04   7.136588759316e-05
   1.331527095950e-04  -1.386786934698e-04
  -9.105422353637e-04  -2.132121139739e-05
   3.019434388729e-04  -1.571799014095e-04
   3.033852036551e-04   3.555039740136e-04
   3.852679700261e-04  -2.205356723136e-04
  -2.454396919075e-04   2.553535929686e-04
  -6.435380633613e-04  -4.699317886364e-04
   1.891486195112e-04   3.532003545087e-04
   1.938106414336e-04  -2.228385002273e-04
   7.545430266329e-04   3.917883946696e-04
  -8.075658336535e-04  -3.562078058086e-04
  -5.014065155129e-06   1.246388054360e-04
  -5.242084147601e-04  -2.044375392398e-04
   1.053770012974e-03   2.545536408098e-04
  -1.866155090677e-04   4.676381470756e-05
   1.123859206665e-04  -1.284294365811e-04
  -9.176949575747e-04  -3.815587153385e-05
   3.710458464662e-04  -1.278045656745e-04
   2.929587335036e-04   3.444275316863e-04
   3.765833063077e-04  -2.185780495518e-04
  -3.192322234941e-04   2.369086524439e-04
  -5.899722709094e-04  -4.585922479804e-04
   2.033655886025e-04   3.615760045327e-04
   2.352864398417e-04  -2.224351617740e-04
   6.907157732778e-04   3.913998963696e-04
  -8.266073605308e-04  -3.815704535149e-04
  -3.371400834141e-06   1.489050249891e-04
  -4.650933149624e-04  -2.136999544383e-04
   1.068143658719e-03   2.811325678374e-04
  -2.438813513392e-04   8.340690740965e-06
   9.813657063728e-05  -1.058419067646e-04
  -9.285190882754e-04  -6.606068167381e-05
   4.573218139646e-04  -8.537568675943e-05
   2.645179654258e-04   3.221754585252e-04
   3.786209245583e-04  -2.096250215347e-04
  -4.134734736867e-04   2.106766364246e-04
  -5.108467153439e-04  -4.391697771057e-04
   2.044608300805e-04   3.668044694296e-04
   2.901549886525e-04  -2.219004184232e-04
   6.046483227449e-04   3.915514733975e-04
  -8.328756082515e-04  -4.112813608173e-04
  -7.122736422185e-06   1.799667422747e-04
  -3.919550202168e-04  -2.285493369809e-04
   1.074430907233e-03   3.159765948487e-04
  -3.093258703629e-04  -4.329464679575e-05
   8.699114885925e-05  -7.080028754135e-05
  -9.369747773203e-04  -1.047738380388e-04
   5.561748697120e-04  -2.954779015692e-05
   2.191651224190e-04   2.870132454659e-04
   3.893483681946e-04  -1.914353485796e-04
  -5.257031846124e-04   1.739103584935e-04
  -4.054653002002e-04  -4.080101756343e-04
   1.913766193386e-04   3.653918589983e-04
   3.584954564015e-04  -2.182636915385e-04
   4.925503666186e-04   3.884926333844e-04
  -8.199966521908e-04  -4.409165977992e-04
  -2.021751624763e-05   2.141411805167e-04
  -3.003944272708e-04  -2.458903553340e-04
   1.065222061988e-03   3.562632470033e-04
  -3.768224844651e-04  -1.066147211853e-04
   7.364205692304e-05  -2.397538020444e-05
  -9.349435357791e-04  -1.532551518169e-04
   6.607549933753e-04   3.945775675562e-05
   1.595738083103e-04   2.372270417092e-04
   4.053147393148e-04  -1.614171171145e-04
  -6.513773645132e-04   1.235309337710e-04
  -2.748680340463e-04  -3.610492391983e-04
   1.638383053460e-04   3.531233095170e-04
   4.397439355209e-04  -2.075989314445e-04
   3.509353710931e-04   3.772069840569e-04
  -7.811415229247e-04  -4.644386143658e-04
  -4.690136081110e-05   2.462223612404e-04
  -1.858046199811e-04  -2.613271962852e-04
   1.031713978834e-03   3.977581249517e-04
  -4.380125428391e-04  -1.785349389279e-04
   5.086611425446e-05   3.241682573105e-05
  -9.122636334011e-04  -2.089605033703e-04
   7.616521993635e-04   1.201515612438e-04
   9.061853433772e-05   1.718123594214e-04
   4.208178634050e-04  -1.173307842202e-04
  -7.827113097624e-04   5.693421862760e-05
  -1.230678747776e-04  -2.946057287611e-04
   1.233626349575e-04   3.256238965548e-04
   5.316410191219e-04  -1.853553259064e-04
   1.779999361888e-04   3.516129244830e-04
  -7.104700795742e-04  -4.743239253873e-04
  -9.046413173738e-05   2.695535234213e-04
  -4.448578503669e-05  -2.691004375001e-04
   9.645211786285e-04   4.344749022713e-04
  -4.827138846215e-04  -2.537446002601e-04
   9.993063992650e-06   9.381978797710e-05
  -8.572742691790e-04  -2.671079452114e-04
   8.469342126023e-04   2.090032357522e-04
   1.986591460646e-05   9.135957403551e-05
   4.271498384242e-04  -5.830074418404e-05
  -9.076456172476e-04  -2.684215281263e-05
   4.180159545072e-05  -2.065096660211e-04
   7.430430588924e-05   2.792236026585e-04
   6.289719078700e-04  -1.470082303547e-04
  -2.455064248360e-05   3.051699658919e-04
  -6.051307493717e-04  -4.621830919040e-04
  -1.515452710623e-04   2.765432981851e-04
   1.248017256489e-04  -2.623459066192e-04
   8.550739263532e-04   4.585632651314e-04
  -5.000509782306e-04  -3.242144542150e-04
  -5.780046154545e-05   1.527492080829e-04
  -7.581606502478e-04  -3.201584870107e-04
   9.028053679270e-04   2.997477786455e-04
  -4.236686331895e-05  -9.408593172812e-07
   4.122905300717e-04   1.390325059633e-05
  -1.009392951359e-03  -1.256526473959e-04
   2.068292331773e-04  -9.750083429425e-05
   2.467286554227e-05   2.121336200001e-04
   7.222854545604e-04  -8.913511024582e-05
  -2.493922788003e-04   2.320846265308e-04
  -4.676215590804e-04  -4.200927047942e-04
  -2.261895617789e-04   2.598032588940e-04
   3.189181884914e-04  -2.338534132191e-04
   6.977156227061e-04   4.606607334982e-04
  -4.805658740237e-04  -3.792034933697e-04
  -1.591196550635e-04   1.987877181180e-04
  -6.052970329124e-04  -3.578310707442e-04
   9.151454851714e-04   3.830132283670e-04
  -8.376005401391e-05  -9.836606373859e-05
   3.615776773465e-04   9.351705867210e-05
  -1.067189960269e-03  -2.327424194401e-04
   3.546831115532e-04   2.733834890793e-05
  -1.367378394624e-05   1.258269433286e-04
   7.969690840179e-04  -1.094021467308e-05
  -4.816422251782e-04   1.292234299046e-04
  -3.079710666608e-04  -3.427321743546e-04
  -3.041217628235e-04   2.139670118875e-04
   5.283348534693e-04  -1.774562229282e-04
   4.924358109639e-04   4.309759353263e-04
  -4.193667282569e-04  -4.061777851314e-04
  -2.949339338126e-04   2.196088347602e-04
  -3.945348785185e-04  -3.680122739269e-04
   8.720701412756e-04   4.465885380081e-04
  -9.192974007559e-05  -1.901452732859e-04
   2.599550642355e-04   1.698052193072e-04
  -1.058903930490e-03  -3.357387438858e-04
   4.655015931709e-04   1.575557041287e-04
  -2.593505830751e-05   2.635430520713e-05
   8.332822414902e-04   8.391722612785e-05
  -6.979228686601e-04  -1.387757532077e-06
  -1.447981418483e-04  -2.301287930744e-04
  -3.679959456154e-04   1.380183443455e-04
   7.355719710481e-04  -9.005349477498e-05
   2.478555987881e-04   3.613241765267e-04
  -3.199315482316e-04  -3.930338812608e-04
  -4.566741475799e-04   2.033954649425e-04
  -1.309646592689e-04  -3.388398377305e-04
   7.673999433713e-04   4.766728227278e-04
  -5.779687130752e-05  -2.618592148511e-04
   9.623788650005e-05   2.271539845634e-04
  -9.658652040221e-04  -4.169009488584e-04
   5.206101566361e-04   2.773154653673e-04
   3.183781366237e-06  -7.485872980704e-05
   8.081341105625e-04   1.856081650322e-04
  -8.675987644784e-04  -1.500005130665e-04
  -4.041061166985e-06  -9.036593063192e-05
  -3.945404893455e-04   3.762629656474e-05
   9.148852414167e-04   2.596087950569e-05
  -1.637719426433e-05   2.481412630791e-04
  -1.975028787686e-04  -3.317658334095e-04
  -6.231174947350e-04   1.426671534474e-04
   1.678440881638e-04  -2.619702447175e-04
   6.045225317569e-04   4.603547063061e-04
   1.977734041144e-05  -2.973244367619e-04
  -1.307468759928e-04   2.470690146972e-04
  -7.795737507779e-04  -4.554348795881e-04
   5.078296617548e-04   3.670244220074e-04
   8.526887886247e-05  -1.613410801744e-04
   6.993774399797e-04   2.772957710724e-04
  -9.573891476524e-04  -2.975643118469e-04
   8.570363681595e-05   5.888623713081e-05
  -3.583902636518e-04  -7.335849850696e-05
   1.034161686608e-03   1.604114338751e-04
  -2.691409381673e-04   9.609266458268e-05
  -8.023693010001e-05  -2.231219363771e-04
  -7.599725735274e-04   3.886915949716e-05
   4.705803188671e-04  -1.365748253082e-04
   3.996141025170e-04   3.893084576373e-04
   1.289946105153e-04  -2.823896748715e-04
  -4.053866499044e-04   2.127029747074e-04
  -5.087840041324e-04  -4.323148588341e-04
   4.273584596942e-04   4.069791111222e-04
   2.225350605038e-04  -2.136722418611e-04
   4.929527044553e-04   3.362452527496e-04
  -9.399235807883e-04  -4.166211014297e-04
   1.014329992693e-04   1.914411751991e-04
  -2.388221606294e-04  -1.732944922918e-04
   1.059886697664e-03   2.941052508948e-04
  -4.710298367765e-04  -7.873915588005e-05
  -5.828620810397e-06  -8.087905873792e-05
  -8.241870910077e-04  -9.376911709677e-05
   7.344956685351e-04   2.697289770329e-05
   1.826766364091e-04   2.642230789501e-04
   2.416907135856e-04  -2.105422414976e-04
  -6.905663746130e-04   1.157393927007e-04
  -1.842326290384e-04  -3.371577896527e-04
   2.963670320395e-04   3.828412627029e-04
   4.018026456685e-04  -2.137786133735e-04
   1.921234256409e-04   3.379827857536e-04
  -8.052128031715e-04  -4.761342835368e-04
   3.614173981749e-05   2.774087984918e-04
  -2.856278140292e-05  -2.359496012398e-04
   9.654994893176e-04   3.998334847622e-04
  -5.825955979734e-04  -2.478318253744e-04
  -1.188654596275e-05   6.659358907320e-05
  -7.740769550210e-04  -2.272610404106e-04
   9.123956592039e-04   2.052563582017e-04
  -5.427272983903e-06   9.882334384152e-05
   3.143763624003e-04  -8.919554200942e-05
  -9.288502307987e-04  -3.599277788183e-05
   1.423773401577e-04  -1.753788490987e-04
   1.498952933163e-04   2.919048824668e-04
   5.902311134228e-04  -1.512872897333e-04
  -1.737568923516e-04   2.640079854223e-04
  -5.715693390653e-04  -4.507324438881e-04
  -9.207498283552e-05   2.917729029581e-04
   2.575002005102e-04  -2.368322640843e-04
   7.422962533742e-04   4.467805525600e-04
  -5.776512235272e-04  -3.735401175728e-04
  -1.205124194926e-04   1.801540945927e-04
  -5.841934953513e-04  -3.238622277749e-04
   9.642103703415e-04   3.635005501451e-04
  -1.214410788865e-04  -7.836860098680e-05
   2.968254538627e-04   5.587046629086e-05
  -1.053128592228e-03  -2.135149149644e-04
   4.077500775589e-04   2.737590322142e-05
   3.580741048158e-05   1.482235007877e-04
   7.358614245919e-04  -3.076887930539e-05
  -5.455692965013e-04   1.120277634545e-04
  -2.901689073672e-04  -3.326879998406e-04
  -2.370868894041e-04   2.248914683238e-04
   5.770791574260e-04  -1.618845133169e-04
   4.102466130854e-04   4.089136554708e-04
  -4.588005565510e-04  -4.184157798536e-04
  -3.213190944450e-04   2.206484178758e-04
  -2.608564637217e-04  -3.458678174718e-04
   8.711509928162e-04   4.619731398117e-04
  -1.338282318381e-04  -2.268257834767e-04
   1.495970561716e-04   1.816132535038e-04
  -1.007446929211e-03  -3.686083446939e-04
   5.546549809519e-04   2.268704832628e-04
   2.760375794115e-06  -1.592645983134e-05
   7.762547621613e-04   1.226842908030e-04
  -8.415559524798e-04  -9.473035592752e-05
  -3.702523402396e-05  -1.421169347082e-04
  -3.323910913388e-04   9.111823539460e-05
   8.625894985685e-04  -1.637590852315e-05
   2.399899457833e-05   2.764593821057e-04
  -2.685797549748e-04  -3.600348985500e-04
  -5.610976101292e-04   1.651113070557e-04
   1.482402328366e-04  -2.695837558932e-04
   6.483408452481e-04   4.670291504276e-04
  -3.995601622449e-05  -3.032772122679e-04
  -1.324914066495e-04   2.378347277707e-04
  -7.731795999538e-04  -4.457671718950e-04
   5.536514143675e-04   3.700549745619e-04
   8.245303624698e-05  -1.546520196285e-04
   6.571014647157e-04   2.633812574881e-04
  -9.791259634276e-04  -3.049281080868e-04
   1.103624402881e-04   7.105521430157e-05
  -3.107097887837e-04  -6.920424176929e-05
   1.033628520126e-03   1.694588249416e-04
  -3.320407300443e-04   6.719496506883e-05
  -8.688931661409e-05  -2.069335987320e-04
  -7.496448012359e-04   2.262255491332e-05
   5.572660510623e-04  -9.898475085411e-05
   3.501954457349e-04   3.647618520216e-04
   1.200905664139e-04  -2.774465168314e-04
  -5.003169675376e-04   1.867552527265e-04
  -3.894662164714e-04  -4.031816364762e-04
   4.207192696424e-04   4.119958083769e-04
   2.705587095349e-04  -2.203349585915e-04
   3.586484586070e-04   3.344581998577e-04
  -9.088423580984e-04  -4.493665270092e-04
   1.066450352734e-04   2.386808018846e-04
  -1.315616017519e-04  -1.980150713873e-04
   1.020220143176e-03   3.421072566876e-04
  -5.645799196764e-04  -1.683885348365e-04
  -7.184737928961e-06  -7.025971632286e-06
  -7.869009039188e-04  -1.591288158168e-04
   8.621116379023e-04   1.272841267971e-04
   6.268223759577e-05   1.729251270606e-04
   2.629958316104e-04  -1.504483482180e-04
  -8.482661359284e-04   2.646266938695e-05
   4.589757608445e-05  -2.356178558957e-04
   2.212252033555e-04   3.350879604847e-04
   5.139815787326e-04  -1.815420606465e-04
  -7.886062386824e-05   2.883998383172e-04
  -6.480026503315e-04  -4.661101239639e-04
  -3.162066940993e-05   2.993615272627e-04
   1.927199935049e-04  -2.382394575143e-04
   7.926262352749e-04   4.370482348256e-04
  -6.076521109006e-04  -3.552216906268e-04
  -9.314282342566e-05   1.613017271716e-04
  -6.060933622445e-04  -3.044344355641e-04
   9.742535701590e-04   3.413097954659e-04
  -1.209767029396e-04  -5.508800721237e-05
   2.847610442548e-04   3.292078673555e-05
  -1.042337464072e-03  -1.941147136868e-04
   4.038399263327e-04   1.269897973096e-05
   5.353998746395e-05   1.626824024916e-04
   7.140459355366e-04  -4.202007222200e-05
  -5.463694851285e-04   1.142494176843e-04
  -2.927731245202e-04  -3.334691204526e-04
  -2.185959442100e-04   2.282968055617e-04
   5.851079151529e-04  -1.581845615828e-04
   3.875920508564e-04   4.018289715613e-04
  -4.628523482981e-04  -4.193225717197e-04
  -3.328223040551e-04   2.194776726800e-04
  -2.153172140919e-04  -3.382202420606e-04
   8.584125088507e-04   4.658001692074e-04
  -1.385742114309e-04  -2.405986719266e-04
   1.080646040757e-04   1.897819516924e-04
  -9.774272359891e-04  -3.830905171673e-04
   5.749265293962e-04   2.561975601079e-04
   1.281018026458e-05  -4.103996556874e-05
   7.536433446681e-04   1.481605328258e-04
  -8.905767845507e-04  -1.412540625497e-04
   9.951676963415e-06  -9.365594460951e-05
  -3.265125269164e-04   5.701378742090e-05
   9.169699960608e-04   2.760971888862e-05
  -8.427789611580e-05   2.245035599404e-04
  -2.203785269605e-04  -3.260344091856e-04
  -6.197153093320e-04   1.312591233367e-04
   2.861269061595e-04  -2.230401268358e-04
   5.581999934701e-04   4.445219667751e-04
   1.067508558083e-06  -3.073321885855e-04
  -2.610064510161e-04   2.305468531196e-04
  -6.407533566970e-04  -4.424339094542e-04
   5.230693034346e-04   3.995208040776e-04
   1.449054322670e-04  -1.897591926639e-04
   5.483409019071e-04   3.002912882504e-04
  -9.767824920291e-04  -3.767774627007e-04
   1.306312828695e-04   1.529167179189e-04
  -2.434081654533e-04  -1.312231232292e-04
   1.049544726343e-03   2.522596880929e-04
  -4.653454735667e-04  -4.530851645432e-05
  -3.471634203798e-05  -1.124638674947e-04
  -7.859572937853e-04  -6.569479684078e-05
   7.335441018039e-04   1.367660013732e-05
   1.934714781533e-04   2.728237318095e-04
   1.989263678073e-04  -2.209184962251e-04
  -7.014454922674e-04   1.096125032631e-04
  -1.420064135782e-04  -3.214641305135e-04
   3.130126935031e-04   3.818346762753e-04
   4.092720699044e-04  -2.102593986778e-04
   1.056988144646e-04   3.206787283791e-04
  -7.684316185141e-04  -4.759904523333e-04
   3.472760113206e-05   2.906780511296e-04
   6.249672039342e-05  -2.345151129094e-04
   8.950608269238e-04   4.140463359247e-04
  -6.162485570673e-04  -3.003835644691e-04
  -4.694872349496e-05   1.126444441294e-04
  -6.857022270256e-04  -2.649049486538e-04
   9.623505677164e-04   2.799588767462e-04
  -8.013001343286e-05   1.319402522128e-05
   2.930824305012e-04  -2.212926675081e-05
  -1.008975855435e-03  -1.313830718540e-04
   3.219351129919e-04  -5.693732877855e-05
   8.990425625386e-05   2.128098931596e-04
   6.736755009676e-04  -8.309333739734e-05
  -4.414459578379e-04   1.641062190835e-04
  -3.738603201779e-04  -3.739984404909e-04
  -1.802127671773e-04   2.527394197229e-04
   5.058950680405e-04  -1.829007594044e-04
   4.744551733445e-04   4.186538607341e-04
  -4.989743479804e-04  -4.176891291247e-04
  -2.856199476582e-04   2.182664993967e-04
  -2.886255871983e-04  -3.413136192806e-04
   8.877509691271e-04   4.541115169915e-04
  -1.439426373825e-04  -2.189317954142e-04
   1.420380291036e-04   1.734585168849e-04
  -9.989068215812e-04  -3.647509033745e-04
   5.636233849404e-04   2.316256375435e-04
   1.108652550588e-05  -2.135780870673e-05
   7.589782010254e-04   1.314009653337e-04
  -8.679140312913e-04  -1.195941668568e-04
  -9.373612301932e-06  -1.123369989181e-04
  -3.251563438598e-04   6.802468287709e-05
   9.025325229316e-04   1.715426811898e-05
  -6.235925982167e-05   2.338662137761e-04
  -2.271421256298e-04  -3.299237078231e-04
  -6.150577637288e-04   1.332872995213e-04
   2.768333724450e-04  -2.248810115919e-04
   5.589401356417e-04   4.435446346003e-04
   6.183204949734e-06  -3.051557152188e-04
  -2.667177214167e-04   2.290090522378e-04
  -6.311732899326e-04  -4.409175879285e-04
   5.132347503472e-04   3.996415358747e-04
   1.565677541087e-04  -1.923755776197e-04
   5.325357759565e-04   3.052200993687e-04
  -9.686662089888e-04  -3.863613557017e-04
   1.256272835669e-04   1.655762042778e-04
  -2.286114302020e-04  -1.439598834864e-04
   1.047252015669e-03   2.706234141277e-04
  -4.852654787948e-04  -7.139457669530e-05
  -2.538875448897e-05  -8.686257783883e-05
  -7.919378374811e-04  -9.161394838947e-05
   7.709576584785e-04   4.663670287327e-05
   1.518300814745e-04   2.413548506001e-04
   2.263991697972e-04  -1.959429108127e-04
  -7.586951306289e-04   7.872900977185e-05
  -6.683624786583e-05  -2.875410760428e-04
   2.687192905740e-04   3.608350513524e-04
   4.631688685543e-04  -1.962259275354e-04
   1.307428557062e-05   3.054324473845e-04
  -7.012937038096e-04  -4.711913313449e-04
  -9.671353219779e-06   2.951825279745e-04
   1.455453417699e-04  -2.373200733373e-04
   8.256843448499e-04   4.304868194748e-04
  -6.045447532360e-04  -3.397729046271e-04
  -8.586552432834e-05   1.505584475537e-04
  -6.199404811656e-04  -2.988729622119e-04
   9.675051208157e-04   3.347303988553e-04
  -1.128556151929e-04  -5.236288061575e-05
   2.847469208973e-04   3.634931422782e-05
  -1.041822788731e-03  -2.015719009519e-04
   4.090939900352e-04   2.553090026853e-05
   4.546974741758e-05   1.461660456891e-04
   7.291275553983e-04  -2.255122505849e-05
  -5.865731636430e-04   8.793609336099e-05
  -2.503106034304e-04  -3.052819919184e-04
  -2.494552276697e-04   2.035516205051e-04
   6.478058138178e-04  -1.308271619391e-04
   3.045259855496e-04   3.775774894434e-04
  -4.088158288626e-04  -4.088441459845e-04
  -4.032606090788e-04   2.089357176798e-04
  -1.037081712799e-04  -3.233810231731e-04
   7.887324850981e-04   4.727849622756e-04
  -1.010750491595e-04  -2.697978859770e-04
   1.765156348205e-05   2.168638853274e-04
  -8.986103402151e-04  -4.188275260015e-04
   5.680469908018e-04   3.155994544202e-04
   4.323048992549e-05  -1.034642511355e-04
   7.138135494512e-04   2.161041586488e-04
  -9.497298736136e-04  -2.395116432242e-04
   7.569351540269e-05   1.017445248143e-05
  -3.255955166395e-04  -2.917393522368e-05
   1.005125881394e-03   1.286986642111e-04
  -2.667296349980e-04   1.085164366012e-04
  -1.119672268413e-04  -2.321744641481e-04
  -7.329146845173e-04   3.962442878838e-05
   5.203071854980e-04  -1.139372918579e-04
   3.667671653537e-04   3.688441190896e-04
   1.229538574579e-04  -2.736724032966e-04
  -5.053069922086e-04   1.815786697195e-04
  -3.717059814467e-04  -3.949512617400e-04
   3.977417357186e-04   4.047502252526e-04
   3.031835572308e-04  -2.169206289559e-04
   3.047535158823e-04   3.338786727723e-04
  -8.682846648946e-04  -4.587806104723e-04
   7.510800515260e-05   2.563707271316e-04
  -6.621584605300e-05  -2.160883111203e-04
   9.774982743421e-04   3.768995518953e-04
  -5.834161917957e-04  -2.292189828425e-04
  -2.043018011742e-05   5.478603278386e-05
  -7.520259178912e-04  -2.210043118642e-04
   9.196038603811e-04   2.148030319214e-04
  -2.107650562949e-05   7.801700614268e-05
   3.004740076987e-04  -6.707436895948e-05
  -9.635986147398e-04  -7.727840339646e-05
   2.294760829239e-04  -1.165356728815e-04
   1.157532996376e-04   2.469226174432e-04
   6.475526576848e-04  -1.076475914835e-04
  -3.484855085286e-04   1.989765454304e-04
  -4.325319957728e-04  -3.977328425084e-04
  -1.691290739353e-04   2.607651819960e-04
   4.537779744757e-04  -1.950111386712e-04
   5.283783606819e-04   4.264711795007e-04
  -5.008665910781e-04  -4.104093360364e-04
  -2.714443730833e-04   2.138546513507e-04
  -3.252564409864e-04  -3.434112766553e-04
   8.862274123260e-04   4.481940668768e-04
  -1.287137172681e-04  -2.111479284806e-04
   1.525112213299e-04   1.739787505025e-04
  -9.998696135596e-04  -3.660452214323e-04
   5.466881150112e-04   2.324959521391e-04
   1.267093038511e-05  -3.020022687269e-05
   7.666662177891e-04   1.459539175471e-04
  -8.713287581957e-04  -1.358687965350e-04
  -7.532641032726e-08  -9.168007827736e-05
  -3.412447011818e-04   4.331267534862e-05
   9.300963161725e-04   4.481603798698e-05
  -1.060923849201e-04   2.040922948922e-04
  -1.840863217323e-04  -3.012855046994e-04
  -6.636316705306e-04   1.033335457717e-04
   3.500670395858e-04  -1.918322136514e-04
   4.892107984975e-04   4.193226196720e-04
   6.442657020872e-05  -2.934214786358e-04
  -3.566745838652e-04   2.155862897842e-04
  -5.326858683079e-04  -4.287457809321e-04
   4.529467269273e-04   4.041813116178e-04
   2.257812589424e-04  -2.077285104035e-04
   4.407889847785e-04   3.274316289350e-04
  -9.233230880880e-04  -4.275601645027e-04
   9.667328351458e-05   2.156185706436e-04
  -1.579301095458e-04  -1.898850047541e-04
   1.023144870831e-03   3.352112235939e-04
  -5.396113183718e-04  -1.615004746108e-04
  -1.069319050672e-05  -1.551913592222e-06
  -7.898003913128e-04  -1.741889896444e-04
   8.655395143423e-04   1.501250092749e-04
   4.087284876655e-05   1.402782698920e-04
   2.927615515953e-04  -1.125997449917e-04
  -9.020154538461e-04  -2.087085776717e-05
   1.281874548521e-04  -1.787361709294e-04
   1.531681840707e-04   2.853010524409e-04
   6.028450335426e-04  -1.375764028811e-04
  -2.343157865888e-04   2.389684808505e-04
  -5.109171431458e-04  -4.264187565936e-04
  -1.361965993793e-04   2.745000147834e-04
   3.695105290153e-04  -2.133701710036e-04
   6.144171754473e-04   4.365896039146e-04
  -5.247062230760e-04  -3.993866179801e-04
  -2.252237049897e-04   2.062327057526e-04
  -4.060686918424e-04  -3.432324544576e-04
   9.090219016897e-04   4.306950976324e-04
  -1.264068899933e-04  -1.831997348474e-04
   1.942823197276e-04   1.542523603325e-04
  -1.023005910076e-03  -3.422036286158e-04
   5.248358910114e-04   1.993133005334e-04
   8.388603183842e-06  -4.853694703415e-06
   7.780683607869e-04   1.236954451908e-04
  -8.343716112692e-04  -1.026349101653e-04
  -3.066095077950e-05  -1.221090906534e-04
  -3.446888045804e-04   6.204949223998e-05
   9.035737876833e-04   2.328716546318e-05
  -5.741512267142e-05   2.274771764179e-04
  -2.004054125406e-04  -3.148218365236e-04
  -6.471012338582e-04   1.153099629981e-04
   3.062779393514e-04  -2.077208274465e-04
   5.131928201930e-04   4.268352008551e-04
   5.940687055879e-05  -2.932333370176e-04
  -3.280121148176e-04   2.197849089178e-04
  -5.608536541992e-04  -4.326509050884e-04
   4.538135167686e-04   4.007549044208e-04
   2.187745298864e-04  -2.047157216548e-04
   4.594035174396e-04   3.266956205252e-04
  -9.238794398054e-04  -4.226685140024e-04
   9.182615557867e-05   2.103167465702e-04
  -1.662039028157e-04  -1.890762337692e-04
   1.024874279426e-03   3.341257815369e-04
  -5.311829869263e-04  -1.589183775903e-04
  -1.040773162838e-05  -9.700522704869e-07
  -7.933361914344e-04  -1.770675426829e-04
   8.629835862409e-04   1.530901975342e-04
   3.933169597048e-05   1.352813783482e-04
   3.003167343899e-04  -1.055348198583e-04
  -9.095183165124e-04  -2.866463430201e-05
   1.379648735294e-04  -1.696815739211e-04
   1.406378243523e-04   2.757768805414e-04
   6.187976924906e-04  -1.286311244097e-04
  -2.575054104521e-04   2.296693441948e-04
  -4.878716935961e-04  -4.176274521994e-04
  -1.563589009352e-04   2.671994174269e-04
   3.991832935047e-04  -2.064773912856e-04
   5.825601220358e-04   4.331925453788e-04
  -5.043961882354e-04  -4.020973222588e-04
  -2.523603491470e-04   2.090196870317e-04
  -3.676542474860e-04  -3.450510743091e-04
   8.886957644297e-04   4.405636824455e-04
  -1.172618684484e-04  -2.003507717573e-04
   1.690987853761e-04   1.709204968241e-04
  -1.005476848599e-03  -3.625367371437e-04
   5.304191144482e-04   2.266968964692e-04
   1.267934705652e-05  -3.156309743488e-05
   7.744052163584e-04   1.518597352426e-04
  -8.663261634742e-04  -1.407829500554e-04
  -6.807741989460e-08  -8.316561236116e-05
  -3.519427440637e-04   2.971418660977e-05
   9.431284084015e-04   6.024678027428e-05
  -1.264599943751e-04   1.870477974908e-04
  -1.589491444324e-04  -2.829266405076e-04
  -6.923529332391e-04   8.338621064817e-05
   3.922992873321e-04  -1.696219342276e-04
   4.455176815706e-04   4.010218420688e-04
   1.035338549509e-04  -2.817391619463e-04
  -4.162252268410e-04   2.021778559786e-04
  -4.654407502220e-04  -4.151435470978e-04
   4.087154070946e-04   4.009353017172e-04
   2.777383507283e-04  -2.115156744265e-04
   3.690808260842e-04   3.350523792316e-04
  -8.801957626327e-04  -4.473376978812e-04
   6.532815649865e-05   2.416412321515e-04
  -9.449986496102e-05  -2.133492429878e-04
   9.874371041283e-04   3.726435656362e-04
  -5.592576490409e-04  -2.191353387887e-04
  -2.113156020690e-05   5.345004053138e-05
  -7.616987087549e-04  -2.267452948394e-04
   9.088504159855e-04   2.205427842012e-04
  -1.946128950176e-05   6.624067842362e-05
   3.164160866400e-04  -4.829167330170e-05
  -9.784931419768e-04  -9.875948241350e-05
   2.500287681576e-04  -9.086462432688e-05
   8.643272328898e-05   2.185033654158e-04
   6.873446565308e-04  -7.914639288729e-05
  -4.106451115314e-04   1.675425187351e-04
  -3.691543758958e-04  -3.662647414811e-04
  -2.235234445580e-04   2.331542274370e-04
   5.378757401249e-04  -1.675031694969e-04
   4.314057034174e-04   4.067955749560e-04
  -4.351177644837e-04  -4.070152166206e-04
  -3.559863526545e-04   2.102251057511e-04
  -2.033503728216e-04  -3.360999922494e-04
   8.124482461664e-04   4.643727645945e-04
  -8.775794072957e-05  -2.500320207021e-04
   5.964931054008e-05   2.109421912738e-04
  -9.226859882060e-04  -4.121524407335e-04
   5.408059769292e-04   3.012845576894e-04
   4.527787819453e-05  -1.005433678552e-04
   7.276264375420e-04   2.220898761869e-04
  -9.347216240251e-04  -2.430576963531e-04
   6.520088767393e-05   2.005484155154e-05
  -3.353279651910e-04  -4.990034206460e-05
   1.017391422233e-03   1.546618758599e-04
  -2.909711618602e-04   7.718714746594e-05
  -7.859642170780e-05  -1.959891141822e-04
  -7.713276326142e-04  -7.612162767007e-07
   5.860425962634e-04  -6.698974178439e-05
   2.920474180333e-04   3.250308092418e-04
   1.908191026575e-04  -2.388500103125e-04
  -6.135836849760e-04   1.405129983889e-04
  -2.419710428875e-04  -3.505572984410e-04
   3.092728459581e-04   3.791783182024e-04
   4.089825548820e-04  -2.040912401274e-04
   1.465332062527e-04   3.243364570289e-04
  -7.559699963602e-04  -4.691820799863e-04
  -7.879949658223e-06   2.803670484006e-04
   8.395269056658e-05  -2.366099868756e-04
   8.638710825567e-04   4.245955088642e-04
  -5.761182464147e-04  -3.193721134618e-04
  -8.477469659997e-05   1.413246150425e-04
  -6.401029246497e-04  -3.009230631550e-04
   9.467907837723e-04   3.345588499792e-04
  -9.546547089086e-05  -6.015548325463e-05
   2.934924836928e-04   5.676685065232e-05
  -1.045312539192e-03  -2.271137774019e-04
   4.167452747912e-04   5.852456826464e-05
   2.386157768889e-05   1.050501615662e-04
   7.659021488284e-04   2.375304354774e-05
  -6.591409325319e-04   3.177935714837e-05
  -1.722107301695e-04  -2.448111929056e-04
  -3.112378455806e-04   1.472501060350e-04
   7.607077304817e-04  -7.018803662494e-05
   1.523747734889e-04   3.201321857883e-04
  -2.991897039327e-04  -3.708467703897e-04
  -5.364993011860e-04   1.691625020625e-04
   1.025295373178e-04  -2.744087255264e-04
   6.398639112587e-04   4.578992045271e-04
  -2.874111998241e-06  -2.919812981270e-04
  -1.769209571223e-04   2.322747984500e-04
  -7.067646863393e-04  -4.426489678388e-04
   4.974637770241e-04   3.810037431054e-04
   1.519254027851e-04  -1.809796924036e-04
   5.632738945379e-04   3.044096807615e-04
  -9.499990566727e-04  -3.792039333911e-04
   9.878051496254e-05   1.636771003380e-04
  -2.268074678887e-04  -1.572753503911e-04
   1.041396120599e-03   2.924889767069e-04
  -4.860242174262e-04  -1.029398386837e-04
  -1.548244070996e-05  -4.546751263127e-05
  -8.026743963514e-04  -1.403871275612e-04
   8.189828871973e-04   1.092785408242e-04
   8.164170745125e-05   1.726780020537e-04
   2.861590232308e-04  -1.310984038482e-04
  -8.711463184455e-04  -4.623828808842e-07
   8.961621070403e-05  -1.968025759957e-04
   1.611714437410e-04   2.908497250546e-04
   5.980804308897e-04  -1.383078487506e-04
  -2.248313678196e-04   2.390011657507e-04
  -5.069175411800e-04  -4.223863678686e-04
  -1.472731252508e-04   2.684316014148e-04
   3.915697070764e-04  -2.061908220668e-04
   5.827658104017e-04   4.310037985916e-04
  -5.036976439058e-04  -4.009281926818e-04
  -2.601629224382e-04   2.078045718116e-04
  -3.456905146658e-04  -3.422038601228e-04
   8.786846083478e-04   4.436538185001e-04
  -1.145601580671e-04  -2.098272812040e-04
   1.409567664544e-04   1.788978042069e-04
  -9.835577224588e-04  -3.753992911146e-04
   5.396482172675e-04   2.500467734130e-04
   2.403975347789e-05  -5.356456837543e-05
   7.541868496340e-04   1.757653707071e-04
  -9.000382141887e-04  -1.821084676939e-04
   3.243355411048e-05  -3.874791446573e-05
  -3.396453760137e-04  -4.262139592096e-06
   9.813205040960e-04   1.048519824251e-04
  -2.182382365582e-04   1.307226725768e-04
  -1.190956528916e-04  -2.386694906032e-04
  -7.342222721095e-04   3.837283823926e-05
   5.150295729273e-04  -1.090273089958e-04
   3.516363092078e-04   3.564522283006e-04
   1.498400759522e-04  -2.587663748713e-04
  -5.512595808035e-04   1.625690223054e-04
  -3.061304319018e-04  -3.715130560267e-04
   3.487174458509e-04   3.898727457940e-04
   3.685348815125e-04  -2.087715807389e-04
   1.940691258710e-04   3.264847827107e-04
  -7.896929751654e-04  -4.670446973792e-04
   1.861695780613e-05   2.763792257202e-04
   5.618700296417e-05  -2.313574628030e-04
   8.825193136364e-04   4.151594959012e-04
  -5.873949936869e-04  -3.078310053580e-04
  -7.595664362492e-05   1.303938693469e-04
  -6.438828835808e-04  -2.900579204690e-04
   9.518680891180e-04   3.248878604370e-04
  -9.763873406769e-05  -5.132287509155e-05
   2.826681811059e-04   4.708812542132e-05
  -1.040550894370e-03  -2.210194107499e-04
   4.244441076693e-04   5.708003651284e-05
   3.251554794668e-05   1.089097209990e-04
   7.529153416618e-04   2.081878356274e-05
  -6.738841424787e-04   2.578006562419e-05
  -1.625919244532e-04  -2.383171606240e-04
  -2.978372265367e-04   1.458853436681e-04
   7.745706262682e-04  -6.247588157217e-05
   1.191880637443e-04   3.078985076362e-04
  -2.975371615657e-04  -3.664263707458e-04
  -5.472628851525e-04   1.626644894612e-04
   1.537555314842e-04  -2.590940806706e-04
   6.165723834101e-04   4.521146851692e-04
  -3.438356476447e-06  -2.960960457262e-04
  -2.288667776117e-04   2.267264412937e-04
  -6.507768769518e-04  -4.372074486345e-04
   4.979005890060e-04   3.914996109049e-04
   1.766495781954e-04  -1.901706491247e-04
   4.993471581839e-04   3.097133075430e-04
  -9.430848144559e-04  -4.027350576633e-04
   1.060471089636e-04   1.927738443863e-04
  -1.711761194707e-04  -1.723930225990e-04
   1.021603693293e-03   3.190402324101e-04
  -5.371933411264e-04  -1.514893763734e-04
  -1.991977535233e-05  -6.295911776168e-06
  -7.712225348752e-04  -1.733635808335e-04
   8.781693588674e-04   1.624635124091e-04
   2.247021787348e-05   1.208312792308e-04
   2.811285348137e-04  -9.501354518448e-05
  -9.342621451102e-04  -5.423221663502e-05
   2.049356127874e-04  -1.311903833611e-04
   1.314845193796e-04   2.521287155044e-04
   6.388933429419e-04  -1.055673496305e-04
  -3.749824461373e-04   1.850869290941e-04
  -4.040805518051e-04  -3.809145302254e-04
  -1.785867517819e-04   2.479508289405e-04
   5.184509927906e-04  -1.724787191001e-04
   4.349701978945e-04   4.045187959002e-04
  -4.651267107495e-04  -4.106018812140e-04
  -3.446680731807e-04   2.102463772180e-04
  -1.719544645596e-04  -3.262196438714e-04
   8.160691634903e-04   4.640148261814e-04
  -1.096867214035e-04  -2.578399133706e-04
   1.531814826851e-05   2.076662235932e-04
  -8.838954346002e-04  -4.133552242327e-04
   5.687317313910e-04   3.210715512301e-04
   6.298023998195e-05  -1.133172906263e-04
   6.693356216239e-04   2.312328423944e-04
  -9.644081974255e-04  -2.804964930074e-04
   9.967081536473e-05   6.299291060842e-05
  -2.802483280169e-04  -7.164803682058e-05
   1.027912676847e-03   1.929278783949e-04
  -3.936037365467e-04   1.277716750998e-05
  -6.498640134483e-05  -1.483510565729e-04
  -7.661119310278e-04  -4.489780449187e-05
   7.131065992973e-04   5.422676441586e-06
   1.948112568564e-04   2.658077588065e-04
   1.986747553792e-04  -2.066775074084e-04
  -7.475201413086e-04   7.896176556004e-05
  -4.967235365619e-05  -2.757555695196e-04
   2.661729107490e-04   3.499416298578e-04
   4.858892849973e-04  -1.825280938124e-04
  -8.636363233266e-05   2.779685974898e-04
  -6.251645743401e-04  -4.530251552513e-04
  -4.720673245106e-05   2.911757114441e-04
   2.819340339118e-04  -2.209796205606e-04
   6.800979112419e-04   4.302047801115e-04
  -5.790637640079e-04  -3.880055231744e-04
  -1.856893750264e-04   1.940066535155e-04
  -4.152554667335e-04  -3.259326393259e-04
   9.325187155011e-04   4.181460947528e-04
  -1.522342787910e-04  -1.757033332141e-04
   1.605710031235e-04   1.400528411307e-04
  -1.000957527848e-03  -3.378106042152e-04
   5.635954340830e-04   2.149575350196e-04
   2.605867536110e-05  -1.259082862410e-05
   7.275680013574e-04   1.314599218995e-04
  -8.927949383584e-04  -1.463783009627e-04
   2.389528234506e-05  -7.190172997702e-05
  -2.966167392248e-04   3.511150968717e-05
   9.512213928336e-04   7.259089012534e-05
  -2.100649905553e-04   1.515066444160e-04
  -1.646061335479e-04  -2.641152679940e-04
  -6.850339321668e-04   6.291447306297e-05
   5.153470990612e-04  -1.193273763241e-04
   3.737969989942e-04   3.676802649509e-04
   8.880211592253e-05  -2.754941001458e-04
  -5.486485729227e-04   1.635735585798e-04
  -2.855242639137e-04  -3.659919516268e-04
   3.968091966351e-04   4.000430630762e-04
   3.416750001155e-04  -2.128299655660e-04
   1.466407682091e-04   3.130113448566e-04
  -7.928586749730e-04  -4.673673897926e-04
   6.002219325655e-05   2.870163219326e-04
   9.914886163578e-05  -2.218781116626e-04
   8.431689518095e-04   4.083843754003e-04
  -6.342860231847e-04  -3.273520623303e-04
  -8.792581940010e-05   1.401075360637e-04
  -5.683867699362e-04  -2.845760248251e-04
   9.776499337674e-04   3.440959600423e-04
  -1.428468239078e-04  -7.953340322512e-05
   2.212957255005e-04   5.573284515643e-05
  -1.029228323367e-03  -2.453618282111e-04
   5.077165396422e-04   1.040892430002e-04
   4.473695784917e-05   8.658603121804e-05
   7.123858117226e-04   3.690999169395e-05
  -7.768282096892e-04  -2.891123266224e-05
  -8.512327693992e-05  -1.869117492693e-04
  -2.558026890515e-04   1.269221073675e-04
   8.388664656291e-04  -2.396053569550e-05
  -2.987099180984e-05   2.524127894894e-04
  -2.795332100729e-04  -3.439158882569e-04
  -5.762145499341e-04   1.385946779303e-04
   3.288764096630e-04  -2.042927617810e-04
   5.309264098192e-04   4.280077397078e-04
  -1.649889395169e-05  -3.069360566555e-04
  -3.781529693444e-04   2.046470981175e-04
  -4.737612630469e-04  -4.094531979884e-04
   5.042339934130e-04   4.135747208875e-04
   2.279742521823e-04  -2.100889442038e-04
   3.103451182101e-04   3.089315524272e-04
  -9.030038309206e-04  -4.461655390506e-04
   1.331093759236e-04   2.551150583258e-04
  -2.239091856002e-05  -1.942548168095e-04
   9.352444711869e-04   3.627961743517e-04
  -6.465988008940e-04  -2.547060193651e-04
  -4.360485910683e-05   7.307757065984e-05
  -6.458955588061e-04  -2.263237964680e-04
