   0.000000000000e+00   0.000000000000e+00
   6.606823657661e-04   5.871773462694e-05
  -8.979031266450e-04  -6.077136626152e-05
  -2.312535360894e-05  -2.003101796007e-04
  -1.130269286104e-04   2.207191344378e-04
   7.013172244754e-04  -1.280779157153e-04
   1.216869495272e-04   3.479930391136e-04
  -5.843320408586e-04  -4.636124545152e-04
  -2.102826522652e-04   2.628994522882e-04
  -4.907181652634e-05  -2.966890214335e-04
   9.566864113594e-04   4.591609698399e-04
  -4.316867367700e-04  -2.570457414333e-04
   4.054187167075e-05   1.021508311213e-04
  -9.062290313113e-04  -2.678354495007e-04
   8.187636955726e-04   1.791933043372e-04
   4.427143859679e-05   1.326234856645e-04
   4.166621812573e-04  -1.050629824204e-04
  -8.253379751886e-04   4.317195625727e-05
  -7.803739079048e-05  -2.882842467640e-04
   1.873124725520e-04   3.517818869122e-04
   4.706262927171e-04  -2.083861915273e-04
   1.768002370373e-04   3.499251848337e-04
  -8.039725696533e-04  -4.863898479338e-04
   5.346303927998e-05   2.830634767984e-04
  -7.790369321762e-05  -2.346190314527e-04
   1.012681387626e-03   3.759819571991e-04
  -6.081143592954e-04  -1.958529540427e-04
   5.789073359474e-06  -6.822942889784e-06
  -7.745186349124e-04  -1.317284294168e-04
   8.650799003031e-04   8.277341396322e-05
   1.095186086150e-04   2.418864251197e-04
   1.353480066269e-04  -2.420824891849e-04
  -7.078934488988e-04   1.233981871775e-04
  -1.171832453297e-04  -3.368507405533e-04
   4.693811907986e-04   4.372949381005e-04
   2.323755237321e-04  -2.498991472802e-04
   1.833737807009e-04   3.098886758078e-04
  -9.443465215538e-04  -4.675702130739e-04
   2.910649925914e-04   2.762545497263e-04
  -6.470276546729e-05  -1.459241356411e-04
   9.665951697360e-04   2.647797088309e-04
  -7.298484084867e-04  -1.308572843201e-04
  -3.926533248089e-05  -1.042435992856e-04
  -5.774220280421e-04   3.886639970141e-06
   8.477223510741e-04  -5.141447074788e-06
   1.624687407583e-04   3.153190973562e-04
  -1.446004079482e-04  -3.460540479977e-04
  -5.616078449727e-04   1.818312987137e-04
  -1.260347884595e-04  -3.486820273698e-04
   7.019181712369e-04   4.788525425504e-04
   1.785900682867e-06  -2.638563694820e-04
   1.485242214321e-04   2.458306868791e-04
  -1.002484245994e-03  -4.201575601141e-04
   4.989792077648e-04   2.545518082742e-04
  -2.709462567574e-05  -4.977329553451e-05
   8.381671308153e-04   1.442702625483e-04
  -8.091297227269e-04  -7.320097958397e-05
  -6.934472874450e-05  -1.796024704874e-04
  -3.425966283935e-04   1.283890983177e-04
   7.810386465264e-04  -7.866416811074e-05
   1.805997692311e-04   3.510796515592e-04
  -3.942364231798e-04  -4.180930953475e-04
  -3.942852248786e-04   2.248683593651e-04
  -1.024817882485e-04  -3.315902507419e-04
   8.654978449120e-04   4.830776574714e-04
  -2.160247941755e-04  -2.633505808138e-04
   9.087623060313e-05   1.747224583403e-04
  -9.841509691724e-04  -3.550794126349e-04
   6.762136657625e-04   2.268808752556e-04
   1.200900182012e-05   3.826717431759e-05
   6.531468393002e-04   2.758384546589e-05
  -8.539291482424e-04  -2.654315614620e-05
  -6.659386212794e-05  -2.289337173891e-04
  -9.667550537487e-05   2.357151661822e-04
   6.751933279649e-04  -1.380235505372e-04
   1.545902668190e-04   3.546257180366e-04
  -5.936077957916e-04  -4.625911104846e-04
  -2.092346454315e-04   2.597058760868e-04
  -5.428781511495e-05  -2.956658494207e-04
   9.511639577362e-04   4.586147640269e-04
  -4.204439559688e-04  -2.594301240713e-04
   3.362601843975e-05   1.100844704024e-04
  -9.003199171513e-04  -2.805721464173e-04
   8.209641070513e-04   1.984427264440e-04
   3.025567153615e-05   1.074261375055e-04
   4.386198816647e-04  -7.724309390381e-05
  -8.664860121325e-04   1.060436775525e-05
  -2.227140729133e-05  -2.528892407033e-04
   1.358078252861e-04   3.227077829140e-04
   5.367339888222e-04  -1.870688635165e-04
   8.729318236859e-05   3.353092852155e-04
  -7.297484981715e-04  -4.844163727149e-04
  -9.242200350414e-06   2.921033917165e-04
   4.097517840886e-06  -2.514345893444e-04
   9.586714329286e-04   4.143047349152e-04
  -6.104981976953e-04  -2.592508607001e-04
  -8.761069028548e-07   6.134342065672e-05
  -7.653996296251e-04  -2.027588581410e-04
   9.292683593405e-04   1.712059880764e-04
   1.012745249758e-05   1.517414657036e-04
   2.206948345349e-04  -1.656579561628e-04
  -8.447588957866e-04   4.224883038955e-05
   6.339571102232e-05  -2.550431645419e-04
   3.328012764038e-04   3.878300816355e-04
   3.707236923217e-04  -2.308820665827e-04
  -9.132314702490e-06   3.036807493224e-04
  -7.950891453174e-04  -4.876066811450e-04
   2.003942889827e-04   3.253843512327e-04
   5.479128763651e-05  -2.087719730432e-04
   8.949265994298e-04   3.583624836370e-04
  -7.817695525623e-04  -2.658100347271e-04
   5.081063240041e-06   3.410334846747e-05
  -5.965931845103e-04  -1.266090245695e-04
   9.953603822716e-04   1.449094944584e-04
  -5.834619931760e-05   1.694214720911e-04
   2.363518469853e-05  -2.348475329821e-04
  -7.853564450028e-04   7.271180106126e-05
   1.823310589367e-04  -2.406609581825e-04
   4.752421660705e-04   4.304227431050e-04
   1.833759805079e-04  -2.738438544586e-04
  -1.167498093118e-04   2.696780802606e-04
  -7.869224932748e-04  -4.751998093511e-04
   4.101684992296e-04   3.602865749258e-04
   7.969674612700e-05  -1.762295520893e-04
   7.726880284225e-04   2.982149243562e-04
  -9.253473037682e-04  -2.786366157967e-04
   6.208817793336e-05   3.067841981685e-05
  -4.136450506833e-04  -5.679338866833e-05
   1.013254382207e-03   1.182467181034e-04
  -1.762819354085e-04   1.619061304122e-04
  -1.306168144148e-04  -2.824644932598e-04
  -6.867662923319e-04   1.050935574991e-04
   3.202525643591e-04  -2.158599318080e-04
   5.480699690129e-04   4.504414510476e-04
  -1.562817088428e-05  -3.182757992653e-04
  -2.154129827584e-04   2.415272604679e-04
  -7.077551469657e-04  -4.496975100034e-04
   6.059968271404e-04   3.953144804626e-04
   6.372102194281e-05  -1.605063787229e-04
   6.093454254666e-04   2.406402405496e-04
  -1.028641761436e-03  -2.949070559045e-04
   1.721746340205e-04   5.058442311802e-05
  -2.383551202041e-04   1.790861700867e-06
   9.790126503788e-04   9.004773062866e-05
  -3.358190726966e-04   1.328564934343e-04
  -2.233549584484e-04  -3.060890922149e-04
  -5.520504404881e-04   1.403954124901e-04
   4.587233040952e-04  -1.869705445193e-04
   5.416981598416e-04   4.484872218069e-04
  -2.117164569540e-04  -3.636596326489e-04
  -2.861576145325e-04   2.250775907855e-04
  -5.659666086289e-04  -4.137156653535e-04
   7.700466468291e-04   4.273606679672e-04
  -2.109589560465e-06  -1.659331466507e-04
   4.255511423082e-04   1.918955552303e-04
  -1.077695135639e-03  -3.106429295540e-04
   3.283015991385e-04   9.094443501300e-05
  -9.339589230224e-05   4.390176384940e-05
   8.930560003030e-04   6.032049943364e-05
  -5.209318001210e-04   8.723221852625e-05
  -2.408408177161e-04  -3.034285505990e-04
  -3.905126069890e-04   1.771838905149e-04
   5.776822717484e-04  -1.598993185281e-04
   4.535786802475e-04   4.259016136161e-04
  -3.852891399036e-04  -4.063948542689e-04
  -3.143415501442e-04   2.233699819082e-04
  -3.761465156666e-04  -3.705075812515e-04
   8.826425630926e-04   4.524640385523e-04
  -1.179656371439e-04  -1.939538482078e-04
   2.435207850628e-04   1.575915244248e-04
  -1.060477896018e-03  -3.218140864680e-04
   5.147641366345e-04   1.468811118792e-04
  -1.247326550948e-07   6.425343998133e-05
   7.618232820563e-04   3.099750409561e-05
  -7.090047797519e-04   3.056860930228e-05
  -1.766610181633e-04  -2.730583049694e-04
  -2.181201559395e-04   2.116585918818e-04
   6.585262623121e-04  -1.393519098887e-04
   2.893904647696e-04   3.847380732974e-04
  -5.131690756524e-04  -4.400885499396e-04
  -2.923523468029e-04   2.363848703039e-04
  -1.586464383173e-04  -3.241772909900e-04
   9.250947162771e-04   4.666060598870e-04
  -2.734404605244e-04  -2.426481193810e-04
   8.488234293305e-05   1.421740046879e-04
  -9.704632815170e-04  -3.252655247468e-04
   7.084768289980e-04   2.119781568039e-04
   2.466797399801e-05   5.820843670447e-05
   5.981947901108e-04   6.206121306634e-06
  -8.731929138148e-04  -3.149783322932e-05
  -3.402057298809e-05  -2.153681564355e-04
  -5.661106202337e-05   2.380155486489e-04
   6.875591225937e-04  -1.278939892029e-04
   6.354549202227e-05   3.275426782191e-04
  -5.718194901595e-04  -4.564378266123e-04
  -2.215386426477e-04   2.610257211969e-04
   6.192908912293e-05  -2.794811670731e-04
   8.830906565697e-04   4.664085448678e-04
  -4.471708903114e-04  -3.063506005716e-04
  -3.192968247070e-05   1.480353355702e-04
  -8.096142627028e-04  -3.194123572822e-04
   8.811409576985e-04   2.788597796228e-04
  -2.728076664404e-05   2.278249517501e-05
   4.203931435516e-04  -8.122838610999e-06
  -9.857583558240e-04  -9.349191930144e-05
   1.728919730368e-04  -1.333284702280e-04
   6.880585244968e-05   2.490707151368e-04
   6.591665376684e-04  -1.250033011014e-04
  -2.010179978992e-04   2.570508870077e-04
  -5.421620482384e-04  -4.467685903115e-04
  -1.129989394402e-04   2.913927437290e-04
   2.594474489656e-04  -2.411513595783e-04
   7.500148979047e-04   4.495382438076e-04
  -6.083041944027e-04  -3.754690056107e-04
  -9.450286729155e-05   1.745021030888e-04
  -5.899708822426e-04  -3.046353867158e-04
   1.002361958081e-03   3.398903481201e-04
  -1.518684327584e-04  -4.216205332301e-05
   2.494564957702e-04  -5.448659537045e-06
  -1.022470548048e-03  -1.502758220842e-04
   4.190644686675e-04  -3.277902861454e-05
   1.333216557755e-04   2.371931385215e-04
   5.776837618828e-04  -1.264537197931e-04
  -4.737129834288e-04   1.760496536002e-04
  -4.151326543379e-04  -4.041249355188e-04
   1.299180463831e-05   3.193177740497e-04
   4.101650827987e-04  -2.127246971714e-04
   5.295048350890e-04   4.146581777628e-04
  -7.202940439799e-04  -4.367616790077e-04
  -9.896655593103e-05   2.171392320794e-04
  -3.333244982857e-04  -2.832827247232e-04
   1.043739541539e-03   3.879172989914e-04
  -3.300306315888e-04  -1.326611140278e-04
   1.057187050578e-04   1.939881576848e-05
  -9.676302724239e-04  -1.973126302698e-04
   6.704565838906e-04   7.786520171546e-05
   1.179618923661e-04   1.956315736312e-04
   4.569819728256e-04  -1.244941163513e-04
  -7.181463077904e-04   8.765647834381e-05
  -1.963691474914e-04  -3.254734676789e-04
   1.290342949121e-04   3.350847051887e-04
   4.973246214210e-04  -1.950177678022e-04
   2.369307730313e-04   3.609910443891e-04
  -7.474026884331e-04  -4.745536399719e-04
  -5.153860145000e-05   2.677906685068e-04
  -6.881364733009e-05  -2.591455602119e-04
   9.836125237016e-04   4.168504554162e-04
  -5.275021404893e-04  -2.394629000148e-04
   5.008656778709e-06   6.781186202179e-05
  -8.185761402140e-04  -2.311371842756e-04
   8.872545309967e-04   1.884008078604e-04
   1.595353001250e-05   1.202660078833e-04
   3.174570973469e-04  -1.092739627222e-04
  -8.957158223616e-04  -3.958273728469e-06
   9.169098779045e-05  -2.133206059801e-04
   2.043891314776e-04   3.283484282951e-04
   5.151140750618e-04  -1.846891248698e-04
  -9.998777332604e-05   2.879371037950e-04
  -6.635206995775e-04  -4.733657233052e-04
   3.134831837424e-05   3.154535335498e-04
   1.714851564146e-04  -2.362651411036e-04
   8.116794232453e-04   4.217840790056e-04
  -6.979669888820e-04  -3.472236627351e-04
  -4.451321688813e-05   1.354164718816e-04
  -5.881990103555e-04  -2.499655743897e-04
   1.028476415452e-03   2.878944710918e-04
  -1.614842167919e-04   1.171699765684e-05
   1.811089313188e-04  -7.174590053482e-05
  -9.716913999771e-04  -9.280011907653e-05
   4.111383459426e-04  -7.613072414574e-05
   2.109116854243e-04   2.894443850380e-04
   4.701049342829e-04  -1.736707448460e-04
  -4.413045732641e-04   1.954731093706e-04
  -4.613041278594e-04  -4.218668846672e-04
   1.244369562613e-04   3.476615137032e-04
   3.585470505408e-04  -2.170590277554e-04
   5.327056557726e-04   3.985493008916e-04
  -7.905737834098e-04  -4.348790431035e-04
  -4.403591025334e-05   2.116045616815e-04
  -3.043449675298e-04  -2.541091775727e-04
   1.057875646589e-03   3.656997260395e-04
  -3.820331285006e-04  -1.223609890727e-04
   6.629967365606e-05  -7.691558872576e-06
  -9.233234678452e-04  -1.709741861999e-04
   7.128991286700e-04   7.258869845294e-05
   1.311340039677e-04   2.113765113760e-04
   3.787964862723e-04  -1.504104410583e-04
  -7.367204186329e-04   8.585823045945e-05
  -1.581835806012e-04  -3.170237140709e-04
   1.966847998530e-04   3.519452876572e-04
   4.726637570743e-04  -2.001665977895e-04
   1.692222721524e-04   3.431842673593e-04
  -7.620921023911e-04  -4.784424148644e-04
  -4.044462986901e-06   2.811957085784e-04
  -5.755273277011e-06  -2.456717945549e-04
   9.507136832407e-04   4.120458628968e-04
  -5.940292590916e-04  -2.652468331081e-04
  -1.584050288763e-05   7.849137491685e-05
  -7.476695140990e-04  -2.298872956421e-04
   9.430301882223e-04   2.161184083298e-04
  -3.288467924214e-05   9.264763822090e-05
   2.617151937073e-04  -1.035923101380e-04
  -9.315302743525e-04  -3.378585784813e-05
   2.036983117875e-04  -1.666223968998e-04
   2.166229436439e-04   3.173283675149e-04
   5.074916737778e-04  -1.790709008620e-04
  -2.364253779133e-04   2.525556858389e-04
  -5.915829063810e-04  -4.570190187905e-04
   5.693665603388e-05   3.276427665958e-04
   2.650116439220e-04  -2.271210276894e-04
   7.004885208301e-04   4.179812066375e-04
  -7.349932239988e-04  -3.905779056439e-04
  -6.199483867785e-05   1.725013377707e-04
  -4.658374392005e-04  -2.624783079320e-04
   1.050491887215e-03   3.365757113372e-04
  -2.530763166193e-04  -5.924800845001e-05
   1.368071911708e-04  -2.801424062750e-05
  -9.783535470195e-04  -1.498087244257e-04
   5.637932368975e-04   1.113518929978e-05
   1.608546103376e-04   2.363796991669e-04
   4.692802505267e-04  -1.430718382552e-04
  -6.217124442097e-04   1.274186546139e-04
  -2.919925281792e-04  -3.608077055444e-04
   1.142977104640e-04   3.363055158504e-04
   4.702032216244e-04  -1.989442006036e-04
   3.249515887007e-04   3.752241292698e-04
  -7.478213131749e-04  -4.654613566275e-04
  -7.468785315318e-05   2.531150665141e-04
  -1.212861735347e-04  -2.652416013199e-04
   9.963966573401e-04   4.165319203083e-04
  -4.753649468016e-04  -2.244720721723e-04
   1.606076477067e-05   6.954558221079e-05
  -8.526286884112e-04  -2.435152187442e-04
   8.532140243707e-04   1.907087873471e-04
   2.499169078345e-05   1.084839879770e-04
   3.710659997733e-04  -8.190986980038e-05
  -9.093607725395e-04  -2.240346874787e-05
   8.787880319315e-05  -1.974106411851e-04
   1.408033446761e-04   2.967801666858e-04
   5.840654331447e-04  -1.577141759738e-04
  -1.286952644344e-04   2.776949911293e-04
  -6.020173606990e-04  -4.593054656319e-04
  -6.021636141912e-05   2.987003594634e-04
   2.279359171484e-04  -2.385836294980e-04
   7.643801997107e-04   4.399707216259e-04
  -6.298146909712e-04  -3.696359373845e-04
  -9.218876496564e-05   1.685187598009e-04
  -5.653967519035e-04  -2.963511054011e-04
   1.006146179344e-03   3.434420475023e-04
  -1.668846568056e-04  -5.565448789599e-05
   2.258486068418e-04   6.362379698771e-06
  -1.023603168943e-03  -1.740790534273e-04
   4.730920773722e-04   7.397142853412e-06
   1.136104822296e-04   2.047965386677e-04
   5.949712992950e-04  -9.691361817188e-05
  -5.811541586996e-04   1.268062878006e-04
  -3.113379829710e-04  -3.570938282685e-04
  -2.871985876078e-05   2.938402135557e-04
   5.208723576363e-04  -1.851023677006e-04
   3.710997706979e-04   3.934321613595e-04
  -6.522247528131e-04  -4.523256189086e-04
  -1.773981212402e-04   2.402649992701e-04
  -1.663867883700e-04  -2.963654622296e-04
   9.723149218873e-04   4.413918996875e-04
  -3.609188140680e-04  -2.296871190593e-04
   4.541797639095e-05   1.079038925568e-04
  -9.164621728433e-04  -2.941603364739e-04
   7.792927473239e-04   2.150897194996e-04
   2.549048679959e-05   6.518521868012e-05
   5.016731052749e-04  -1.252411284726e-05
  -9.275440563687e-04  -6.006225069584e-05
   6.364007640509e-05  -1.705529009539e-04
   4.748246475182e-06   2.328871485726e-04
   7.052681694036e-04  -1.073900973019e-04
  -1.246441757339e-04   2.697504876646e-04
  -5.125091532827e-04  -4.346057692301e-04
  -2.240982730030e-04   2.599463168055e-04
   2.648753941563e-04  -2.421128105610e-04
   7.312514069267e-04   4.603903993750e-04
  -4.865641798086e-04  -3.709927399939e-04
  -1.517006367061e-04   1.926986499768e-04
  -5.927609655327e-04  -3.492433159050e-04
   9.299650867362e-04   3.829210047069e-04
  -1.041155023552e-04  -1.035170042976e-04
   3.092211800179e-04   8.759139032438e-05
  -1.062080496478e-03  -2.440357545616e-04
   4.322162885409e-04   6.081557243868e-05
   2.274506297834e-05   1.206482141187e-04
   7.446099206406e-04  -8.668778183372e-06
  -6.183923179383e-04   7.683174323326e-05
  -2.359903577849e-04  -3.030769512779e-04
  -2.176587008198e-04   2.174501595049e-04
   6.363474946926e-04  -1.420947600460e-04
   3.075183780123e-04   3.837973932014e-04
  -4.849738279272e-04  -4.291597782446e-04
  -3.294996779183e-04   2.262646340983e-04
  -1.186353770679e-04  -3.198995032130e-04
   8.723881278892e-04   4.718854680238e-04
  -2.278672446493e-04  -2.651484908962e-04
   3.399271395345e-05   1.768370826497e-04
  -9.201342515303e-04  -3.713821820397e-04
   7.003970712499e-04   2.806392408321e-04
   1.468976911551e-05  -2.676682957979e-05
   6.198299677461e-04   1.012342675154e-04
  -9.727900929209e-04  -1.508335461490e-04
   9.955905021111e-05  -8.383549849005e-05
  -1.553445506609e-04   1.206054489812e-04
   8.626094639660e-04  -1.178550473073e-05
  -2.172329384489e-04   2.099957552773e-04
  -3.427302694897e-04  -3.670385065261e-04
  -4.354650074748e-04   1.891064212863e-04
   3.924266524888e-04  -2.092923253263e-04
   5.946652268867e-04   4.531860052852e-04
  -2.880056461660e-04  -3.685517757749e-04
  -2.799548990317e-04   2.155756624531e-04
  -5.171983281767e-04  -3.946956342364e-04
   7.943844000034e-04   4.319431892224e-04
  -1.192349100613e-05  -1.792681730044e-04
   3.330326747300e-04   1.972507839863e-04
  -1.058725539606e-03  -3.490320152626e-04
   3.941835775278e-04   1.611448378204e-04
  -5.211048658550e-05  -8.763561178500e-06
   8.803229386061e-04   1.270998226334e-04
  -7.048715538164e-04  -3.491250866415e-05
  -1.085918856109e-04  -1.874974229875e-04
  -4.214154342101e-04   8.993628621293e-05
   8.085533337614e-04  -4.225064516229e-05
   1.435465372541e-04   3.156461058168e-04
  -2.505350097442e-04  -3.638299033896e-04
  -5.491322416086e-04   1.735237487996e-04
   4.290509439466e-05  -2.971150896527e-04
   6.769817487061e-04   4.709344044295e-04
  -3.132896213462e-05  -2.919638903520e-04
  -7.655385466688e-05   2.382098641917e-04
  -8.181329460507e-04  -4.425288651885e-04
   5.638068693823e-04   3.567251407643e-04
   6.604413143093e-05  -1.395245270645e-04
   6.602235735895e-04   2.427231273064e-04
  -9.899788192037e-04  -2.862888347116e-04
   1.269974899051e-04   5.432694597448e-05
  -2.726640768769e-04  -3.781017112330e-05
   1.011338142975e-03   1.415312097823e-04
  -3.656003424699e-04   7.724151913600e-05
  -1.358311107737e-04  -2.325559044514e-04
  -6.688537902528e-04   5.582216121350e-05
   5.981918797819e-04  -1.029796238961e-04
   3.627168700326e-04   3.767383131785e-04
  -2.023895149595e-05  -3.148617232905e-04
  -5.100382260021e-04   1.857019221225e-04
  -3.102723059250e-04  -3.831284930650e-04
   5.632987618730e-04   4.416475643347e-04
   1.748793071664e-04  -2.332113750954e-04
   2.239847139406e-04   2.907338742506e-04
  -9.471136495430e-04  -4.501661249903e-04
   2.809996578279e-04   2.703354619878e-04
  -2.269632279143e-05  -1.512659044197e-04
   9.237314688570e-04   2.932538147899e-04
  -7.640820518997e-04  -2.017217746627e-04
  -1.425384732148e-05  -1.467445316460e-05
  -5.648035361532e-04  -9.124233983237e-05
   9.785411687835e-04   1.302304929957e-04
  -6.785658498348e-05   1.611536323163e-04
   1.057907102636e-05  -2.193877300916e-04
  -8.126355197046e-04   3.873784252451e-05
   2.990573238671e-04  -1.814171454883e-04
   3.931746268148e-04   3.860660199209e-04
   2.541573464902e-04  -2.490903313849e-04
  -3.295827946474e-04   2.277975139609e-04
  -5.699517926629e-04  -4.451901412470e-04
   3.167758641812e-04   3.808026919984e-04
   2.573707939108e-04  -2.116952781939e-04
   5.358425946843e-04   3.586568404790e-04
  -8.882268128949e-04  -4.193783510670e-04
   4.399249833413e-05   1.978559207184e-04
  -2.436545163593e-04  -2.033095340134e-04
   1.053746104358e-03   3.293893059758e-04
  -4.704042939714e-04  -1.199353738349e-04
   8.118117990964e-06  -3.185321531217e-05
  -8.344829436510e-04  -1.456962708217e-04
   8.017030474858e-04   9.293034371905e-05
   1.039897981562e-04   1.995643965738e-04
   2.724483754493e-04  -1.627302063138e-04
  -8.135285352652e-04   4.777144635540e-05
   1.398956843612e-06  -2.570221280855e-04
   2.464458393554e-04   3.480061011008e-04
   4.821355918931e-04  -1.914174768866e-04
  -6.644264802102e-05   2.900862431704e-04
  -6.720539462916e-04  -4.692718306145e-04
   2.538632508574e-05   3.095621500177e-04
   1.969361505057e-04  -2.305504774421e-04
   7.730029038784e-04   4.222315947373e-04
  -6.799152176737e-04  -3.641196232580e-04
  -7.845320056275e-05   1.589397341027e-04
  -5.234033358320e-04  -2.758440916173e-04
   1.022145468348e-03   3.396593075145e-04
  -2.013184702912e-04  -6.333431317537e-05
   1.783791864899e-04   3.075989804796e-06
  -1.006735081047e-03  -1.843629916770e-04
   5.418022385811e-04   4.130594731617e-05
   1.122087220162e-04   1.856844441360e-04
   5.673950562894e-04  -8.336906262039e-05
  -6.834455230252e-04   7.964008030428e-05
  -2.114338973118e-04  -3.091000634023e-04
  -2.116467904967e-05   2.764877984438e-04
   6.030585582898e-04  -1.563266291229e-04
   1.988744028056e-04   3.547145785704e-04
  -5.995892424151e-04  -4.526206573292e-04
  -2.279615722385e-04   2.482163364952e-04
   2.452507764183e-05  -2.798229564064e-04
   8.727159539074e-04   4.630734159588e-04
  -3.918358120677e-04  -3.032361980194e-04
  -6.165779895078e-05   1.632231353353e-04
  -7.791503047992e-04  -3.482519439317e-04
   8.468431908545e-04   3.236050488405e-04
  -2.536595578293e-05  -4.652825081925e-05
   4.396781899970e-04   7.886459260334e-05
  -1.043631441925e-03  -2.005693449747e-04
   2.760484122278e-04  -6.794279756099e-06
  -3.174300360835e-05   1.240334473225e-04
   8.156246032818e-04  -6.099099711123e-07
  -4.727940531167e-04   1.210592473855e-04
  -2.845483827393e-04  -3.225097471654e-04
  -3.332953490142e-04   1.896352522220e-04
   5.984055494587e-04  -1.464539168829e-04
   3.899160089128e-04   4.009871110227e-04
  -3.796688643963e-04  -4.018568547748e-04
  -3.866204597291e-04   2.108054690090e-04
  -1.976384036849e-04  -3.422211096278e-04
   8.101875165739e-04   4.695611031151e-04
  -9.764962722621e-05  -2.530346250059e-04
   7.375890344844e-05   2.084261752947e-04
  -9.421002836203e-04  -4.044531322320e-04
   5.794977942322e-04   2.900054334261e-04
   2.650498078299e-05  -7.346418666255e-05
   7.153591378362e-04   1.776282881846e-04
  -9.477894486696e-04  -1.977990692679e-04
   7.376797221879e-05  -3.341972305171e-05
  -2.789747132333e-04   2.789141267360e-05
   9.594531203616e-04   7.195146723540e-05
  -2.476522309328e-04   1.535474256940e-04
  -2.025009950023e-04  -2.904930892730e-04
  -6.171837702043e-04   1.039670789183e-04
   4.891433601795e-04  -1.546488349163e-04
   4.539888815960e-04   4.109490630565e-04
  -6.750784068056e-05  -3.277848941370e-04
  -4.307412265016e-04   2.017016127512e-04
  -3.988056611788e-04  -3.987043358266e-04
   6.008349435721e-04   4.392644369958e-04
   1.447078154748e-04  -2.224959365413e-04
   2.735621971082e-04   2.815280163066e-04
  -9.713548683533e-04  -4.353117215701e-04
   2.845978922751e-04   2.521601281012e-04
  -3.764634826948e-05  -1.374065425336e-04
   9.300626892639e-04   2.794707381573e-04
  -7.521742327548e-04  -1.863836877389e-04
  -2.084374669611e-05  -2.534803265390e-05
  -5.625768138377e-04  -8.549057081764e-05
   9.735515275469e-04   1.277047742937e-04
  -6.747092328691e-05   1.591919724486e-04
   1.148835779157e-05  -2.145024983327e-04
  -8.196040531375e-04   3.024523603013e-05
   3.217532651665e-04  -1.678869719568e-04
   3.733761797414e-04   3.740906059314e-04
   2.723416317551e-04  -2.403367776337e-04
  -3.763669081481e-04   2.146293204926e-04
  -5.182937500543e-04  -4.323484193839e-04
   2.898834781012e-04   3.776848656766e-04
   3.027435236390e-04  -2.117050767532e-04
   4.687510771226e-04   3.620488157942e-04
  -8.579351378385e-04  -4.382377656032e-04
   1.994958813702e-05   2.226672777250e-04
  -1.798365375223e-04  -2.236775959876e-04
   1.026336330122e-03   3.657401851502e-04
  -5.024760352519e-04  -1.780576673185e-04
   2.353635725549e-06   2.267244313316e-05
  -8.157668717341e-04  -1.993932176115e-04
   8.648210302419e-04   1.662299567708e-04
   3.038345518271e-05   1.261186550848e-04
   3.057290634695e-04  -1.021476076603e-04
  -9.140073184685e-04  -2.837366546018e-05
   1.503818925156e-04  -1.713878841370e-04
   1.662180873995e-04   2.897032703946e-04
   5.798958221348e-04  -1.461316990570e-04
  -2.639244494391e-04   2.344956069676e-04
  -5.178235846151e-04  -4.304388989109e-04
  -6.433078284967e-05   2.944939129393e-04
   3.704925085888e-04  -2.131073122697e-04
   5.948218100331e-04   4.261846749760e-04
  -6.197931416923e-04  -4.144245158964e-04
  -1.764868785240e-04   2.090904826157e-04
  -3.468624507931e-04  -3.137518041306e-04
   9.752756739754e-04   4.213213376828e-04
  -2.410531172965e-04  -1.803883554429e-04
   1.197338594981e-04   1.064099833792e-04
  -9.841679389326e-04  -3.002330944306e-04
   6.632702378649e-04   1.911204000973e-04
   3.740209426233e-05   5.245534588991e-05
   6.137634215864e-04   3.465802469465e-05
  -8.990275291665e-04  -7.557688784178e-05
   2.124829259218e-05  -1.520896634405e-04
  -1.223546110704e-04   1.661147998188e-04
   8.077290102432e-04  -4.893668959159e-05
  -1.408594692077e-04   2.417053594379e-04
  -3.876651657756e-04  -3.852711928322e-04
  -4.053764117822e-04   1.994175503806e-04
   3.628066875533e-04  -2.147051232184e-04
   6.076321375428e-04   4.514270702550e-04
  -2.921135685412e-04  -3.651971172368e-04
  -2.922053739058e-04   2.111082258953e-04
  -4.846824396423e-04  -3.888170442337e-04
   7.795050058983e-04   4.361711522953e-04
   1.970192603916e-06  -1.929962590584e-04
   2.827230563000e-04   2.122225350997e-04
  -1.032185827198e-03  -3.780358381236e-04
   4.088340059184e-04   2.071282710558e-04
  -2.812049283877e-05  -5.250121420348e-05
   8.672614021845e-04   1.801585150069e-04
  -7.897969534669e-04  -1.184444069375e-04
  -3.838026493834e-05  -1.015530010379e-04
  -4.339017892707e-04   1.776118130864e-05
   9.248577550810e-04   4.816606045014e-05
  -4.484370873815e-05   2.181241659324e-04
  -1.468340973837e-04  -2.942874059487e-04
  -6.879882247654e-04   9.940071035956e-05
   3.056597005958e-04  -2.038526497512e-04
   4.936198116745e-04   4.215209211638e-04
   8.111502629490e-05  -2.897424658660e-04
  -3.376899579221e-04   2.197447915378e-04
  -5.494461876654e-04  -4.319880028675e-04
   4.683348856376e-04   4.058175958884e-04
   2.098203449121e-04  -2.069274270470e-04
   4.321147967470e-04   3.184028266050e-04
  -9.447428031174e-04  -4.251769056141e-04
   1.395248172999e-04   2.172840225325e-04
  -1.302939380493e-04  -1.703580189492e-04
   1.007634785773e-03   3.145786822671e-04
  -6.065544674509e-04  -1.621253289102e-04
  -2.594267185991e-05  -1.854488520081e-05
  -7.092846857761e-04  -1.379450731404e-04
   9.176375648410e-04   1.404376793626e-04
   7.500783408322e-06   1.535765931872e-04
   1.613452253759e-04  -1.605469169791e-04
  -8.812285344392e-04  -2.121491638796e-06
   2.259388573339e-04  -1.705431313804e-04
   2.721154564830e-04   3.307892146084e-04
   4.512836203776e-04  -1.859726689108e-04
  -3.365244354836e-04   2.193333004833e-04
  -5.152719744788e-04  -4.296429790122e-04
   8.828339161258e-05   3.308389260007e-04
   3.746666645938e-04  -2.076440085421e-04
   5.144332668949e-04   3.980626907790e-04
  -7.260213777547e-04  -4.342656950975e-04
  -1.159833088142e-04   2.205378354122e-04
  -2.280698509537e-04  -2.778833159554e-04
   9.968451828513e-04   4.151304110994e-04
  -3.666003440838e-04  -2.045639564155e-04
   3.690188516374e-05   8.885258377065e-05
  -8.975056305870e-04  -2.825556647719e-04
   7.882062819794e-04   2.200668804770e-04
   2.347636332467e-05   5.113416220084e-05
   4.764910433007e-04   5.586919458562e-06
  -9.667031280484e-04  -1.034914138029e-04
   1.432293956337e-04  -1.099590400981e-04
  -1.090083869594e-05   1.863954586070e-04
   7.668399228906e-04  -5.460042010917e-05
  -3.113291863113e-04   1.924981903016e-04
  -3.794576356248e-04  -3.728658690135e-04
  -3.064988381775e-04   2.160096145966e-04
   4.910366947627e-04  -1.807279680428e-04
   4.974903044933e-04   4.244419772673e-04
  -3.977869110013e-04  -3.968311274949e-04
  -3.402097905237e-04   2.106288692733e-04
  -2.867980464080e-04  -3.517579825984e-04
   8.259657162240e-04   4.594033183959e-04
  -8.371055125631e-05  -2.338629274448e-04
   1.117098536460e-04   2.023003242437e-04
  -9.614837703660e-04  -3.972034472553e-04
   5.516136659577e-04   2.760713012309e-04
   2.794853686520e-05  -7.111798420440e-05
   7.309757150186e-04   1.839794864927e-04
  -9.341580378009e-04  -2.009028788860e-04
   6.480485853062e-05  -2.462065620693e-05
  -2.951110423154e-04   7.862247274482e-06
   9.764900085656e-04   9.549069477056e-05
  -2.709568817979e-04   1.276394437758e-04
  -1.648134734419e-04  -2.598308945798e-04
  -6.611488479064e-04   7.005885007947e-05
   5.504212562870e-04  -1.182210569343e-04
   3.816296816921e-04   3.788353714273e-04
   5.292652780329e-07  -3.048898392868e-04
  -5.230661377210e-04   1.772010112113e-04
  -2.868388039036e-04  -3.728662822616e-04
   5.187850058758e-04   4.307691666079e-04
   2.251134207865e-04  -2.306312978930e-04
   1.569781544724e-04   2.946957612512e-04
  -8.826804518090e-04  -4.628271010440e-04
   2.333140187805e-04   2.954752113753e-04
   4.984232260021e-05  -1.834964502436e-04
   8.636033828008e-04   3.438321255917e-04
  -7.784025429793e-04  -2.837594049568e-04
  -1.516598620324e-05   7.384884809276e-05
  -5.201548165208e-04  -1.757249299813e-04
   1.036700851808e-03   2.437734935635e-04
  -2.048427054163e-04   2.702071041834e-05
   8.222688371677e-05  -9.935253610260e-05
  -9.244161808958e-04  -9.337483625560e-05
   5.394664850025e-04  -2.343750705227e-05
   2.021070431788e-04   2.592486777041e-04
   4.108364096498e-04  -1.565411608323e-04
  -6.538426532761e-04   1.101009059479e-04
  -2.289733270197e-04  -3.302680905713e-04
   1.288265602314e-04   3.242270667993e-04
   5.300741475555e-04  -1.760195109314e-04
   1.455035157488e-04   3.357076001121e-04
  -6.659105825234e-04  -4.616051561734e-04
  -1.317363055096e-04   2.658065188337e-04
   1.065265654203e-04  -2.530207159356e-04
   8.370225294218e-04   4.475808609116e-04
  -5.018266067218e-04  -3.322261381473e-04
  -1.108667875357e-04   1.642785829629e-04
  -6.389386336460e-04  -3.300922176374e-04
   9.230234339251e-04   3.593751893017e-04
  -8.877665108193e-05  -8.816342342000e-05
   2.997227506483e-04   8.547677568545e-05
  -1.052452398732e-03  -2.538946390605e-04
   4.427117189028e-04   8.710264748746e-05
   1.936674524140e-05   8.599663880844e-05
   7.592171868996e-04   3.584111573805e-05
  -7.130332301948e-04   6.765168236131e-06
  -1.362440532162e-04  -2.253012292144e-04
  -2.698522733791e-04   1.509120969253e-04
   7.832941452525e-04  -6.320385520712e-05
   8.013037081744e-05   3.021280853002e-04
  -3.440439103135e-04  -3.812859355243e-04
  -4.984225288404e-04   1.792189656352e-04
   1.920666913633e-04  -2.543324346747e-04
   6.543922495318e-04   4.612365520299e-04
  -1.239293349800e-04  -3.204647723159e-04
  -2.339626956858e-04   2.186738575484e-04
  -6.288726677298e-04  -4.215609341999e-04
   6.417887102398e-04   4.081465714117e-04
   9.786985564417e-05  -1.801125018589e-04
   4.263188986316e-04   2.564898934052e-04
  -1.014871146656e-03  -3.831858464064e-04
   2.496827042765e-04   1.852530851528e-04
  -1.016958178053e-04  -9.954233552916e-05
   9.684179848220e-04   2.394415179698e-04
  -6.703260524960e-04  -1.195227603388e-04
  -5.045450222923e-05  -7.541201627395e-05
  -5.967471293694e-04  -6.017300068527e-05
   9.240829142669e-04   9.272886734387e-05
   1.066045868512e-07   1.910317117032e-04
   2.030597053478e-05  -2.229625719900e-04
  -8.111098023614e-04   3.830908344830e-05
   2.739207621971e-04  -1.800819970915e-04
   3.670185659390e-04   3.690422486436e-04
   3.065170364649e-04  -2.274725486928e-04
  -3.788379484819e-04   2.099705904636e-04
  -5.003288053680e-04  -4.246299341349e-04
   2.374049020854e-04   3.641216445030e-04
   3.497847225170e-04  -2.065743139984e-04
   4.243553012909e-04   3.665497163719e-04
  -8.049810195015e-04  -4.473599884105e-04
  -3.475823271007e-05   2.368389752046e-04
  -1.174262789006e-04  -2.446499327182e-04
   9.816448716377e-04   4.030640281119e-04
  -4.945918679233e-04  -2.352867901942e-04
  -2.074641676172e-05   8.434979634432e-05
  -7.826309064110e-04  -2.644949044402e-04
   8.965299101818e-04   2.523090685232e-04
  -2.955603512813e-05   2.982026303967e-05
   3.417007541263e-04  -1.001042592365e-05
  -1.007302610487e-03  -1.375768570681e-04
   3.002965422600e-04  -4.765792941251e-05
   6.520904658985e-05   1.863939230812e-04
   7.068111582293e-04  -5.315188083848e-05
  -5.104749895799e-04   1.248904940109e-04
  -2.999943919719e-04  -3.313075868528e-04
  -2.092781947447e-04   2.221033533419e-04
   6.200331379200e-04  -1.404340357845e-04
   3.031368294301e-04   3.749704870909e-04
  -4.527279197456e-04  -4.156727440722e-04
  -3.794286660786e-04   2.116720634684e-04
  -2.705902295664e-05  -3.019665347986e-04
   7.909078126479e-04   4.713721138701e-04
  -1.764564392863e-04  -2.923689835074e-04
  -8.337264126007e-05   2.057406561330e-04
  -7.892929577490e-04  -4.097709983974e-04
   6.748823410652e-04   3.603423291087e-04
   5.252825092313e-05  -1.249293859627e-04
   5.329696724649e-04   2.077650410849e-04
  -1.029727581026e-03  -3.089354128364e-04
   2.180649509708e-04   1.006723100088e-04
  -1.496138776436e-04  -3.655868030778e-05
   9.742940674042e-04   1.683350797716e-04
  -5.649024450264e-04  -2.194844112962e-05
  -1.045483431083e-04  -1.602111582948e-04
  -5.948163314097e-04   6.936637569819e-06
   8.233072445374e-04   1.117416902209e-05
   1.291636537945e-04   2.691961366770e-04
  -3.330340603035e-05  -2.759415452058e-04
  -7.204349184623e-04   9.718588653112e-05
   1.187955488186e-04  -2.487117087602e-04
   4.553964247513e-04   4.089460228043e-04
   2.454852211185e-04  -2.465390405178e-04
  -2.370081596371e-04   2.408947869235e-04
  -6.274764808689e-04  -4.500332454705e-04
   2.866951565370e-04   3.651979902364e-04
   2.652537240686e-04  -2.051485123954e-04
   5.400232530964e-04   3.624425105042e-04
  -8.486002242788e-04  -4.208028002050e-04
  -1.766638138348e-06   2.067884963406e-04
  -2.048049619058e-04  -2.260259105252e-04
   1.022503858695e-03   3.689132280619e-04
  -4.706393668910e-04  -1.811147185153e-04
   1.472514838845e-07   3.948682050171e-05
  -8.200117919249e-04  -2.255447309478e-04
   8.636510702581e-04   1.989591716438e-04
   9.497426361340e-06   8.238791832575e-05
   3.402818088239e-04  -5.146653914163e-05
  -9.670567228926e-04  -8.805390129291e-05
   2.296080229715e-04  -1.016847050300e-04
   9.427305642274e-05   2.242289153203e-04
   6.728558944460e-04  -8.482981966308e-05
  -4.253771161588e-04   1.644414614450e-04
  -3.654113248796e-04  -3.644739786442e-04
  -1.787803610878e-04   2.432604143351e-04
   5.565223567191e-04  -1.625659662827e-04
   3.780764894071e-04   3.926745924237e-04
  -4.885005146152e-04  -4.198124816387e-04
  -3.385066216791e-04   2.158715545200e-04
  -9.371452806017e-05  -3.103101748272e-04
   8.281912328674e-04   4.679941858672e-04
  -1.898500829777e-04  -2.786179342714e-04
  -4.557649104159e-05   1.961213051451e-04
  -8.257924517009e-04  -4.003236178977e-04
   6.800788223189e-04   3.431639057523e-04
   4.476383111420e-05  -1.072442599800e-04
   5.502995687566e-04   1.918627404045e-04
  -1.026685379658e-03  -2.885368643628e-04
   2.080547043350e-04   7.987067298543e-05
  -1.530014212918e-04  -2.081025202307e-05
   9.686257978317e-04   1.523877923978e-04
  -5.436787584649e-04  -3.900240625879e-06
  -1.175939529810e-04  -1.750467373320e-04
  -5.875666409871e-04   1.869867602096e-05
   8.070133303351e-04  -3.973642645223e-07
   1.459172809848e-04   2.783447967733e-04
  -4.437946659941e-05  -2.819575432491e-04
  -7.089693553591e-04   1.024200666884e-04
   1.083270393703e-04  -2.527699996821e-04
   4.636114893829e-04   4.111327818985e-04
   2.384232764486e-04  -2.474219794522e-04
  -2.357976964727e-04   2.401325984860e-04
  -6.268924660503e-04  -4.489726240720e-04
   2.908163149437e-04   3.655058365385e-04
   2.679344228488e-04  -2.043720243910e-04
   5.294520325137e-04   3.608620754238e-04
  -8.477296242978e-04  -4.229316857472e-04
  -2.179586782038e-06   2.100981934893e-04
  -1.891757727827e-04  -2.266199153479e-04
   1.015274991231e-03   3.730947837087e-04
  -4.799127241587e-04  -1.915599179355e-04
  -6.491455576150e-06   4.810134311482e-05
  -8.061023243070e-04  -2.333367425323e-04
   8.765205773662e-04   2.137844391762e-04
  -4.086218605206e-06   6.649532953200e-05
   3.339227108282e-04  -3.923024238382e-05
  -9.823444975205e-04  -1.067835886299e-04
   2.646375760386e-04  -7.784234588731e-05
   8.613392352567e-05   2.082744746723e-04
   6.839765358725e-04  -7.029887991876e-05
  -4.783130235921e-04   1.407870373567e-04
  -3.248606503050e-04  -3.435950594953e-04
  -1.899811688635e-04   2.309164151353e-04
   6.032379522530e-04  -1.457252825823e-04
   3.132091923291e-04   3.762557055106e-04
  -4.644662861108e-04  -4.166329178047e-04
  -3.724266333399e-04   2.116518388860e-04
  -1.747557737668e-05  -2.981016301672e-04
   7.876549097845e-04   4.697780294195e-04
  -1.826251685741e-04  -2.952019032423e-04
  -1.026697628223e-04   2.049598265665e-04
  -7.634413676867e-04  -4.090992415193e-04
   6.798034727544e-04   3.691281207272e-04
   5.821993017363e-05  -1.346147483101e-04
   4.998583034067e-04   2.151227122474e-04
  -1.030446931092e-03  -3.283042393717e-04
   2.370266315471e-04   1.267937090346e-04
  -1.260420631182e-04  -5.367346878154e-05
   9.670905267951e-04   1.911508719791e-04
  -6.184348995401e-04  -6.260813589013e-05
  -8.128053669354e-05  -1.237429339656e-04
  -5.839546952037e-04  -2.141259404603e-05
   8.811842914019e-04   5.364930655389e-05
   4.966499917303e-05   2.243463383503e-04
  -1.328318676965e-05  -2.470436000267e-04
  -7.762138326837e-04   5.953880893203e-05
   2.400535785329e-04  -1.974155448265e-04
   3.953002057300e-04   3.800206187363e-04
   2.803543601615e-04  -2.337209899824e-04
  -3.692781886930e-04   2.104981912717e-04
  -5.028922680335e-04  -4.230190212413e-04
   2.540908156867e-04   3.657306851167e-04
   3.520922284100e-04  -2.042012233309e-04
   3.947194377397e-04   3.597769805905e-04
  -8.010683694940e-04  -4.499204206981e-04
  -3.432999043043e-05   2.430320576091e-04
  -7.097640362465e-05  -2.422493785861e-04
   9.532707597146e-04   4.097879469619e-04
  -5.155751697489e-04  -2.608937505389e-04
  -4.594069103295e-05   1.046908856807e-04
  -7.289229618823e-04  -2.806725600958e-04
   9.211306822781e-04   2.899455083085e-04
  -6.219298606526e-05  -1.422849063981e-05
   3.095694646485e-04   2.367675089863e-05
  -1.031015204924e-03  -1.892252062263e-04
   3.899168085229e-04   2.124399516793e-05
   5.068986985860e-05   1.382025341225e-04
   7.219196014006e-04  -8.437699527962e-06
  -6.519557024204e-04   4.989054759260e-05
  -1.862641180138e-04  -2.611506694496e-04
  -2.296524217917e-04   1.786466130352e-04
   7.433688431613e-04  -8.329573638380e-05
   1.091494704430e-04   3.128190705702e-04
  -3.759821139477e-04  -3.893160146946e-04
  -4.727618484107e-04   1.843899855838e-04
   1.998908049865e-04  -2.499490308612e-04
   6.534129756754e-04   4.576699612952e-04
  -1.429576766524e-04  -3.235768558711e-04
  -2.644717220632e-04   2.128464280825e-04
  -5.762346944863e-04  -4.124440441026e-04
   6.480525363478e-04   4.166921198811e-04
   1.079099582873e-04  -1.914157235973e-04
   3.500559934949e-04   2.601624623392e-04
  -9.930527133996e-04  -4.068822740327e-04
   2.736796407584e-04   2.244239671380e-04
  -4.252272808887e-05  -1.228760306568e-04
   9.231672787317e-04   2.727491941590e-04
  -7.453423066735e-04  -1.910953419864e-04
  -2.579350739508e-05  -8.718078525751e-06
  -5.401993002761e-04  -1.082113010633e-04
   9.979587050286e-04   1.705373275830e-04
  -1.376268268101e-04   9.785217863428e-05
   3.759004154416e-05  -1.567248081610e-04
  -8.768142343210e-04  -4.177261651771e-05
   4.849378213305e-04  -6.880109510965e-05
   2.540349944767e-04   2.936419793819e-04
   3.561278222521e-04  -1.819888559656e-04
  -6.214369167132e-04   1.245896263429e-04
  -2.462813740382e-04  -3.377285107891e-04
   1.705454377507e-04   3.342010000019e-04
   5.125055770843e-04  -1.771841334976e-04
   1.092944387251e-04   3.232259092180e-04
  -6.623233985012e-04  -4.584460529047e-04
  -1.177799029161e-04   2.688368803371e-04
   1.723559377479e-04  -2.399613878467e-04
   7.774774555843e-04   4.424720247160e-04
  -5.222273690988e-04  -3.563003288937e-04
  -1.591173605022e-04   1.796258792223e-04
  -5.230092764113e-04  -3.330490992643e-04
   9.258015399593e-04   3.973862985977e-04
  -1.212069234349e-04  -1.449321182104e-04
   2.089641653294e-04   1.248662518794e-04
  -1.022422315320e-03  -3.159547174118e-04
   5.415156022855e-04   1.836087114300e-04
   2.656338366142e-05   1.343449128394e-05
   7.210650771450e-04   1.040169514124e-04
  -8.785832771132e-04  -1.177455010495e-04
   1.422026248648e-05  -9.872970392089e-05
  -2.522882601398e-04   7.029191730746e-05
   9.190427025469e-04   4.180726794884e-05
  -2.188066822834e-04   1.678074843644e-04
  -2.227848782803e-04  -2.932257253483e-04
  -6.026151849511e-04   9.806582265712e-05
   5.368322357581e-04  -1.289837880021e-04
   3.960760249761e-04   3.826714928178e-04
  -4.991205566326e-05  -3.135133515974e-04
  -5.364783408048e-04   1.694264388468e-04
  -2.221049239192e-04  -3.521808178176e-04
   5.328947514224e-04   4.310807947689e-04
   2.211595163042e-04  -2.346057185542e-04
   4.078828150622e-05   2.778319606271e-04
  -8.152536439910e-04  -4.637455294348e-04
   2.548374944883e-04   3.231518758979e-04
   1.455337140442e-04  -1.916471934535e-04
   7.380321135637e-04   3.583500499033e-04
  -8.194463967463e-04  -3.544177378068e-04
  -2.053093363253e-05   1.436823970949e-04
  -3.667663987867e-04  -2.133345860127e-04
   1.047302323012e-03   3.267273428011e-04
  -3.486110943368e-04  -1.002558974732e-04
   4.290941778668e-05  -3.575941802802e-06
  -8.972962791763e-04  -1.974940467419e-04
   7.560657394488e-04   1.367364699052e-04
   7.155861759296e-05   1.266319169958e-04
   4.090632178044e-04  -6.147901313014e-05
  -9.146731978883e-04  -5.039848537517e-05
   1.128483795048e-04  -1.493630400474e-04
   5.943362799391e-05   2.259949326387e-04
   7.049055316103e-04  -8.115697608272e-05
