   0.000000000000e+00   0.000000000000e+00
  -2.342156678372e-04  -1.855178103991e-04
  -3.979119380595e-04  -8.903848823874e-05
  -1.023410965081e-04   1.045195841238e-04
   1.262767553565e-04   1.695292233237e-05
  -7.899600060653e-05  -1.456057975085e-04
  -1.743879810934e-04  -1.756098511706e-05
   1.629803778241e-04   1.663904168744e-04
   3.515295226738e-04   5.251168881071e-05
   1.015388540140e-04  -9.761760363184e-05
   1.358607469327e-05   4.813460656756e-05
   3.199077586705e-04   1.965789824401e-04
   3.935043247765e-04   3.996933126147e-05
   5.770064573417e-05  -1.005705938623e-04
  -4.342381483868e-05   5.374859866199e-05
   2.138575798811e-04   1.594124839432e-04
   1.854148317320e-04  -2.983736850751e-05
  -1.904751838655e-04  -1.504920784164e-04
  -2.595672503036e-04   1.670633480004e-05
   3.400195782980e-06   9.798018298985e-05
  -4.320264520210e-05  -9.764274993660e-05
  -3.773353879023e-04  -1.850674111812e-04
  -3.553832568390e-04   5.340780158012e-06
  -3.069855712164e-05   8.115781225374e-05
  -4.302412284660e-05  -1.062116115277e-04
  -3.068555006083e-04  -1.563037621015e-04
  -1.899291568542e-04   5.642413291648e-05
   1.771085222039e-04   1.201557123331e-04
   1.569354216718e-04  -6.763667017291e-05
  -8.526257933000e-05  -8.753408377302e-05
   6.994130243313e-05   1.301557399732e-04
   3.975427549473e-04   1.553392722630e-04
   2.852379940587e-04  -4.799134734648e-05
   6.608579647650e-06  -4.616872837177e-05
   1.474489496287e-04   1.571770887770e-04
   3.808305721323e-04   1.286618186397e-04
   1.541135106815e-04  -8.846744231328e-05
  -1.530616557854e-04  -6.489108874879e-05
  -1.537985877899e-05   1.221425581415e-04
   1.576771367995e-04   5.467598204013e-05
  -1.147567431991e-04  -1.570526719308e-04
  -3.827642347500e-04  -1.032922347338e-04
  -1.882383227668e-04   8.253279620069e-05
   2.115021273008e-06   2.794704278780e-06
  -2.364754581276e-04  -1.861702217395e-04
  -4.126126788528e-04  -9.530394922983e-05
  -1.277341995091e-04   9.834861911845e-05
   1.012817795921e-04   1.363927865260e-05
  -1.025216896612e-04  -1.516746432472e-04
  -2.045673030170e-04  -2.804861993261e-05
   1.305770290991e-04   1.591919513667e-04
   3.307553905721e-04   5.101475685397e-05
   9.083849357691e-05  -1.010726365367e-04
   2.025144534916e-06   4.187785225818e-05
   3.132805067016e-04   1.964699901388e-04
   4.041086585456e-04   4.622202317083e-05
   7.839117368528e-05  -9.706285022331e-05
  -2.532325157960e-05   5.496574684122e-05
   2.350625335646e-04   1.664672360056e-04
   2.176506921805e-04  -1.903905322445e-05
  -1.574573684720e-04  -1.443991404289e-04
  -2.368788432623e-04   1.955863237595e-05
   2.139064204599e-05   1.041864783553e-04
  -2.403182589544e-05  -9.077179871717e-05
  -3.659230601117e-04  -1.844300411258e-04
  -3.595222109468e-04   1.975200644755e-06
  -4.260545215242e-05   8.026625537813e-05
  -5.489983668396e-05  -1.070335903540e-04
  -3.257242419698e-04  -1.634263757942e-04
  -2.212374811201e-04   4.652150382427e-05
   1.451261824782e-04   1.152159541431e-04
   1.341174576404e-04  -7.090227513067e-05
  -1.077665799042e-04  -9.624932952826e-05
   4.265480700028e-05   1.214607198217e-04
   3.801400355692e-04   1.549785089658e-04
   2.853203711826e-04  -4.588500256193e-05
   1.043831355119e-05  -4.911000306598e-05
   1.498891200536e-04   1.563201154792e-04
   3.960279011215e-04   1.365933079750e-04
   1.840161387477e-04  -7.990976750552e-05
  -1.251546032221e-04  -6.208036691526e-05
   6.472159780017e-06   1.266331977689e-04
   1.851588178526e-04   6.515475936087e-05
  -8.327931086285e-05  -1.489426109714e-04
  -3.625279569434e-04  -1.021281168158e-04
  -1.808906324879e-04   8.388087251676e-05
   7.990593245927e-06   7.643927357828e-06
  -2.329807599015e-04  -1.853603195211e-04
  -4.237555798332e-04  -1.018075146213e-04
  -1.517870135744e-04   9.247730737577e-05
   7.886272352812e-05   1.199868149357e-05
  -1.228436266783e-04  -1.570165367897e-04
  -2.346494966120e-04  -3.957954283317e-05
   9.567598070964e-05   1.514536882150e-04
   3.085574817818e-04   5.020505383661e-05
   7.921430960174e-05  -1.049258629178e-04
  -1.340069675307e-05   3.360301433276e-05
   3.011292494294e-04   1.952686832909e-04
   4.115799489093e-04   5.280011237757e-05
   9.727347476912e-05  -9.435620449821e-05
  -1.116015215897e-05   5.415331888731e-05
   2.522713679141e-04   1.730529129479e-04
   2.496743589544e-04  -7.213862018584e-06
  -1.229906576094e-04  -1.385208099067e-04
  -2.145193275711e-04   2.133951409854e-05
   3.973323839242e-05   1.111538628246e-04
  -8.009782813076e-07  -8.195220962456e-05
  -3.496835506759e-04  -1.833082899092e-04
  -3.612495582513e-04  -1.681338582176e-06
  -5.205302787966e-05   8.068507876624e-05
  -6.193590880045e-05  -1.058692429658e-04
  -3.404415847742e-04  -1.702768611943e-04
  -2.517742948274e-04   3.602380052441e-05
   1.131430511356e-04   1.109982015023e-04
   1.127519413396e-04  -7.310944601584e-05
  -1.302154564103e-04  -1.057495618799e-04
   1.188826286812e-05   1.112139222120e-04
   3.589022573160e-04   1.545161198038e-04
   2.835634624648e-04  -4.358901929377e-05
   1.142667737390e-05  -5.367337450766e-05
   1.468679034014e-04   1.535571355306e-04
   4.070585574341e-04   1.445392551790e-04
   2.129677579585e-04  -7.107324917559e-05
  -9.864343915191e-05  -6.068505876759e-05
   2.538561691299e-05   1.300291987489e-04
   2.123080911658e-04   7.670933215595e-05
  -4.867763586482e-05  -1.397503470902e-04
  -3.399149110150e-04  -1.015158590755e-04
  -1.725900944776e-04   8.525077698094e-05
   1.718255250328e-05   1.443386053157e-05
  -2.238676555008e-04  -1.830250101481e-04
  -4.311738914627e-04  -1.085040785847e-04
  -1.743548310394e-04   8.684907798292e-05
   5.915339984041e-05   1.206744041080e-05
  -1.395342929861e-04  -1.614262160474e-04
  -2.639747638618e-04  -5.199570684719e-05
   5.877632086394e-05   1.431889403003e-04
   2.852642625633e-04   5.016833657912e-05
   6.717061509808e-05  -1.089375146339e-04
  -3.210277443226e-05   2.343841956283e-05
   2.836684017947e-04   1.928979263423e-04
   4.158266182074e-04   5.970198773869e-05
   1.143893431894e-04  -9.231341845621e-05
  -8.996668803275e-07   5.128094028431e-05
   2.650839797873e-04   1.789445885003e-04
   2.808748391560e-04   5.536707431574e-06
  -8.745359109290e-05  -1.328353869917e-04
  -1.928350257782e-04   2.190629840072e-05
   5.779937493936e-05   1.186291108507e-04
   2.588497989874e-05  -7.126477743946e-05
  -3.288546527254e-04  -1.816693505182e-04
  -3.606784016767e-04  -5.723352499222e-06
  -5.927672455347e-05   8.227916315771e-05
  -6.420649614599e-05  -1.026603612520e-04
  -3.506761150837e-04  -1.766942136614e-04
  -2.810997414653e-04   2.496169869402e-05
   8.143048396855e-05   1.074900604568e-04
   9.320187268483e-05  -7.408375885032e-05
  -1.519302371168e-04  -1.157855601047e-04
  -2.172962379363e-05   9.947219161641e-05
   3.340863661892e-04   1.539259085619e-04
   2.801841907273e-04  -4.094488099041e-05
   1.000376312588e-05  -5.967097007621e-05
   1.385883907196e-04   1.488144444640e-04
   4.136333549327e-04   1.523489397916e-04
   2.406611975404e-04  -6.190539511690e-05
  -7.362649795665e-05  -6.066726396824e-05
   4.100672802109e-05   1.321101600053e-04
   2.384066578808e-04   8.911727080347e-05
  -1.150521193721e-05  -1.294795410584e-04
  -3.151909474650e-04  -1.014883480022e-04
  -1.637416523109e-04   8.641944195438e-05
   2.915053930028e-05   2.301720096693e-05
  -2.093435456284e-04  -1.790900707964e-04
  -4.347247464296e-04  -1.153470022424e-04
  -1.953629359485e-04   8.136324754158e-05
   4.216740601649e-05   1.384704833338e-05
  -1.522379711299e-04  -1.646901651199e-04
  -2.918947985812e-04  -6.513711374182e-05
   2.034339250417e-05   1.343785998557e-04
   2.611461755088e-04   5.097297945979e-05
   5.521579231714e-05  -1.128417463772e-04
  -5.342203344282e-05   1.153277051331e-05
   2.611590538762e-04   1.892662453318e-04
   4.167734228830e-04   6.692873729580e-05
   1.298563037898e-04  -9.075054247793e-05
   5.618179708078e-06   4.634773130104e-05
   2.731647191575e-04   1.839025743922e-04
   3.106544286882e-04   1.911841923323e-05
  -5.115826828586e-05  -1.272738088533e-04
  -1.720864863369e-04   2.112917327217e-05
   7.495356865239e-05   1.263257075705e-04
   5.536279287877e-05  -5.879456843865e-05
  -3.036801575873e-04  -1.794526271344e-04
  -3.579238621998e-04  -1.025806063979e-05
  -6.459966333487e-05   8.486461128973e-05
  -6.189935986664e-05  -9.736388438967e-05
  -3.561459753261e-04  -1.825046746625e-04
  -3.088075589682e-04   1.334515980644e-05
   5.017226446387e-05   1.046352050627e-04
   7.574590704262e-05  -7.365840122721e-05
  -1.722382654547e-04  -1.260874908739e-04
  -5.754624549825e-05   8.628570416639e-05
   3.059344188134e-04   1.531567609813e-04
   2.753963314950e-04  -3.778042838119e-05
   6.678154937969e-06  -6.687337030167e-05
   1.253521374408e-04   1.420259443121e-04
   4.155003681847e-04   1.598582605478e-04
   2.668283139972e-04  -5.232413745626e-05
  -5.009176009931e-05  -6.194038969209e-05
   5.307425515409e-05   1.326541049202e-04
   2.627363012446e-04   1.021355379434e-04
   2.768445550321e-05  -1.181075263372e-04
  -2.885650025214e-04  -1.020471643758e-04
  -1.547401119480e-04   8.713794444669e-05
   4.327122896043e-05   3.321094646553e-05
  -1.896856997890e-04  -1.734708478813e-04
  -4.342810466835e-04  -1.222808881725e-04
  -2.147918398891e-04   7.587910547574e-05
   2.780070024896e-05   1.729949551734e-05
  -1.606803219910e-04  -1.665893674722e-04
  -3.177764055037e-04  -7.883742902951e-05
  -1.918882989816e-05   1.249720232893e-04
   2.364061786340e-04   5.266208789275e-05
   4.384160322865e-05  -1.163521038026e-04
  -7.664059065131e-05  -1.941716337817e-06
   2.339079589516e-04   1.842679826875e-04
   4.143506579742e-04   7.447509147507e-05
   1.438481763724e-04  -8.944169500035e-05
   8.674473728793e-06   3.938826923983e-05
   2.762518673873e-04   1.876742876255e-04
   3.384271597947e-04   3.343700190252e-05
  -1.435752218694e-05  -1.217200263369e-04
  -1.524375197308e-04   1.890055085809e-05
   9.057317427610e-05   1.339265547982e-04
   8.691667602712e-05  -4.463550271157e-05
  -2.744073777595e-04  -1.765663482784e-04
  -3.530859162036e-04  -1.539590133139e-05
  -6.841476590723e-05   8.820982905864e-05
  -5.531462115675e-05  -8.995646243568e-05
  -3.566212637046e-04  -1.875188787588e-04
  -3.345165398824e-04   1.170015086516e-06
   1.947030306870e-05   1.023310773477e-04
   6.056697934751e-05  -7.168154912616e-05
  -1.904876467521e-04  -1.363647180526e-04
  -9.488732515158e-05   7.170215806962e-05
   2.746703682396e-04   1.521278814376e-04
   2.693912968430e-04  -3.391962067045e-05
   2.017835079571e-06  -7.500984824703e-05
   1.075583813388e-04   1.331383260707e-04
   4.124459172763e-04   1.668850030460e-04
   2.912256458545e-04  -4.222653592174e-05
  -2.792588318458e-05  -6.436556342724e-05
   6.143215286107e-05   1.314453632990e-04
   2.845899804294e-04   1.154969844611e-04
   6.833384803447e-05  -1.055900966033e-04
  -2.601842318859e-04  -1.031548694452e-04
  -1.459478937315e-04   8.713977100714e-05
   5.885254264527e-05   4.479336317947e-05
  -1.652417616289e-04  -1.660743505397e-04
  -4.297240925615e-04  -1.292334683348e-04
  -2.326596257015e-04   7.022151782301e-05
   1.583664297283e-05   2.234218710052e-05
  -1.646780460354e-04  -1.669027522725e-04
  -3.410042447060e-04  -9.291844584522e-05
  -5.941192090253e-05   1.148893603200e-04
   2.111728437489e-04   5.524533821019e-05
   3.350234840914e-05  -1.191676188098e-04
  -1.009931360269e-04  -1.678526191931e-05
   2.022686279738e-04   1.777845505098e-04
   4.084841733661e-04   8.231960661573e-05
   1.565732295620e-04  -8.812505715323e-05
   8.665478429116e-06   3.047918183848e-05
   2.741678276451e-04   1.899968716664e-04
   3.636163131733e-04   4.838930293338e-05
   2.274363872552e-05  -1.160129089042e-04
  -1.339464857681e-04   1.514538984013e-05
   1.040691496059e-04   1.410872600932e-04
   1.197829066547e-04  -2.889682676600e-05
  -2.412883597258e-04  -1.728852127518e-04
  -3.462325336063e-04  -2.123951075297e-05
  -7.116412066522e-05   9.203730462852e-05
  -4.486315077379e-05  -8.044041858608e-05
  -3.519277193844e-04  -1.915292410592e-04
  -3.578601995768e-04  -1.157365394219e-05
  -1.064583641924e-05   1.004274105193e-04
   4.774230649649e-05  -6.802465478788e-05
  -2.060619398319e-04  -1.463055528489e-04
  -1.330571399317e-04   5.577261541972e-05
   2.405000886582e-04   1.507246943643e-04
   2.623194278679e-04  -2.919333733569e-05
  -3.370536146451e-06  -8.376889662710e-05
   8.570347234073e-05   1.221175212453e-04
   4.042970054618e-04   1.732242757872e-04
   3.136183240738e-04  -3.149927199239e-05
  -6.927034812565e-06  -6.774866089672e-05
   6.604151201277e-05   1.282837581075e-04
   3.032836386143e-04   1.289064548991e-04
   1.098743119729e-04  -9.186857060626e-05
  -2.301331310437e-04  -1.047274747301e-04
  -1.376723352857e-04   8.615067134397e-05
   7.514930615704e-05   5.750036582491e-05
  -1.364324179318e-04  -1.568032194896e-04
  -4.209379408551e-04  -1.361068843050e-04
  -2.490016327170e-04   6.418837349044e-05
   5.953937563812e-06   2.884256063173e-05
  -1.641489431935e-04  -1.654117990580e-04
  -3.609835013285e-04  -1.071835726674e-04
  -9.993375449188e-05   1.040256880077e-04
   1.854965739722e-04   5.869068504588e-05
   2.459392794187e-05  -1.209798503467e-04
  -1.256785649865e-04  -3.276569291687e-05
   1.666447143164e-04   1.696871606966e-04
   3.990870678820e-04   9.041438561825e-05
   1.682503369705e-04  -8.651033198326e-05
   6.094387839953e-06   1.974614336490e-05
   2.668301162864e-04   1.906010162790e-04
   3.856519887569e-04   6.385327052543e-05
   5.997265540615e-05  -1.099500649131e-04
  -1.165605548354e-04   9.832193225987e-06
   1.149078381881e-04   1.474405040746e-04
   1.531540054048e-04  -1.171123950424e-05
  -2.045849585801e-04  -1.682496360180e-04
  -3.373842030651e-04  -2.787145442423e-05
  -7.331579339739e-05   9.602651533672e-05
  -3.106409317212e-05  -6.885100308203e-05
  -3.419521374854e-04  -1.943081453031e-04
  -3.784756572660e-04  -2.489152940358e-05
  -4.020563751937e-05   9.872601938573e-05
   3.723537779983e-05  -6.259155228055e-05
  -2.183953726622e-04  -1.555774867734e-04
  -1.713376095433e-04   3.855885894445e-05
   2.036149323998e-04   1.487960045046e-04
   2.542728624391e-04  -2.345105515615e-05
  -8.863975520945e-06  -9.279960328965e-05
   6.037985798799e-05   1.089563733265e-04
   3.909257863237e-04   1.786448501292e-04
   3.337635087146e-04  -2.003077053736e-05
   1.317832486895e-05  -7.183857196298e-05
   6.699100900607e-05   1.229951161645e-04
   3.181693675343e-04   1.420372847960e-04
   1.517168974628e-04  -7.687915477793e-05
  -1.984372444525e-04  -1.066278193608e-04
  -1.301435143598e-04   8.390018726193e-05
   9.138080200567e-05   7.102195440785e-05
  -1.037556818854e-04  -1.455617678893e-04
  -4.078064650617e-04  -1.427690873857e-04
  -2.638485349952e-04   5.755999443243e-05
  -2.262116360363e-06   3.661297009026e-05
  -1.591218538360e-04  -1.619065493722e-04
  -3.771433601438e-04  -1.214109939262e-04
  -1.403666029057e-04   9.225715737921e-05
   1.593496855624e-04   6.291653642303e-05
   1.743348357308e-05  -1.214811618443e-04
  -1.498725977022e-04  -4.961342242576e-05
   1.274953170236e-04   1.598414530896e-04
   3.860542921961e-04   9.867501415266e-05
   1.790839586687e-04  -8.428803923677e-05
   1.560008928828e-06   7.370763489884e-06
   2.542629780365e-04   1.892165328278e-04
   4.039700124490e-04   7.967733127931e-05
   9.717047182674e-05  -1.032941358234e-04
  -1.001139954123e-04   2.984278909733e-06
   1.226337098879e-04   1.526021099311e-04
   1.861834746443e-04   6.755609025499e-06
  -1.645780821747e-04  -1.624672543365e-04
  -3.265010230187e-04  -3.534090959179e-05
  -7.533805807819e-05   9.981852892950e-05
  -1.454096155364e-05  -5.526499204622e-05
  -3.266502030438e-04  -1.956075982558e-04
  -3.959927073245e-04  -3.877346395184e-05
  -6.928025004087e-05   9.698235922716e-05
   2.889040411418e-05  -5.532853217915e-05
  -2.269891797116e-04  -1.638284122444e-04
  -2.089867456095e-04   2.014241161266e-05
   1.641993724462e-04   1.461528561330e-04
   2.452705871420e-04  -1.657349521203e-05
  -1.384739704082e-05  -1.017142269359e-04
   3.227440565010e-05   9.368372105243e-05
   3.722568192799e-04   1.828869161032e-04
   3.513941972040e-04  -7.724990589033e-06
   3.271449299737e-05  -7.632715135532e-05
   6.450548038771e-05   1.154432796287e-04
   3.286506969909e-04   1.545287363579e-04
   1.932417894292e-04  -6.056478399946e-05
  -1.650720750102e-04  -1.086603246488e-04
  -1.234930532191e-04   8.013514651703e-05
   1.067508769337e-04   8.499910570087e-05
  -6.779273209320e-05  -1.322645493200e-04
  -3.902141876166e-04  -1.490457735502e-04
  -2.772031785608e-04   5.011089307618e-05
  -9.304525839993e-06   4.540602075789e-05
  -1.497468337335e-04  -1.561935687276e-04
  -3.889422964211e-04  -1.353467624611e-04
  -1.803127409577e-04   7.944955131074e-05
   1.326308702483e-04   6.778451580234e-05
   1.223942313531e-05  -1.203746593728e-04
  -1.727419773144e-04  -6.701636511217e-05
   8.534232497311e-05   1.481143855207e-04
   3.692609037934e-04   1.069709403998e-04
   1.892382634504e-04  -8.114089606034e-05
  -4.257944217455e-06  -6.402835325331e-06
   2.366097398649e-04   1.855800923874e-04
   4.180132130252e-04   9.566959831047e-05
   1.341695979725e-04  -9.578186100834e-05
  -8.433104841356e-05  -5.309022368510e-06
   1.268930322674e-04   1.561793208209e-04
   2.179921835728e-04   2.629466961998e-05
  -1.215808919706e-04  -1.553172146321e-04
  -3.134733927930e-04  -4.364966770083e-05
  -7.767124889103e-05   1.030227962819e-04
   3.984397207940e-06  -3.981036949547e-05
  -3.060570125337e-04  -1.951609522395e-04
  -4.100243050528e-04  -5.318063789996e-05
  -9.796134633755e-05   9.490931745053e-05
   2.242987133768e-05  -4.623518339191e-05
  -2.314293325592e-04  -1.706894617088e-04
  -2.452376943375e-04   6.348757484869e-07
   1.224426338031e-04   1.425696808579e-04
   2.352467098878e-04  -8.485956071077e-06
  -1.773968203354e-05  -1.100926196032e-04
   2.165077370993e-06   7.637461798220e-05
   3.482774213042e-04   1.856620375968e-04
   3.662048890659e-04   5.483461401829e-06
   5.203146031027e-05  -8.085157983413e-05
   5.895160066040e-05   1.055434650889e-04
   3.342005760530e-04   1.659853179382e-04
   2.337879071509e-04  -4.288924125975e-05
  -1.299775802172e-04  -1.105680426895e-04
  -1.177351426180e-04   7.463508320949e-05
   1.204712021043e-04   9.902203413680e-05
  -2.921422044718e-05  -1.168475130867e-04
  -3.680517476583e-04  -1.547137634170e-04
  -2.890175112693e-04   4.162390370152e-05
  -1.572520683945e-05   5.491113320131e-05
  -1.363047503155e-04  -1.481060450651e-04
  -3.958761488885e-04  -1.486986613309e-04
  -2.193486428210e-04   6.546937421949e-05
   1.051746629652e-04   7.309354799709e-05
   9.112712722271e-06  -1.173859788561e-04
  -1.934610554904e-04  -8.461559084986e-05
   4.077894304465e-05   1.343836301024e-04
   3.485650148635e-04   1.151171424306e-04
   1.988115095896e-04  -7.675751731113e-05
  -1.061772783987e-05  -2.126251729281e-05
   2.141452291762e-04   1.794455423431e-04
   4.272363761206e-04   1.115877749686e-04
   1.707700780899e-04  -8.713636761619e-05
  -6.883456285565e-05  -1.488199260775e-05
   1.274579268935e-04   1.577818882527e-04
   2.476777031811e-04   4.664277780876e-05
  -7.595566944613e-05  -1.465579188706e-04
  -2.981177347305e-04  -5.273804653771e-05
  -8.069762959112e-05   1.052267869199e-04
   2.370101427998e-05  -2.267673745477e-05
  -2.803004764714e-04  -1.926874542745e-04
  -4.201597887164e-04  -6.803181181510e-05
  -1.263362507105e-04   9.218387260134e-05
   1.745610525959e-05  -3.537579863736e-05
  -2.314058853632e-04  -1.757800976448e-04
  -2.792992901974e-04  -1.981058601158e-05
   7.855450278244e-05   1.377883188861e-04
   2.240429322160e-04   8.278609421063e-07
  -2.002160703439e-05  -1.174890300197e-04
  -2.908474508030e-05   5.716158472298e-05
   3.190514994849e-04   1.866559424728e-04
   3.778402863642e-04   1.961313966759e-05
   7.147576152378e-05  -8.499974391076e-05
   5.083976102014e-05   9.327681862963e-05
   3.343824798479e-04   1.759787354958e-04
   2.726438239462e-04  -2.385342745499e-05
  -9.307860827164e-05  -1.120327212642e-04
  -1.127507975468e-04   6.722958533491e-05
   1.317882078615e-04   1.126305607839e-04
   1.121375996178e-05  -9.928187769811e-05
  -3.412268829131e-04  -1.594965866040e-04
  -2.991705775988e-04   3.190684772960e-05
  -2.211072383730e-05   6.475291984188e-05
  -1.192158633746e-04  -1.375163199631e-04
  -3.974899079688e-04  -1.611314766090e-04
  -2.570085818200e-04   5.019768426583e-05
   7.676651268928e-05   7.857579234822e-05
   8.019868256030e-06  -1.122772167451e-04
  -2.112315204466e-04  -1.020022369260e-04
  -5.521099607882e-06   1.185497341394e-04
   3.238162163975e-04   1.228676495010e-04
   2.078114557050e-04  -7.084861666900e-05
  -1.673910703818e-05  -3.682424370879e-05
   1.872878298374e-04   1.705970851062e-04
   4.311159152271e-04   1.271304685250e-04
   2.067143380632e-04  -7.708291035167e-05
  -5.316110077710e-05  -2.548364931948e-05
   1.242502459339e-04   1.570363769721e-04
   2.743277996318e-04   6.747243266033e-05
  -2.813360910205e-05  -1.359386880873e-04
  -2.801784366517e-04  -6.247140949193e-05
  -8.470986916133e-05   1.060089980504e-04
   4.372221524224e-05  -4.125849770961e-06
  -2.496174078452e-04  -1.879002468230e-04
  -4.259622760534e-04  -8.318930772060e-05
  -1.544599330431e-04   8.845715785510e-05
   1.345781045020e-05  -2.289087363694e-05
  -2.267338601491e-04  -1.787161121195e-04
  -3.103595050933e-04  -4.098719639010e-05
   3.278487702403e-05   1.315254805412e-04
   2.114063479120e-04   1.131207024419e-05
  -2.026527050744e-05  -1.234418951831e-04
  -6.053547422760e-05   3.624629513214e-05
   2.847366267283e-04   1.855348702764e-04
   3.858886438149e-04   3.461917078512e-05
   9.135778699966e-05  -8.831934917211e-05
   4.082083196362e-05   7.870559486562e-05
   3.288746184164e-04   1.840534240674e-04
   3.090419075465e-04  -3.513139479040e-06
  -5.431110672691e-05  -1.126788838467e-04
  -1.082770345033e-04   5.781709567761e-05
   1.400138969154e-04   1.253176808876e-04
   5.262572996453e-05  -7.959038039139e-05
  -3.096813568765e-04  -1.630633953482e-04
  -3.074494014079e-04   2.081142416621e-05
  -2.905294316483e-05   7.449240245883e-05
  -9.904607050799e-05  -1.243507366440e-04
  -3.933939260931e-04  -1.722647451191e-04
  -2.927692131151e-04   3.354650564076e-05
   4.716380953065e-05   8.389536646353e-05
   8.778951081396e-06  -1.048629094497e-04
  -2.253058282383e-04  -1.187166984098e-04
  -5.279515009323e-05   1.005508995123e-04
   2.948700597769e-04   1.299119678471e-04
   2.161334486225e-04  -6.316556107723e-05
  -2.183203146723e-05  -5.263089103632e-05
   1.566096866668e-04   1.588653025321e-04
   4.291652593117e-04   1.419311949439e-04
   2.416627856972e-04  -6.536806326694e-05
  -3.678340520777e-05  -3.677160240125e-05
   1.173638211260e-04   1.536039443339e-04
   2.970394763773e-04   8.838337989225e-05
   2.136394218100e-05  -1.232157092081e-04
  -2.593374363865e-04  -7.262849066143e-05
  -8.987940574967e-05   1.049558211406e-04
   6.310462571669e-05   1.549877060270e-05
  -2.143714812558e-04  -1.805184569820e-04
  -4.269718813990e-04  -9.844572024048e-05
  -1.823248680835e-04   8.336848593293e-05
   9.822782936605e-06  -9.007875196743e-06
  -2.173751229699e-04  -1.791211705005e-04
  -3.375932591144e-04  -6.262276852561e-05
  -1.455368444423e-05   1.234842274664e-04
   1.969938574389e-04   2.282560928884e-05
  -1.816439263353e-05  -1.274872206243e-04
  -9.118532386540e-05   1.391098600585e-05
   2.456039193965e-04   1.819561359470e-04
   3.898813596050e-04   5.037707668425e-05
   1.119163125354e-04  -9.033143605098e-05
   2.967641952516e-05   6.198824078815e-05
   3.174970028218e-04   1.897365435464e-04
   3.421575418078e-04   1.800237481173e-05
  -1.365372491395e-05  -1.120828242065e-04
  -1.039025927037e-04   4.638461096012e-05
   1.445605639843e-04   1.365373449629e-04
   9.405656582827e-05  -5.786546457955e-05
  -2.734141352877e-04  -1.650322276648e-04
  -3.135344173849e-04   8.254010680483e-06
  -3.711442209504e-05   8.363199618501e-05
  -7.650956739435e-05  -1.086066386073e-04
  -3.832851531858e-04  -1.816739577607e-04
  -3.260366872202e-04   1.547761853565e-05
   1.612311712687e-05   8.865071005198e-05
   1.104967382462e-05  -9.502796404109e-05
  -2.350148731140e-04  -1.342509519060e-04
  -1.001852676087e-04   8.038027267372e-05
   2.616090570806e-04   1.358752505611e-04
   2.235424916683e-04  -5.352114694190e-05
  -2.513074289224e-05  -6.815457790797e-05
   1.228440083686e-04   1.441459593743e-04
   4.209566501127e-04   1.555560225454e-04
   2.751716728286e-04  -5.178225628398e-05
  -1.914070020694e-05  -4.830960800410e-05
   1.070838553625e-04   1.472016527492e-04
   3.149445328895e-04   1.088970660894e-04
   7.190419532726e-05  -1.081724045995e-04
  -2.352324202604e-04  -8.289256296056e-05
  -9.622589899712e-05   1.016825321427e-04
   8.087377789535e-05   3.576411555973e-05
  -1.750721111442e-04  -1.702837340658e-04
  -4.227160522656e-04  -1.135123323513e-04
  -2.098299089448e-04   7.656367372114e-05
   5.857759952329e-06   5.949558397824e-06
  -2.034605194550e-04  -1.766423382373e-04
  -3.601758988558e-04  -8.436908223564e-05
  -6.306150393100e-05   1.133698044514e-04
   1.803841882193e-04   3.513091310173e-05
  -1.356456032310e-05  -1.291759309759e-04
  -1.199902873260e-04  -9.471381129553e-06
   2.020596730142e-04   1.755833213457e-04
   3.893002317941e-04   6.666809451394e-05
   1.332815610082e-04  -9.054872974039e-05
   1.830131534213e-05   4.339328366472e-05
   3.002403803220e-04   1.925530801563e-04
   3.711153690530e-04   4.047232743269e-05
   2.883641536199e-05  -1.097872800410e-04
  -9.907204380743e-05   3.302716009694e-05
   1.449787095955e-04   1.457174599019e-04
   1.344471394099e-04  -3.428833422662e-05
  -2.325101932729e-04  -1.649787381084e-04
  -3.169917081296e-04  -5.762585770114e-06
  -4.678904088636e-05   9.162537668981e-05
  -5.246599567332e-05  -9.037076762073e-05
  -3.669733226242e-04  -1.888963873765e-04
  -3.561384599795e-04  -3.977027250302e-06
  -1.656672475242e-05   9.238165481934e-05
   1.432944005140e-05  -8.274690953971e-05
  -2.397998606174e-04  -1.480551736496e-04
  -1.467359917382e-04   5.810503580392e-05
   2.239699866426e-04   1.403233659296e-04
   2.296614400160e-04  -4.181186840706e-05
  -2.593311515786e-05  -8.280375380554e-05
   8.688727739275e-05   1.264208996567e-04
   4.061495288213e-04   1.675063156717e-04
   3.066758625091e-04  -3.618497424301e-05
   3.230505485125e-07  -5.957034267219e-05
   9.390105078675e-05   1.376268605204e-04
   3.272423769884e-04   1.284556971620e-04
   1.227241938855e-04  -9.064391730050e-05
  -2.074845471727e-04  -9.284715499239e-05
  -1.035901572489e-04   9.585833963931e-05
   9.605744102802e-05   5.614351159973e-05
  -1.323922760662e-04  -1.569814026277e-04
  -4.127284838878e-04  -1.280108146140e-04
  -2.367501700828e-04   6.771786894518e-05
   8.166074547709e-07   2.155537619292e-05
  -1.853107346190e-04  -1.709699064396e-04
  -3.773037245138e-04  -1.057937612897e-04
  -1.122269708585e-04   1.009101284923e-04
   1.610988109946e-04   4.788550156488e-05
  -6.491911429926e-06  -1.280955029625e-04
  -1.458912804644e-04  -3.342941733148e-05
   1.546674193744e-04   1.661064563603e-04
   3.835938555313e-04   8.316728250988e-05
   1.554384000245e-04  -8.849918901286e-05
   7.676748148970e-06   2.331077236527e-05
   2.772957632590e-04   1.920466325967e-04
   3.950043667885e-04   6.356807369005e-05
   7.298505259537e-05  -1.053224704513e-04
  -9.310014664002e-05   1.796585638575e-05
   1.409971534622e-04   1.522789414767e-04
   1.726577101104e-04  -9.147832670977e-06
  -1.871743624466e-04  -1.624513192416e-04
  -3.172740392835e-04  -2.112735075226e-05
  -5.845849590202e-05   9.789315306606e-05
  -2.791037579216e-05  -6.983830882572e-05
  -3.444119002517e-04  -1.934425338713e-04
  -3.823216651481e-04  -2.469399035280e-05
  -5.104600071880e-05   9.458210074058e-05
   1.795690137686e-05  -6.810383402375e-05
  -2.392481795828e-04  -1.595495316698e-04
  -1.913978697480e-04   3.388664789699e-05
   1.819772387881e-04   1.427737232720e-04
   2.339669988256e-04  -2.804100632720e-05
  -2.364481744442e-05  -9.593590645154e-05
   4.979477789896e-05   1.057803698007e-04
   3.845253620842e-04   1.772275828663e-04
   3.354785591590e-04  -1.853184963139e-05
   2.211324576191e-05  -6.994449054950e-05
   7.851855054321e-05   1.247840583105e-04
   3.332402693426e-04   1.464271809449e-04
   1.729169210808e-04  -7.054514799629e-05
  -1.757359084185e-04  -1.019776627977e-04
  -1.116126015537e-04   8.723511330030e-05
   1.077272024601e-04   7.601737489296e-05
  -8.718329483792e-05  -1.404659828121e-04
  -3.965773806510e-04  -1.414696188799e-04
  -2.627100329834e-04   5.656266839286e-05
  -6.062613062090e-06   3.727914408222e-05
  -1.634541576942e-04  -1.618614368386e-04
  -3.882225418406e-04  -1.263760755587e-04
  -1.614035671800e-04   8.588074099591e-05
   1.386323096988e-04   6.063784516472e-05
   2.821641998209e-06  -1.238957611603e-04
  -1.678493887221e-04  -5.738959639946e-05
   1.041681365657e-04   1.532670333646e-04
   3.722041738934e-04   9.943607963749e-05
   1.781921886289e-04  -8.375464839347e-05
  -1.166597372903e-06   2.259485819830e-06
   2.490822257571e-04   1.878059748928e-04
   4.129035432614e-04   8.684058590951e-05
   1.184620074951e-04  -9.823371791237e-05
  -8.519817876359e-05   1.562534932429e-06
   1.325631561953e-04   1.556614228277e-04
   2.074915812654e-04   1.714293232456e-05
  -1.377679758671e-04  -1.569934110338e-04
  -3.137331909205e-04  -3.760117948904e-05
  -7.234657585402e-05   1.018452799055e-04
  -3.953369728801e-06  -4.733081846776e-05
  -3.157322960275e-04  -1.948142516006e-04
  -4.037608198112e-04  -4.643785708270e-05
  -8.734176658150e-05   9.471929606764e-05
   2.112537785652e-05  -5.131142144475e-05
  -2.331319936152e-04  -1.681422850152e-04
  -2.330395157324e-04   8.000572019117e-06
   1.357806381431e-04   1.427129740681e-04
   2.357962273366e-04  -1.234087967318e-05
  -1.782685500032e-05  -1.068771283336e-04
   1.276655034028e-05   8.244507292597e-05
   3.560276562718e-04   1.841258755144e-04
   3.607513631176e-04   1.098061944536e-06
   4.663238945442e-05  -7.875773831889e-05
   6.184837083992e-05   1.087126051021e-04
   3.324003954330e-04   1.621178772200e-04
   2.214259678104e-04  -4.790093186255e-05
  -1.396963327298e-04  -1.096808631279e-04
  -1.197208294900e-04   7.567866995922e-05
   1.150483607217e-04   9.468099083960e-05
  -4.048315162104e-05  -1.206902107105e-04
  -3.739035381963e-04  -1.533271588505e-04
  -2.871626271964e-04   4.291683025480e-05
  -1.551123248584e-05   5.249032920843e-05
  -1.386388352830e-04  -1.491695162667e-04
  -3.922649780858e-04  -1.455085832510e-04
  -2.097915950674e-04   6.813375908599e-05
   1.124928254608e-04   7.282931204534e-05
   1.391933941613e-05  -1.163184251039e-04
  -1.848898342913e-04  -8.067829173633e-05
   5.149598838608e-05   1.368874598632e-04
   3.546039199411e-04   1.149211236983e-04
   2.011401093644e-04  -7.596413713091e-05
  -7.196507928151e-06  -1.911194501306e-05
   2.162702364589e-04   1.794971470059e-04
   4.239194447090e-04   1.097137347879e-04
   1.647451275324e-04  -8.811557304273e-05
  -7.451363307438e-05  -1.567102544016e-05
   1.198799874756e-04   1.553557881671e-04
   2.377306998697e-04   4.403416240478e-05
  -8.484601268202e-05  -1.481733568394e-04
  -3.056454947242e-04  -5.480072364723e-05
  -8.847328249633e-05   1.029107193030e-04
   1.820994589062e-05  -2.331140342923e-05
  -2.812797262293e-04  -1.925301720286e-04
  -4.195767859922e-04  -6.884310606807e-05
  -1.253233514507e-04   9.226031507558e-05
   2.290785325858e-05  -3.272769996171e-05
  -2.214481384287e-04  -1.732547817935e-04
  -2.704699309082e-04  -1.914590172400e-05
   8.569618864952e-05   1.396221027651e-04
   2.343652209087e-04   5.007166356902e-06
  -8.244835744141e-06  -1.149490572026e-04
  -2.287793127044e-05   5.678647360255e-05
   3.208055688471e-04   1.875923639335e-04
   3.815467872034e-04   2.247648053986e-05
   7.412329771757e-05  -8.529643447313e-05
   4.499509790355e-05   8.961371482598e-05
   3.243922983047e-04   1.747941792808e-04
   2.670514969362e-04  -2.287670904528e-05
  -9.919821477450e-05  -1.152835654164e-04
  -1.271290470278e-04   6.120116409403e-05
   1.173372406959e-04   1.113607288981e-04
   6.484427425138e-06  -9.773628907561e-05
  -3.444676791411e-04  -1.629432633293e-04
  -3.093786376604e-04   2.671941135852e-05
  -2.817484038862e-05   6.647026191368e-05
  -1.118359474934e-04  -1.328721960910e-04
  -3.888962889987e-04  -1.625061286145e-04
  -2.564275056180e-04   4.762974119429e-05
   8.225204499224e-05   8.380368663022e-05
   2.610941388851e-05  -1.052293422491e-04
  -1.961543519811e-04  -1.025312135603e-04
  -2.213529771811e-06   1.169037950413e-04
   3.303446635703e-04   1.289611421424e-04
   2.236514200676e-04  -6.489072866387e-05
  -9.437911483556e-06  -4.003200000035e-05
   1.797970295895e-04   1.669000312584e-04
   4.272358298873e-04   1.314856869295e-04
   2.110909779446e-04  -7.465150418935e-05
  -6.018381278296e-05  -3.307178008136e-05
   1.034381133100e-04   1.509429246107e-04
   2.621845118916e-04   7.083382941216e-05
  -2.919085586033e-05  -1.356214983359e-04
  -2.922521543988e-04  -7.218863262686e-05
  -1.066124601325e-04   1.005742950278e-04
   3.734462391566e-05   1.605477407528e-06
  -2.416473850726e-04  -1.861586137846e-04
  -4.288692202932e-04  -9.140096647076e-05
  -1.646591835982e-04   8.670594883793e-05
   2.229553100864e-05  -1.286799353352e-05
  -2.044562776066e-04  -1.743537253358e-04
  -3.024734499397e-04  -4.700031189480e-05
   3.224642248431e-05   1.330092745292e-04
   2.288022512831e-04   2.355761333012e-05
   5.083257099030e-06  -1.195036828150e-04
  -5.573893062703e-05   2.934264682210e-05
   2.792578548932e-04   1.870367341027e-04
   3.968262884595e-04   4.520439667009e-05
   1.046110970026e-04  -8.884278025715e-05
   2.922361602654e-05   6.787389763841e-05
   3.091478663225e-04   1.837141998629e-04
   3.084714672629e-04   4.193113362450e-06
  -5.425664563589e-05  -1.180719243604e-04
  -1.328532903246e-04   4.399201776264e-05
   1.141239186883e-04   1.252405238021e-04
   5.232439448907e-05  -7.184700220019e-05
  -3.082054052881e-04  -1.696208756121e-04
  -3.284486454523e-04   8.063230054124e-06
  -4.455080008117e-05   7.843379264069e-05
  -8.423089366711e-05  -1.131042560099e-04
  -3.777677115852e-04  -1.766242205993e-04
  -3.001848380281e-04   2.447066011765e-05
   4.760356566808e-05   9.282617023505e-05
   3.846747697164e-05  -9.065174175603e-05
  -2.009611225261e-04  -1.221121898329e-04
  -5.562689847081e-05   9.340006567408e-05
   2.991144319782e-04   1.408038682816e-04
   2.448605707764e-04  -5.045018059467e-05
  -7.041338564950e-06  -5.962344151149e-05
   1.408698916763e-04   1.499477378157e-04
   4.221750232325e-04   1.513408203761e-04
   2.565168383760e-04  -5.765757515312e-05
  -4.140302015071e-05  -4.983453331284e-05
   8.403571532837e-05   1.421374800103e-04
   2.797525337684e-04   9.671175482537e-05
   2.816181916753e-05  -1.190735110746e-04
  -2.728150404601e-04  -8.907289775319e-05
  -1.262570088336e-04   9.442007471755e-05
   5.223472474374e-05   2.665221274074e-05
  -1.977052009415e-04  -1.753575043025e-04
  -4.307636906279e-04  -1.134537486919e-04
  -2.047785682100e-04   7.763161443839e-05
   1.825098106504e-05   7.590284346362e-06
  -1.827119716140e-04  -1.709903708943e-04
  -3.278585256803e-04  -7.485852939062e-05
  -2.380317089763e-05   1.224500460283e-04
   2.181964409258e-04   4.269283971425e-05
   2.184432048247e-05  -1.199656466536e-04
  -8.439070566126e-05   8.271658815116e-07
   2.320734602864e-04   1.819291139112e-04
   4.055053974435e-04   6.869759222599e-05
   1.378479860205e-04  -8.871939510032e-05
   1.590900803428e-05   4.408201104971e-05
   2.869150978194e-04   1.881697272183e-04
   3.442806022013e-04   3.278206499350e-05
  -5.131176470578e-06  -1.173318762101e-04
  -1.357452464725e-04   2.444453957248e-05
   1.052170948477e-04   1.354994048161e-04
   9.550133983705e-05  -4.345399269547e-05
  -2.652869238948e-04  -1.726389907664e-04
  -3.433022220796e-04  -1.277390365101e-05
  -6.492109302861e-05   8.756170403203e-05
  -5.719887900488e-05  -9.018690669878e-05
  -3.587750369291e-04  -1.870879752905e-04
  -3.397899995049e-04  -1.068338013454e-06
   8.427288111171e-06   9.911304486797e-05
   4.985469880143e-05  -7.279816553330e-05
  -1.988698890554e-04  -1.385425454387e-04
  -1.072307190198e-04   6.664173951574e-05
   2.608025682933e-04   1.496343854812e-04
   2.636769792893e-04  -3.274885873740e-05
   6.412047242583e-07  -7.693226877770e-05
   1.009533579363e-04   1.287662893157e-04
   4.082689108085e-04   1.683740755389e-04
   2.997985652040e-04  -3.712763199069e-05
  -1.750163896632e-05  -6.503374980413e-05
   6.278366031574e-05   1.288343228818e-04
   2.894995029348e-04   1.207158760479e-04
   8.590994507337e-05  -9.841802582193e-05
  -2.466874228689e-04  -1.046180309574e-04
  -1.465965979769e-04   8.417961315779e-05
   6.175633284087e-05   5.091701360204e-05
  -1.506184983389e-04  -1.599199615332e-04
  -4.244737621198e-04  -1.341994824181e-04
  -2.448430932311e-04   6.473406450555e-05
   9.776181338049e-06   2.781274358854e-05
  -1.570902732004e-04  -1.628455964445e-04
  -3.455208531934e-04  -1.018678790647e-04
  -8.141618192483e-05   1.076338572999e-04
   2.016624116540e-04   6.162522452597e-05
   4.139703944354e-05  -1.158809749148e-04
  -1.074514322251e-04  -2.787193049918e-05
   1.802639499200e-04   1.718495106902e-04
   4.065169089079e-04   9.218238523632e-05
   1.732659142394e-04  -8.434238948646e-05
   6.467314266911e-06   1.903648985161e-05
   2.583055550761e-04   1.875379354348e-04
   3.730492644457e-04   6.215743309387e-05
   4.761591495709e-05  -1.124005898945e-04
  -1.345472594480e-04   3.174573953107e-06
   9.076647341531e-05   1.413604097650e-04
   1.343901736447e-04  -1.319960688552e-05
  -2.161772696152e-04  -1.712974993664e-04
  -3.527471811055e-04  -3.530359534109e-05
  -8.928443385746e-05   9.304474369314e-05
  -3.226163562010e-05  -6.465272609134e-05
  -3.321188983055e-04  -1.931325979428e-04
  -3.738564642477e-04  -2.851153783711e-05
  -3.514382188481e-05   1.018729566430e-04
   5.895509901297e-05  -5.209803934947e-05
  -1.897489265894e-04  -1.509421419186e-04
  -1.553683944564e-04   3.710520967787e-05
   2.155681908766e-04   1.546159794093e-04
   2.788152643443e-04  -1.211768215983e-05
   1.397659388442e-05  -9.096976574022e-05
   6.173608832882e-05   1.037112180095e-04
   3.853361447125e-04   1.816294164284e-04
   3.394893194824e-04  -1.327652562856e-05
   1.196624593231e-05  -7.766008468454e-05
   4.108981739677e-05   1.111544635194e-04
   2.907406375495e-04   1.418032042294e-04
   1.424905818939e-04  -7.374545233797e-05
  -2.133975411472e-04  -1.178708523545e-04
  -1.665135836275e-04   6.978236905336e-05
   6.496331495820e-05   7.336663535675e-05
  -1.018509138944e-04  -1.398231441734e-04
  -4.093770752646e-04  -1.527098643124e-04
  -2.837332824502e-04   4.788169199636e-05
  -4.005508188926e-06   4.682599322866e-05
  -1.287944862377e-04  -1.497787879713e-04
  -3.545202239711e-04  -1.270428998455e-04
  -1.392713633459e-04   8.841474389453e-05
   1.784201637086e-04   7.941233221884e-05
   6.275404186062e-05  -1.069702252054e-04
  -1.236682950310e-04  -5.570635342810e-05
   1.251817992689e-04   1.565427398275e-04
   3.988919144528e-04   1.147051669255e-04
   2.099435790919e-04  -7.528102012346e-05
   2.267028275673e-06  -6.261086883952e-06
   2.243290288294e-04   1.813412357783e-04
   3.934032136982e-04   9.137920860463e-05
   1.030715807936e-04  -1.027276603767e-04
  -1.279700058743e-04  -1.897312309541e-05
   7.131629094646e-05   1.421501083144e-04
   1.673487675401e-04   1.805203496069e-05
  -1.616909528236e-04  -1.649735551891e-04
  -3.555316136015e-04  -5.881114526990e-05
  -1.172934148083e-04   9.413917353397e-05
  -1.102249713903e-05  -3.726174515306e-05
  -2.983614455140e-04  -1.940555414434e-04
  -4.009404155485e-04  -5.716364151033e-05
  -8.265990723043e-05   1.003599906687e-04
   6.433490376941e-05  -2.921692310294e-05
  -1.738386524076e-04  -1.584823036575e-04
  -1.982984314229e-04   5.499254062821e-06
   1.639068858796e-04   1.549437960593e-04
   2.888493444349e-04   1.086209779144e-05
   3.297264912820e-05  -1.007681094992e-04
   2.507364545962e-05   7.539673824696e-05
   3.535601619501e-04   1.901532141168e-04
   3.739636741728e-04   1.342311925972e-05
   4.713191629969e-05  -8.667288866039e-05
   2.061763802294e-05   8.948598342993e-05
   2.831322978417e-04   1.588872283066e-04
   1.961096447310e-04  -4.539374119735e-05
  -1.727408906994e-04  -1.278030044418e-04
  -1.846029231809e-04   5.140432737148e-05
   6.118226207790e-05   9.288522228368e-05
  -5.314574430584e-05  -1.152767131642e-04
  -3.851024119537e-04  -1.679640401742e-04
  -3.200563527148e-04   2.716499302968e-05
  -2.375627316495e-05   6.355101801810e-05
  -9.934444889506e-05  -1.318772829252e-04
  -3.541685542256e-04  -1.492963390693e-04
  -1.957685877615e-04   6.486298776061e-05
   1.478874758775e-04   9.498779712957e-05
   8.458516779051e-05  -9.318275176542e-05
  -1.320151916764e-04  -8.149775493620e-05
   6.851833584384e-05   1.359754984876e-04
   3.818562631585e-04   1.351588005789e-04
   2.465944849627e-04  -6.132059765972e-05
   4.523416351616e-06  -3.062955258644e-05
   1.864083558980e-04   1.693121401650e-04
   4.041229608006e-04   1.193160586143e-04
   1.599416955568e-04  -8.794324245562e-05
  -1.147921936457e-04  -4.093497154556e-05
   4.784262104878e-05   1.373664295503e-04
   1.928127760248e-04   4.921914421113e-05
  -1.030337448494e-04  -1.531875940776e-04
  -3.504294278686e-04  -8.235408164472e-05
  -1.482036180576e-04   9.023230764798e-05
   4.921177083873e-06  -9.004390020907e-06
  -2.584728508452e-04  -1.892790565914e-04
  -4.196191283318e-04  -8.610335922772e-05
  -1.332999618344e-04   9.393731551732e-05
   6.452517740978e-05  -5.063240936600e-06
  -1.518054439453e-04  -1.604495469182e-04
  -2.342759612155e-04  -2.722588326382e-05
   1.067088527888e-04   1.499102226515e-04
   2.922920918277e-04   3.534581946136e-05
   5.720887848433e-05  -1.054486237093e-04
  -7.094996780482e-06   4.471266598229e-05
   3.135608810767e-04   1.930619236628e-04
   4.014901082422e-04   4.221573933603e-05
   8.772509429415e-05  -9.106848366548e-05
   3.215393132292e-06   6.451472819246e-05
   2.667612800510e-04   1.709021844969e-04
   2.448004807894e-04  -1.398579990117e-05
  -1.248747823599e-04  -1.333711383371e-04
  -1.992210485016e-04   2.950980385869e-05
   5.011095882775e-05   1.083306678461e-04
  -6.480345527223e-06  -8.676612818447e-05
  -3.516226375881e-04  -1.788999006604e-04
  -3.521805578969e-04   2.942663140609e-06
  -4.982453211737e-05   7.685372808765e-05
  -7.053899189273e-05  -1.095020415754e-04
  -3.441246266900e-04  -1.674872610556e-04
