   0.000000000000e+00   0.000000000000e+00
  -4.867965485484e-04  -2.923573282018e-04
  -4.773599905928e-04   3.560653415575e-05
   6.284746692829e-05   5.990447229305e-05
  -3.158019517378e-04  -2.641125591905e-04
  -3.937918918920e-04   2.649810382453e-05
   2.134043343828e-04   1.365215072601e-04
  -5.978553118308e-05  -2.062119523691e-04
  -2.337452825068e-04   3.236774488129e-05
   3.897804364963e-04   2.121199428996e-04
   2.018038854861e-04  -1.397639824376e-04
  -7.701004491116e-05   3.659486479189e-05
   5.155637874881e-04   2.679408943363e-04
   3.891404487087e-04  -8.604765179993e-05
   1.367628017900e-06   2.201784843112e-05
   5.288508751124e-04   2.903539997997e-04
   4.518996515760e-04  -5.791399954101e-05
  -3.789595992950e-05  -2.134326372200e-05
   4.072817913776e-04   2.754386456135e-04
   3.878853922012e-04  -5.498347127609e-05
  -1.815518335590e-04  -9.112048913559e-05
   1.783247595135e-04   2.301927591764e-04
   2.423988206128e-04  -6.456453445491e-05
  -3.691141031993e-04  -1.725585813809e-04
  -9.044778448625e-05   1.696829965444e-04
   8.866551661981e-05  -6.781376879024e-05
  -5.177019814822e-04  -2.436813951010e-04
  -3.163871531853e-04   1.116578941948e-04
  -1.301044506792e-06  -4.823520105240e-05
  -5.558369789410e-04  -2.837600555667e-04
  -4.326462017798e-04   7.069455936813e-05
   1.580663531885e-05   1.149906223908e-06
  -4.532051957511e-04  -2.820531479324e-04
  -4.145382776797e-04   5.326946588789e-05
   1.381151779081e-04   7.494997458659e-05
  -2.335869180948e-04  -2.427025822478e-04
  -2.899854958506e-04   5.522169416502e-05
   3.193663833844e-04   1.577778350608e-04
   3.530363484278e-05  -1.827918446826e-04
  -1.279227138185e-04   6.304763703713e-05
   4.863831167712e-04   2.300586087204e-04
   2.691252325725e-04  -1.246425144809e-04
  -9.767176484427e-06   5.912653674115e-05
   5.663888042423e-04   2.746395045560e-04
   3.990940726816e-04  -8.636564139289e-05
   4.124122017660e-06   2.922542680356e-05
   5.152245934284e-04   2.824079605677e-04
   3.977510558988e-04  -7.461220731447e-05
  -1.000244020534e-04  -3.072307851181e-05
   3.359147746637e-04   2.552491985973e-04
   2.885317792721e-04  -8.234731749606e-05
  -2.830662743239e-04  -1.118229815386e-04
   7.864912654390e-05   2.049300865098e-04
   1.345896654344e-04  -9.258406632683e-05
  -4.688936930903e-04  -1.948313558830e-04
  -1.778151007874e-04   1.485029027360e-04
   1.253117115420e-05  -8.627182803064e-05
  -5.754021098415e-04  -2.571502315317e-04
  -3.552471556355e-04   1.024249101120e-04
  -1.752719954677e-05  -5.079673498475e-05
  -5.482277894846e-04  -2.818096298435e-04
  -4.057028391663e-04   7.716134120864e-05
   6.503208885046e-05   1.452887085175e-05
  -3.838223625806e-04  -2.648841574385e-04
  -3.310252590960e-04   7.350684117094e-05
   2.335057287320e-04   9.830023011369e-05
  -1.309395035709e-04  -2.173001728261e-04
  -1.823038295072e-04   8.202760714281e-05
   4.241590093915e-04   1.816787341740e-04
   1.297654488631e-04  -1.597539952630e-04
  -3.865171261770e-05   8.641485210489e-05
   5.600223491026e-04   2.451555141010e-04
   3.174704442916e-04  -1.135772160242e-04
   2.539435760262e-05   7.001552337909e-05
   5.798660790142e-04   2.749896039200e-04
   3.817965398608e-04  -9.183062584603e-05
  -2.895723269790e-05   2.326751550512e-05
   4.626909914096e-04   2.676653568768e-04
   3.215277530036e-04  -9.416839593838e-05
  -1.877564481426e-04  -5.125631441436e-05
   2.372307251298e-04   2.306920427959e-04
   1.834050070250e-04  -1.075929578812e-04
  -3.895331753479e-04  -1.387668165127e-04
  -2.843695731999e-05   1.792911281431e-04
   4.163187692570e-05  -1.126987928565e-04
  -5.502698024986e-04  -2.172442516719e-04
  -2.521112393290e-04   1.307373024481e-04
  -3.210253668955e-05  -9.249711784363e-05
  -5.975753664680e-04  -2.656980684808e-04
  -3.680101163777e-04   9.859144587033e-05
   3.578333655149e-06  -3.999583642305e-05
  -5.009615313340e-04  -2.728587147279e-04
  -3.525256522606e-04   8.820052607025e-05
   1.438459066829e-04   3.877621004785e-05
  -2.849918649950e-04  -2.422586391613e-04
  -2.341831966754e-04   9.465844847349e-05
   3.396959525248e-04   1.274140556472e-04
  -1.871486576351e-05  -1.905491433557e-04
  -8.189709683922e-05   1.043227462371e-04
   5.165118614007e-04   2.054730212215e-04
   2.124913871814e-04  -1.398898077244e-04
   2.350382338621e-05   9.991807142805e-05
   6.017945549670e-04   2.554898655891e-04
   3.398811794597e-04  -1.083578271875e-04
   2.278781244416e-05   6.777550773901e-05
   5.530671004680e-04   2.686610257727e-04
   3.373154269111e-04  -1.024709702002e-04
  -9.624694028899e-05   4.370498310036e-06
   3.755597187014e-04   2.475043374177e-04
   2.302645486251e-04  -1.148397134875e-04
  -2.927439911699e-04  -8.103515616930e-05
   1.211066997296e-04   2.042691099182e-04
   8.358517756047e-05  -1.279586192365e-04
  -4.891801853905e-04  -1.690318282227e-04
  -1.311873338106e-04   1.559466724899e-04
  -2.574735717014e-05  -1.223180141717e-04
  -6.027394495781e-04  -2.369450532583e-04
  -3.041217487864e-04   1.182760550717e-04
  -3.912239748441e-05  -8.522065888959e-05
  -5.793889030733e-04  -2.676949898111e-04
  -3.516532266118e-04   1.005837146505e-04
   6.098827603351e-05  -1.647180103082e-05
  -4.169697806668e-04  -2.571861133741e-04
  -2.775568903895e-04   1.025805640849e-04
   2.443896316676e-04   7.159564179809e-05
  -1.661218090496e-04  -2.161723982670e-04
  -1.341136031119e-04   1.142233915865e-04
   4.448881809746e-04   1.592195890855e-04
   9.106114227976e-05  -1.652148945242e-04
  -4.811421136405e-07   1.191985704230e-04
   5.849912985887e-04   2.264202079592e-04
   2.736221607400e-04  -1.254824830771e-04
   4.999604978674e-05   1.013301605794e-04
   6.049684508871e-04   2.596329547041e-04
   3.326849512990e-04  -1.097171750220e-04
  -1.923462876630e-05   5.178284507736e-05
   4.866240992456e-04   2.560067628273e-04
   2.696696654110e-04  -1.170505570141e-04
  -1.915448230759e-04  -2.616006677169e-05
   2.614978133599e-04   2.237708916520e-04
   1.338891446234e-04  -1.338701809981e-04
  -4.032162894130e-04  -1.172297021238e-04
  -7.779870711489e-07   1.784602399119e-04
   7.967620568462e-07  -1.402858782847e-04
  -5.691471403734e-04  -1.992268008256e-04
  -2.183096215171e-04   1.370038878725e-04
  -5.876891059182e-05  -1.192119881801e-04
  -6.174421097248e-04  -2.512283031543e-04
  -3.273327023662e-04   1.120178518824e-04
  -6.365301315765e-06  -6.411628542087e-05
  -5.196262508833e-04  -2.621815159860e-04
  -3.071513869687e-04   1.076555604132e-04
   1.491665601882e-04   1.805659784593e-05
  -3.030252738490e-04  -2.358646596447e-04
  -1.888956734466e-04   1.180382101741e-04
   3.553476226676e-04   1.099170717738e-04
  -3.896307260001e-05  -1.890706764197e-04
  -4.274427839647e-05   1.291008930650e-04
   5.359764525966e-04   1.904128508119e-04
   1.864799493389e-04  -1.438733058402e-04
   5.106145963094e-05   1.237717120558e-04
   6.194097992434e-04   2.421156536066e-04
   3.059350028124e-04  -1.179423521525e-04
   3.569579976990e-05   8.909074159902e-05
   5.661031546866e-04   2.568596364009e-04
   2.963528714030e-04  -1.170790050026e-04
  -9.750345857603e-05   2.248345199260e-05
   3.850387863901e-04   2.380469034596e-04
   1.867213749718e-04  -1.330614801957e-04
  -3.042640114680e-04  -6.593718724697e-05
   1.309782264737e-04   1.985628349912e-04
   4.424626355814e-05  -1.477433466333e-04
  -5.050229566076e-04  -1.562716778198e-04
  -1.160575753758e-04   1.554310077926e-04
  -5.403285311417e-05  -1.414503146933e-04
  -6.170642894835e-04  -2.258195440974e-04
  -2.803015909749e-04   1.237471204625e-04
  -5.198924200104e-05  -1.019509761192e-04
  -5.886779825376e-04  -2.579057772357e-04
  -3.189893840951e-04   1.117283833873e-04
   6.364212787719e-05  -3.003939395008e-05
  -4.214110167571e-04  -2.490895525562e-04
  -2.397344506140e-04   1.179201589465e-04
   2.582777882669e-04   6.083647807969e-05
  -1.693926209531e-04  -2.107162276478e-04
  -9.763074839023e-05   1.314816168064e-04
   4.629412163466e-04   1.501454839438e-04
   8.354190705067e-05  -1.635718422939e-04
   2.752442984236e-05   1.359274051159e-04
   5.999881119051e-04   2.177889697692e-04
   2.572506685625e-04  -1.285143046766e-04
   6.430608687285e-05   1.155847089466e-04
   6.122490983255e-04   2.507712747861e-04
   3.060785658396e-04  -1.174557516438e-04
  -1.985847256523e-05   6.263500425736e-05
   4.858317822173e-04   2.472295073547e-04
   2.358294734071e-04  -1.284334060812e-04
  -2.037332481054e-04  -1.847144703792e-05
   2.565139245000e-04   2.163069034655e-04
   9.944364533179e-05  -1.469052399405e-04
  -4.201691672783e-04  -1.115664862840e-04
  -3.635374094740e-06   1.739333107535e-04
  -2.634910464981e-05  -1.526190347549e-04
  -5.831488909406e-04  -1.941100034351e-04
  -2.129948298691e-04   1.367373495724e-04
  -7.241342992391e-05  -1.289033677473e-04
  -6.228478256971e-04  -2.455140408299e-04
  -3.107448313343e-04   1.164384273536e-04
  -4.499017860341e-06  -7.031694347438e-05
  -5.151824410939e-04  -2.556314138343e-04
  -2.807727939186e-04   1.160043167911e-04
   1.634413719323e-04   1.486768344139e-05
  -2.923546504757e-04  -2.293206208379e-04
  -1.585747818789e-04   1.284984078416e-04
   3.749139987604e-04   1.082552862968e-04
  -2.892342863696e-05  -1.841040886488e-04
  -1.664574309490e-05   1.392987613279e-04
   5.523000155252e-04   1.884791028300e-04
   1.887666987488e-04  -1.420682318056e-04
   6.553713277821e-05   1.314982234321e-04
   6.256888037484e-04   2.385693660420e-04
   2.962297518796e-04  -1.201094457510e-04
   3.493524691066e-05   9.303106543448e-05
   5.598875358086e-04   2.513949018916e-04
   2.753873977993e-04  -1.227275167378e-04
  -1.116143179451e-04   2.266821393246e-05
   3.691603491834e-04   2.315074810321e-04
   1.601781465458e-04  -1.404065615491e-04
  -3.248353308996e-04  -6.817374924301e-05
   1.123249638798e-04   1.925377536734e-04
   2.058502444275e-05  -1.542914288510e-04
  -5.226972350914e-04  -1.588043727400e-04
  -1.292956458518e-04   1.515667431591e-04
  -6.690136864655e-05  -1.449360315086e-04
  -6.236334304230e-04  -2.265504821451e-04
  -2.818949228902e-04   1.230766506742e-04
  -4.989206687219e-05  -1.012439868460e-04
  -5.804678825269e-04  -2.556490081004e-04
  -3.073688719423e-04   1.142169153551e-04
   7.932999628537e-05  -2.558947028084e-05
  -4.008776524363e-04  -2.441236835418e-04
  -2.189343011735e-04   1.223584627985e-04
   2.810037650417e-04   6.724222361002e-05
  -1.440357758416e-04  -2.046506249227e-04
  -7.587336234136e-05   1.357816471216e-04
   4.833090014159e-04   1.561288580965e-04
   1.043485625124e-04  -1.585691185160e-04
   4.105756381791e-05   1.377682630464e-04
   6.091308348823e-04   2.212631417777e-04
   2.661139933946e-04  -1.262438993011e-04
   6.330991011884e-05   1.132533440314e-04
   6.051687156559e-04   2.506685546848e-04
   3.006986843919e-04  -1.182267076694e-04
  -3.586637501112e-05   5.576127792598e-05
   4.634179835098e-04   2.438161169050e-04
   2.200198778026e-04  -1.309094805462e-04
  -2.287818110689e-04  -2.864095872257e-05
   2.252336024934e-04   2.109328197641e-04
   8.149282522917e-05  -1.485795845142e-04
  -4.439197994709e-04  -1.225001693140e-04
  -3.419222470042e-05   1.683785496551e-04
  -3.715959933804e-05  -1.508585001112e-04
  -5.948503197119e-04  -2.028231090931e-04
  -2.336876003240e-04   1.324909830357e-04
  -6.964465300019e-05  -1.221161675876e-04
  -6.157127939174e-04  -2.496820467998e-04
  -3.164618516792e-04   1.141342624651e-04
   1.269354112260e-05  -5.870294561395e-05
  -4.893557253042e-04  -2.545635661946e-04
  -2.726754863282e-04   1.151227529452e-04
   1.897511812942e-04   2.937095867025e-05
  -2.548944714602e-04  -2.242283768227e-04
  -1.437875693495e-04   1.274279967719e-04
   4.007023337957e-04   1.227359555886e-04
   9.173816565735e-06  -1.774499509825e-04
  -5.358786565541e-06   1.358086001547e-04
   5.669732739814e-04   2.000673548284e-04
   2.169858577050e-04  -1.363384466641e-04
   6.441345099545e-05   1.235673933929e-04
   6.215461658347e-04   2.453275672443e-04
   3.086768346565e-04  -1.165855669312e-04
   1.790211999936e-05   7.979137870837e-05
   5.351717543253e-04   2.528361227667e-04
   2.730602473572e-04  -1.208032707958e-04
  -1.405769677035e-04   5.027346218134e-06
   3.289160595712e-04   2.285414077950e-04
   1.502662568796e-04  -1.378002804083e-04
  -3.553910598861e-04  -8.756730328250e-05
   6.661827851520e-05   1.868949019285e-04
   1.315409849136e-05  -1.480846662504e-04
  -5.420254766468e-04  -1.762756157847e-04
  -1.689540641336e-04   1.450426826795e-04
  -6.326075750222e-05  -1.329728722775e-04
  -6.215605886000e-04  -2.386158388670e-04
  -3.067461362117e-04   1.168869524820e-04
  -3.175028324410e-05  -8.324608234497e-05
  -5.538564119222e-04  -2.603601745416e-04
  -3.148850181305e-04   1.085589176168e-04
   1.086055753652e-04  -3.417501803565e-06
  -3.551152691803e-04  -2.418536212951e-04
  -2.139447195651e-04   1.162513663087e-04
   3.122816307933e-04   9.026997340831e-05
  -9.078910864949e-05  -1.977813750041e-04
  -6.852390854636e-05   1.273042588494e-04
   5.048326797641e-04   1.763808396351e-04
   1.518305155420e-04  -1.502328606372e-04
   3.973868610233e-05   1.247617325847e-04
   6.106469742305e-04   2.358687743078e-04
   2.980770893382e-04  -1.187708823232e-04
   4.650999416886e-05   9.435802588878e-05
   5.818352231424e-04   2.582422633878e-04
   3.144890738418e-04  -1.120052027637e-04
  -6.712325776983e-05   3.136229632526e-05
   4.179442553855e-04   2.446302667031e-04
   2.206782649561e-04  -1.241949615388e-04
  -2.653290768499e-04  -5.606977310183e-05
   1.671414713183e-04   2.064805050374e-04
   7.903451980007e-05  -1.383751880026e-04
  -4.717283588185e-04  -1.488682977230e-04
  -9.180488452273e-05   1.606121778145e-04
  -3.236785224107e-05  -1.344586174303e-04
  -6.005512630030e-04  -2.236134557604e-04
  -2.786692254689e-04   1.231074591331e-04
  -5.142544369643e-05  -9.858990605312e-05
  -5.922563348340e-04  -2.615521850645e-04
  -3.421072463123e-04   1.040361335649e-04
   4.353633186174e-05  -2.957452097901e-05
  -4.392637676267e-04  -2.566698143620e-04
  -2.804206939102e-04   1.040736568749e-04
   2.254222113626e-04   6.058201919260e-05
  -1.893172135742e-04  -2.184398902116e-04
  -1.425128901986e-04   1.140315971240e-04
   4.290326228017e-04   1.517277283913e-04
   7.498287866077e-05  -1.672597292377e-04
  -7.373721036991e-06   1.179912944892e-04
   5.755905277686e-04   2.230295868927e-04
   2.694931772018e-04  -1.250857427443e-04
   4.908393366791e-05   9.958218458699e-05
   6.024005722917e-04   2.598770354681e-04
   3.409748067770e-04  -1.058535563964e-04
  -1.338755473089e-05   4.940586438785e-05
   4.879104509702e-04   2.584293926751e-04
   2.869898176386e-04  -1.097204618383e-04
  -1.810315609987e-04  -2.971746150958e-05
   2.614822542802e-04   2.262384560840e-04
   1.547568069332e-04  -1.235982464129e-04
  -3.909176300349e-04  -1.224744863413e-04
  -7.254174097164e-06   1.786469133817e-04
   1.969852686292e-05  -1.276514122181e-04
  -5.566877485480e-04  -2.060265990890e-04
  -2.342778908132e-04   1.329192595253e-04
  -4.583510698196e-05  -1.046512080965e-04
  -6.042062391469e-04  -2.584907046668e-04
  -3.525120233948e-04   1.024580504142e-04
  -1.216864443557e-06  -4.798583151331e-05
  -5.031594345524e-04  -2.680335498806e-04
  -3.382563799429e-04   9.240931110971e-05
   1.466241233839e-04   3.531904829550e-05
  -2.804213300563e-04  -2.382539731716e-04
  -2.212689504761e-04   9.770711870401e-05
   3.460961932997e-04   1.276752816668e-04
  -8.337759552426e-06  -1.863937073469e-04
  -7.228802130743e-05   1.046295579580e-04
   5.206323712960e-04   2.077626288722e-04
   2.251596908237e-04  -1.352504758870e-04
   2.678901337792e-05   9.600778824824e-05
   5.973785639716e-04   2.578069942901e-04
   3.508403164626e-04  -1.030772793027e-04
   1.769306746581e-05   5.867722416837e-05
   5.356271664037e-04   2.692389147371e-04
   3.444104143730e-04  -9.591286868824e-05
  -1.084719948976e-04  -9.836058289911e-06
   3.442039489631e-04   2.451190531799e-04
   2.344555908467e-04  -1.055319091207e-04
  -3.063606381783e-04  -9.879278935837e-05
   7.918677848897e-05   1.982391966149e-04
   8.838487535206e-05  -1.138836755292e-04
  -4.949317366374e-04  -1.872950052162e-04
  -1.769452658723e-04   1.459634167423e-04
  -1.635259334268e-05  -1.018053715744e-04
  -5.909448636345e-04  -2.517953400740e-04
  -3.459039778136e-04   1.042318192421e-04
  -2.325546863238e-05  -5.798392741530e-05
  -5.440405123041e-04  -2.755574323756e-04
  -3.837531792799e-04   8.238376320876e-05
   8.116652801675e-05   1.585092230453e-05
  -3.587486168723e-04  -2.561173016168e-04
  -2.991019520294e-04   7.986610399215e-05
   2.622799731913e-04   1.057423251178e-04
  -9.250735478865e-05  -2.063950167321e-04
  -1.496205223066e-04   8.613415120575e-05
   4.507521186795e-04   1.911743982602e-04
   1.686185911661e-04  -1.485155020278e-04
  -1.754314634731e-05   8.450007463211e-05
   5.686279073307e-04   2.523342181620e-04
   3.440501017569e-04  -1.038240701969e-04
   2.515728577020e-05   5.913140010974e-05
   5.592358955802e-04   2.765082476395e-04
   3.893962403179e-04  -8.381724628439e-05
  -5.204541681055e-05   2.651393872458e-06
   4.106316921089e-04   2.620250539044e-04
   3.126085560327e-04  -8.571849064629e-05
  -2.241579093717e-04  -7.927352640112e-05
   1.619104157946e-04   2.182202470729e-04
   1.684194482697e-04  -9.457759076250e-05
  -4.206893894816e-04  -1.688431019583e-04
  -1.110191562239e-04   1.614551094192e-04
   3.409455281289e-05  -9.077759595090e-05
  -5.549961923497e-04  -2.422810828330e-04
  -3.235922541167e-04   1.092709947179e-04
  -2.200213270204e-05  -5.933145912076e-05
  -5.605918646158e-04  -2.791123320610e-04
  -4.146228503891e-04   7.468394581914e-05
   3.287062884751e-05   3.215364591348e-06
  -4.198801946496e-04  -2.710652012884e-04
  -3.710652325522e-04   6.177077723442e-05
   1.831753742049e-04   8.730932648610e-05
  -1.719399565074e-04  -2.259330673056e-04
  -2.337344764864e-04   6.393081562272e-05
   3.712276658876e-04   1.744415863694e-04
   1.043119911856e-04  -1.637856008568e-04
  -7.983951823792e-05   6.614415301430e-05
   5.190925550433e-04   2.439670065216e-04
   3.220407147569e-04  -1.077296191021e-04
   9.844709740225e-06   5.110970598591e-05
   5.582153927277e-04   2.798797176435e-04
   4.197862528220e-04  -7.397297616607e-05
  -1.444936326594e-05   7.233904830146e-06
   4.570868419500e-04   2.759013258288e-04
   3.843993289916e-04  -6.537287140529e-05
  -1.493852194381e-04  -6.505666917477e-05
   2.355835027739e-04   2.372583531914e-04
   2.542691621195e-04  -7.111139727014e-05
  -3.393370382052e-04  -1.519796653523e-04
  -4.143037538770e-05   1.782611958911e-04
   1.013985777674e-04  -7.252973947055e-05
  -4.997963087129e-04  -2.308651860276e-04
  -2.881463625404e-04   1.170292963474e-04
   1.433329496991e-06  -5.218161729467e-05
  -5.528506490999e-04  -2.787937454252e-04
  -4.299995243972e-04   6.954024943022e-05
   3.971659362668e-06  -1.917650151908e-06
  -4.605192779695e-04  -2.823146162512e-04
  -4.332068865371e-04   4.434789342531e-05
   1.133919886415e-04   7.353676853720e-05
  -2.414640431975e-04  -2.436832636953e-04
  -3.191525221878e-04   3.931993025677e-05
   2.872332710977e-04   1.587175869650e-04
   3.715589481564e-05  -1.797403401324e-04
  -1.552177167273e-04   4.214941579798e-05
   4.524791577904e-04   2.333593790829e-04
   2.874372102017e-04  -1.140121312984e-04
  -2.586904051980e-05   3.528239412220e-05
   5.332917289622e-04   2.791957801832e-04
   4.347897999013e-04  -6.644340620588e-05
   3.314784396666e-06   3.811970025103e-06
   4.810421951052e-04   2.858017615579e-04
   4.459523450314e-04  -4.534082761006e-05
  -8.585381984872e-05  -5.692044372184e-05
   2.954704489078e-04   2.539522249527e-04
   3.405204273106e-04  -4.472530160225e-05
  -2.558212155435e-04  -1.378047656731e-04
   2.670493980852e-05   1.949900881201e-04
   1.806565869479e-04  -4.815861983113e-05
  -4.292989973955e-04  -2.184637878355e-04
  -2.430703296408e-04   1.265606638195e-04
   4.447558111559e-05  -3.702483242601e-05
  -5.220159079088e-04  -2.748594074007e-04
  -4.303271687117e-04   6.673953827177e-05
  -4.903791357574e-06   7.369338692986e-07
  -4.785741724432e-04  -2.892705555403e-04
  -4.826980258670e-04   2.815598763832e-05
   5.633021333053e-05   6.529545108384e-05
  -2.966189460432e-04  -2.583953499820e-04
  -4.008716578013e-04   1.340847071136e-05
   2.034893561117e-04   1.450388881085e-04
  -2.786455953399e-05  -1.949412118379e-04
  -2.383868277797e-04   1.376621564374e-05
   3.729127432570e-04   2.212311413992e-04
   2.437016259580e-04  -1.215788812237e-04
  -7.839343528183e-05   1.258666485425e-05
   4.862658555438e-04   2.744744407952e-04
   4.348491264374e-04  -6.087908273157e-05
   1.835901577359e-06  -7.314381798792e-06
   4.811933381998e-04   2.909308064790e-04
   4.944437393908e-04  -2.610103598850e-05
  -3.598410354417e-05  -5.524161458453e-05
   3.376987441771e-04   2.669143255423e-04
   4.221684554099e-04  -1.646945833101e-05
  -1.743526285789e-04  -1.271274024408e-04
   8.846371177051e-05   2.100873238197e-04
   2.665294172249e-04  -1.881797561246e-05
  -3.476049161104e-04  -2.058876283910e-04
  -1.924291996572e-04   1.366004458203e-04
   1.033608319054e-04  -1.463307330251e-05
  -4.701974538391e-04  -2.676474399345e-04
  -4.171423883668e-04   6.566831347174e-05
   5.335809188833e-06   1.107711032131e-05
  -4.731486050309e-04  -2.915042296595e-04
  -5.178447482620e-04   1.338313561710e-05
   1.404625784311e-05   6.311019840255e-05
  -3.338693630184e-04  -2.689352223525e-04
  -4.745766598150e-04  -1.293058805384e-05
   1.239818124216e-04   1.342378301139e-04
  -8.605340750170e-05  -2.079212830660e-04
  -3.239908726589e-04  -1.777949770616e-05
   2.846063934451e-04   2.082798784451e-04
   1.947561005950e-04  -1.291346938771e-04
  -1.432661342263e-04  -1.583475679970e-05
   4.197851307812e-04   2.658612353339e-04
   4.214076684896e-04  -5.660456549092e-05
  -1.689842484466e-05  -2.546930113088e-05
   4.574487483139e-04   2.906609049913e-04
   5.281005737900e-04  -7.803452492743e-06
  -7.859108513568e-07  -5.997007859825e-05
   3.594595925092e-04   2.748421249814e-04
   4.948134550124e-04   1.280815317928e-05
  -9.820256963038e-05  -1.203975338596e-04
   1.394576563395e-04   2.219330523435e-04
   3.535516735474e-04   1.432906498485e-05
  -2.586493560271e-04  -1.937456857814e-04
  -1.404597101117e-04   1.456631534181e-04
   1.734382113897e-04   1.398764596646e-05
  -4.001440484259e-04  -2.574860774331e-04
  -3.927785877581e-04   6.538438843137e-05
   3.240235865639e-05   2.862137324191e-05
  -4.444596930704e-04  -2.887104607316e-04
  -5.379950331817e-04  -1.236984886415e-07
  -1.278997799815e-05   6.711709809959e-05
  -3.507433820600e-04  -2.743046937240e-04
  -5.367550247875e-04  -3.906978320391e-05
   5.176118555758e-05   1.268657722957e-04
  -1.333046282545e-04  -2.172576721852e-04
  -4.068813054874e-04  -5.132922357565e-05
   1.915735497437e-04   1.950942877515e-04
   1.446138749417e-04  -1.352862778385e-04
  -2.154883479232e-04  -4.868823697498e-05
   3.370910016550e-04   2.535679517213e-04
   3.966183106571e-04  -5.272025945857e-05
  -4.975668548037e-05  -4.963469747780e-05
   4.108501840757e-04   2.845303762253e-04
   5.461067602404e-04   9.663245402937e-06
   2.006329162002e-05  -7.062050524442e-05
   3.591403253269e-04   2.765775927134e-04
   5.547710511039e-04   4.243885565997e-05
  -2.960321626544e-05  -1.176568077475e-04
   1.761268831202e-04   2.289400940192e-04
   4.363846220002e-04   5.012545063026e-05
  -1.659718709895e-04  -1.823649471559e-04
  -9.119175213783e-05   1.521536277453e-04
   2.494711534866e-04   4.762887652820e-05
  -3.149892991018e-04  -2.446070119966e-04
  -3.600219512068e-04   6.471465456027e-05
   7.284764788335e-05   5.252033585655e-05
  -3.937099260554e-04  -2.806544042053e-04
  -5.433578112490e-04  -1.279731926858e-05
  -2.484615954873e-05   7.703393432603e-05
  -3.459038766872e-04  -2.736456444526e-04
  -5.847215270672e-04  -6.460845410177e-05
  -1.117210746550e-05   1.231297823120e-04
  -1.663426443510e-04  -2.216300694910e-04
  -4.823156471569e-04  -8.581026471329e-05
   9.740279811592e-05   1.820764585110e-04
   9.704152944063e-05  -1.386397950408e-04
  -2.898311574093e-04  -8.457205211707e-05
   2.417740036832e-04   2.378086677031e-04
   3.630259277078e-04  -4.821200549050e-05
  -9.275749783451e-05  -7.849065111892e-05
   3.434417811101e-04   2.722286643848e-04
   5.484395888464e-04   2.658279969533e-05
   2.805405850825e-05  -8.628337801154e-05
   3.363880688262e-04   2.711568759815e-04
   5.991102296490e-04   7.188233542079e-05
   3.025119542013e-05  -1.185132121504e-04
   1.959761134737e-04   2.296525072170e-04
   5.100152655029e-04   8.740715869324e-05
  -7.257967074828e-05  -1.717344648587e-04
  -4.810258184241e-05   1.544896057288e-04
   3.259252658810e-04   8.489276159860e-05
  -2.180466194043e-04  -2.290748147696e-04
  -3.217514383794e-04   6.237596833084e-05
   1.223295589537e-04   8.156822002515e-05
  -3.229425553124e-04  -2.671197896551e-04
  -5.347583419511e-04  -2.525793054550e-05
  -2.399262843540e-05   9.214365700069e-05
  -3.191669520307e-04  -2.662370731808e-04
  -6.165654470192e-04  -8.932337704455e-05
  -6.389274875238e-05   1.228458451188e-04
  -1.829053756174e-04  -2.198708509251e-04
  -5.460876338217e-04  -1.202285436875e-04
   5.107709386942e-06   1.693792234096e-04
   5.526560646232e-05  -1.378925577964e-04
  -3.611017704132e-04  -1.220040120955e-04
   1.375626018962e-04   2.187428861654e-04
   3.232537326042e-04  -4.206363335435e-05
  -1.413807505921e-04  -1.104587877412e-04
   2.581111829906e-04   2.535773768732e-04
   5.356638460972e-04   4.330831401158e-05
   2.560970337932e-05  -1.056561316734e-04
   2.921091099537e-04   2.578533860932e-04
   6.256355961509e-04   1.006553988420e-04
   8.110904124251e-05  -1.221445430795e-04
   1.977460164761e-04   2.228450109722e-04
   5.699119508473e-04   1.249685954107e-04
   1.909252008257e-05  -1.614814055683e-04
  -1.382158305786e-05   1.512342892181e-04
   3.972397187589e-04   1.241889024106e-04
  -1.126741360184e-04  -2.107443330082e-04
  -2.805940321949e-04   5.711570702376e-05
   1.759111052402e-04   1.142131224668e-04
  -2.349082333873e-04  -2.478721624425e-04
  -5.133601457487e-04  -3.819266304257e-05
  -1.308871266782e-05   1.112918238730e-04
  -2.714829844057e-04  -2.514952000650e-04
  -6.310392280119e-04  -1.130901129084e-04
  -1.064838050054e-04   1.254125683966e-04
  -1.818737534730e-04  -2.110134216095e-04
  -5.946001278108e-04  -1.536370749791e-04
  -8.294122033456e-05   1.568645036260e-04
   2.173125184061e-05  -1.319215439387e-04
  -4.243683693915e-04  -1.594336012564e-04
   2.816420877602e-05   1.964346093148e-04
   2.797179913142e-04  -3.336918721023e-05
  -1.908786686160e-04  -1.437463301080e-04
   1.584252994372e-04   2.285159896672e-04
   5.087124465289e-04   6.015248689947e-05
   1.579827296519e-05  -1.270944170276e-04
   2.284115031786e-04   2.362181028931e-04
   6.328339841262e-04   1.282497202923e-04
   1.234831321837e-04  -1.273350652863e-04
   1.815118428296e-04   2.076225753262e-04
   6.121506340095e-04   1.615168934751e-04
   1.071320620042e-04  -1.508863332917e-04
   1.009721779401e-05   1.412360752338e-04
   4.580874479509e-04   1.637233456961e-04
  -2.217118945146e-06  -1.892567536002e-04
  -2.386253534791e-04   4.786674915075e-05
   2.283840531373e-04   1.485700844350e-04
  -1.329628543283e-04  -2.226503323909e-04
  -4.803886858703e-04  -5.221313837990e-05
   4.300337915067e-06   1.329015054182e-04
  -2.048946012055e-04  -2.289875938583e-04
  -6.274141481071e-04  -1.357797825012e-04
  -1.398800261449e-04   1.298108219583e-04
  -1.633507497603e-04  -1.943456606254e-04
  -6.248972131579e-04  -1.850841750168e-04
  -1.650004573470e-04   1.440889811120e-04
  -2.081827336118e-06  -1.198719448924e-04
  -4.751501248168e-04  -1.952416621042e-04
  -8.283200960108e-05   1.708350604165e-04
   2.343899975319e-04  -2.144270213279e-05
  -2.365764258999e-04  -1.763909010161e-04
   4.847880738299e-05   1.971004906539e-04
   4.686814310571e-04   7.727845478309e-05
   2.011056028419e-06  -1.486830762355e-04
   1.485010108484e-04   2.061210545958e-04
   6.198070936448e-04   1.540486172910e-04
   1.584056933275e-04  -1.325480360031e-04
   1.487031694290e-04   1.835183039566e-04
   6.335261556738e-04   1.956271602429e-04
   1.900202076799e-04  -1.389431636471e-04
   2.331846388826e-05   1.237704244336e-04
   5.036328797690e-04   2.014917737951e-04
   1.099765214794e-04  -1.640826024965e-04
  -1.971432211349e-04   3.390950959176e-05
   2.746136511852e-04   1.824455021735e-04
  -2.100611603285e-05  -1.911974005209e-04
  -4.368932927567e-04  -6.770009925544e-05
   2.424537992698e-05   1.550117122485e-04
  -1.224825962187e-04  -1.984719182715e-04
  -6.053338654283e-04  -1.571393346649e-04
  -1.656265109770e-04   1.346360357899e-04
  -1.286914187208e-04  -1.694750982945e-04
  -6.346756214683e-04  -2.135480764638e-04
  -2.398544825628e-04   1.303240425271e-04
  -1.578077238753e-05  -1.012487331985e-04
  -5.095837411300e-04  -2.277332851130e-04
  -1.919879144731e-04   1.417959081866e-04
   1.886198883387e-04  -5.923954630265e-06
  -2.741584013162e-04  -2.063087520092e-04
  -6.723314725839e-05   1.595219046318e-04
   4.166639891274e-04   9.459829431406e-05
  -1.237400338238e-05  -1.683267000434e-04
   5.654058409853e-05   1.677972685005e-04
   5.862119609135e-04   1.772535226401e-04
   1.871374993829e-04  -1.360346469801e-04
   1.020404393663e-04   1.505859337856e-04
   6.316613896472e-04   2.257119899372e-04
   2.664462354985e-04  -1.244662821748e-04
   2.676840175119e-05   9.867515628322e-05
   5.297947061094e-04   2.352919313309e-04
   2.204847262360e-04  -1.346159832596e-04
  -1.565398727017e-04   1.502934214679e-05
   3.099022776131e-04   2.133859140452e-04
   9.654475898130e-05  -1.533382592556e-04
  -3.835832782825e-04  -8.464912215182e-05
   4.284144973199e-05   1.753488045657e-04
  -2.830143136090e-05  -1.599665795160e-04
  -5.647005941198e-04  -1.766691345486e-04
  -1.855654789674e-04   1.381712619109e-04
  -8.048036122114e-05  -1.364095851709e-04
  -6.222990055786e-04  -2.378697302254e-04
  -3.066429793006e-04   1.146171914351e-04
  -2.010925316545e-05  -7.601106340543e-05
  -5.245802168697e-04  -2.551338858977e-04
  -2.959916391291e-04   1.091184523859e-04
   1.430358973347e-04   1.312368608954e-05
  -2.999402944751e-04  -2.313528840583e-04
  -1.839171805296e-04   1.161490230830e-04
   3.536446531291e-04   1.116876095906e-04
  -2.432679394884e-05  -1.838610894150e-04
  -4.252061298774e-05   1.218983508406e-04
   5.322295594412e-04   1.968320021722e-04
   2.108569613283e-04  -1.359779299929e-04
   4.538564046966e-05   1.094809479397e-04
   6.051240100664e-04   2.500191217820e-04
   3.350914663225e-04  -1.062430849410e-04
   2.256317619344e-05   6.646646567984e-05
   5.335158736145e-04   2.627710603594e-04
   3.257115756229e-04  -1.003187420222e-04
  -1.162950452023e-04  -8.347033109607e-06
   3.303667046932e-04   2.387661707323e-04
   2.147658726461e-04  -1.091040806242e-04
  -3.207695443589e-04  -1.025359433948e-04
   5.662555095380e-05   1.914420459599e-04
   7.270450771624e-05  -1.138552385864e-04
  -5.056277255105e-04  -1.935163419345e-04
  -2.014710316056e-04   1.385091040012e-04
  -2.244845763836e-05  -9.565346406421e-05
  -5.868392717492e-04  -2.566994432770e-04
  -3.646301533690e-04   9.590114749479e-05
  -1.691402175273e-05  -4.466623709051e-05
  -5.179849297039e-04  -2.756008525853e-04
  -3.915887435445e-04   7.264234435404e-05
   9.753132115772e-05   3.512923108026e-05
  -3.111285447475e-04  -2.493893344238e-04
  -2.965661171195e-04   6.759662417412e-05
   2.804695128924e-04   1.277252488026e-04
  -3.148188839640e-05  -1.931874772320e-04
  -1.431468757133e-04   6.954820286977e-05
   4.585771664734e-04   2.114988262994e-04
   2.303576060704e-04  -1.306675843533e-04
  -1.649254224871e-05   6.152232264633e-05
   5.535554474065e-04   2.666697024152e-04
   3.944162240193e-04  -8.322475548461e-05
   1.381353843649e-05   2.841978652238e-05
   5.130342386461e-04   2.815219396884e-04
   4.217951658856e-04  -6.090581437061e-05
  -7.510579571579e-05  -3.505701484515e-05
   3.333149813518e-04   2.559306418739e-04
   3.282544188731e-04  -5.889534160583e-05
  -2.484347467009e-04  -1.202248569278e-04
   6.299999480124e-05   2.007936008449e-04
   1.748250737897e-04  -6.101830189956e-05
  -4.284864715022e-04  -2.064077376810e-04
  -2.146624467108e-04   1.337286059497e-04
   4.068607867549e-05  -4.831192946393e-05
  -5.281655485961e-04  -2.684777509617e-04
  -4.129440223916e-04   7.315359572682e-05
  -9.013508555736e-06  -8.353658364584e-06
  -4.887497355095e-04  -2.872663019005e-04
  -4.754929267430e-04   3.237344198478e-05
   5.135155063362e-05   5.895475348788e-05
  -3.060650675976e-04  -2.584016250344e-04
  -4.000430930744e-04   1.481559558411e-05
   1.979030454428e-04   1.414697631169e-04
  -3.242104573151e-05  -1.944316590655e-04
  -2.394498236245e-04   1.239673312037e-05
   3.665732858306e-04   2.197420495537e-04
   2.457853446419e-04  -1.186990366479e-04
  -7.823753282004e-05   8.723784794480e-06
   4.778097295421e-04   2.737478303772e-04
   4.424881183790e-04  -5.474187678439e-05
   4.304584218531e-06  -1.340310455856e-05
   4.681369311622e-04   2.892369457369e-04
   5.045649164357e-04  -1.655419199477e-05
  -3.115858407074e-05  -6.317377294417e-05
   3.175968803000e-04   2.623960923056e-04
   4.312142584903e-04  -3.664399362036e-06
  -1.664418104191e-04  -1.359467791988e-04
   6.062690080369e-05   2.011086471935e-04
   2.717793909747e-04  -2.973954375471e-06
  -3.340612234555e-04  -2.136482636542e-04
  -2.256373399788e-04   1.221279687324e-04
   1.034715762268e-04   3.812267400655e-06
  -4.470922438167e-04  -2.714729276954e-04
  -4.503247178893e-04   4.560465599515e-05
   4.592541067525e-08   3.109703808685e-05
  -4.371177735310e-04  -2.883268190040e-04
  -5.443084448039e-04  -1.135553487967e-05
   3.290433445364e-06   8.287601966613e-05
  -2.844481967959e-04  -2.566321356661e-04
  -4.891894857010e-04  -4.080454503255e-05
   1.067749285705e-04   1.512859977915e-04
  -2.690122583287e-05  -1.861280222969e-04
  -3.254664233528e-04  -4.733970377378e-05
   2.582541955754e-04   2.199047943042e-04
   2.564483269995e-04  -9.918618531396e-05
  -1.343029912073e-04  -4.621909033541e-05
   3.800907898372e-04   2.694477440056e-04
   4.768911914197e-04  -2.072492629305e-05
  -1.939662446052e-06  -5.619975684216e-05
   4.003702547498e-04   2.839218611032e-04
   5.695900938855e-04   3.189116816581e-05
   1.746631328025e-05  -9.006833505443e-05
   2.838876478147e-04   2.561150782281e-04
   5.176412446705e-04   5.491248406810e-05
  -7.487194161605e-05  -1.473735222594e-04
   4.974615974823e-05   1.905814821214e-04
   3.570154231809e-04   5.800050669420e-05
  -2.238087380312e-04  -2.132110601541e-04
  -2.337778555135e-04   1.025046007365e-04
   1.600916373464e-04   5.815570495892e-05
  -3.455814714834e-04  -2.638965309828e-04
  -4.749325305960e-04   1.297970267101e-05
   6.356462329774e-06   7.115672283632e-05
  -3.648089309946e-04  -2.771939536643e-04
  -5.945049378378e-04  -5.770642167768e-05
  -4.800140702051e-05   1.046226097498e-04
  -2.475105883485e-04  -2.427655334265e-04
  -5.589855954773e-04  -9.733742767620e-05
   8.210487353841e-06   1.552361178553e-04
  -1.600296727725e-05  -1.674242673817e-04
  -3.954933608188e-04  -1.068677990667e-04
   1.365292198709e-04   2.103307384952e-04
   2.607321227757e-04  -7.197261681378e-05
  -1.794215301861e-04  -1.000016637909e-04
   2.640664755418e-04   2.522789514182e-04
   4.947528712469e-04   1.809642741869e-05
  -1.183543389252e-06  -9.656242887724e-05
   3.131676357534e-04   2.641613256452e-04
   6.123558207956e-04   8.274899303801e-05
   7.228787500578e-05  -1.125818289217e-04
   2.348539648598e-04   2.357856933292e-04
   5.816427682782e-04   1.143129438961e-04
   2.554045096103e-05  -1.518090339010e-04
   3.235909617288e-05   1.682196292532e-04
   4.241412693706e-04   1.188059999922e-04
  -1.001908855725e-04  -2.029382301624e-04
  -2.371911071589e-04   7.446076515432e-05
   2.048613833942e-04   1.113990072421e-04
  -2.269732405596e-04  -2.441117242045e-04
  -4.842734790853e-04  -2.424702945872e-05
   6.137623080098e-06   1.086645470918e-04
  -2.751773363734e-04  -2.527122410058e-04
  -6.224897425263e-04  -1.051645672103e-04
  -1.036061809250e-04   1.214991204891e-04
  -1.981220432257e-04  -2.161517412465e-04
  -6.047930237745e-04  -1.522507948947e-04
  -9.607491377607e-05   1.512482463411e-04
  -2.166756679098e-06  -1.382950027283e-04
  -4.444870099720e-04  -1.628588566583e-04
   5.347611267307e-06   1.895766163580e-04
   2.561527788874e-04  -3.781940824215e-05
  -2.091278899589e-04  -1.488598172350e-04
   1.349257499016e-04   2.213213148328e-04
   4.929191910891e-04   6.004734228887e-05
   9.439909497833e-06  -1.307157208193e-04
   2.118498677907e-04   2.294156162965e-04
   6.285902863712e-04   1.334114249016e-04
   1.338675057753e-04  -1.273186095781e-04
   1.751430338949e-04   2.011773211796e-04
   6.179086136678e-04   1.711418365473e-04
   1.329356017329e-04  -1.465069341076e-04
   1.221265710730e-05   1.341700160965e-04
   4.674973793037e-04   1.755632404009e-04
   3.297854253596e-05  -1.808588270183e-04
  -2.327491292387e-04   3.869600516475e-05
   2.328464048344e-04   1.595788947669e-04
  -9.619010263882e-05  -2.109359855352e-04
  -4.753015117411e-04  -6.462775605602e-05
  -3.672065311777e-06   1.400029945329e-04
  -1.732923798317e-04  -2.144389160781e-04
  -6.248210639670e-04  -1.514128639693e-04
  -1.638559074177e-04   1.306072735074e-04
  -1.407723156732e-04  -1.770539367237e-04
  -6.227012503999e-04  -2.023994110307e-04
  -2.034549869307e-04   1.373706446499e-04
   1.091995583154e-05  -9.974203883538e-05
  -4.685285899010e-04  -2.115677325641e-04
  -1.301654606472e-04   1.566864880628e-04
   2.395753044041e-04   1.459554861100e-06
  -2.203085895966e-04  -1.888110081982e-04
  -6.643609130030e-07   1.765110334519e-04
   4.682948276170e-04   1.024507671664e-04
   3.135130587697e-05  -1.548597866951e-04
   1.034504749159e-04   1.803151561986e-04
   6.147453342071e-04   1.803727597345e-04
   2.012775037578e-04  -1.310551484545e-04
   1.111402604381e-04   1.534262552123e-04
   6.223217675957e-04   2.212438956058e-04
   2.439046451277e-04  -1.291036363711e-04
  -5.473328824274e-06   8.999410338233e-05
   4.828480512636e-04   2.238010896031e-04
   1.702593979761e-04  -1.456090097726e-04
  -2.163826328269e-04  -2.768396011775e-06
   2.405706224219e-04   1.983428960261e-04
   4.016085318233e-05  -1.640190478623e-04
  -4.447432553612e-04  -1.055979237389e-04
  -2.476725011862e-05   1.614039160346e-04
  -6.587900934519e-05  -1.629610537645e-04
  -5.985910661658e-04  -1.932972727412e-04
  -2.278310454142e-04   1.291795871119e-04
  -8.138202610739e-05  -1.268916982677e-04
  -6.099845265739e-04  -2.441166340717e-04
  -3.101025177865e-04   1.121081695328e-04
   1.862121620214e-05  -5.394747071303e-05
  -4.653366191986e-04  -2.490532870821e-04
  -2.636603761580e-04   1.115100416596e-04
   2.076144903635e-04   4.295056487265e-05
  -2.117335039312e-04  -2.159949120718e-04
  -1.347519208814e-04   1.189253667012e-04
   4.183444861201e-04   1.416958036003e-04
   6.402235396167e-05  -1.656094219570e-04
  -3.676523264905e-06   1.189060305989e-04
   5.686042316085e-04   2.194131440425e-04
   2.716888841932e-04  -1.212396335048e-04
   5.045496518688e-05   9.524125542564e-05
   5.926617336756e-04   2.599900491400e-04
   3.532200052773e-04  -9.813142571293e-05
  -1.457395164703e-05   3.882444383311e-05
   4.681304869543e-04   2.588221033389e-04
   3.044896823099e-04  -9.691234076386e-05
  -1.836596770398e-04  -4.650078487018e-05
   2.267410370735e-04   2.233686728344e-04
   1.738832257898e-04  -1.042506896384e-04
  -3.896653419640e-04  -1.434767050062e-04
  -5.685236132641e-05   1.693945826516e-04
   3.895702871382e-05  -1.002030639983e-04
  -5.419817242991e-04  -2.269352030398e-04
  -2.929235665229e-04   1.150190544181e-04
  -2.688929409956e-05  -6.843150420386e-05
  -5.656491848407e-04  -2.734406856313e-04
  -4.108078677915e-04   7.482103417248e-05
   1.586401441920e-05  -4.333700726682e-06
  -4.347840931036e-04  -2.715178613744e-04
  -3.876688327275e-04   5.503116527083e-05
   1.572168452366e-04   8.272160172246e-05
  -1.845050327256e-04  -2.271097143476e-04
  -2.584922710684e-04   5.102008656832e-05
   3.417249316485e-04   1.734634449454e-04
   1.046348519940e-04  -1.605015932416e-04
  -1.004939197355e-04   4.878939761322e-05
   4.899560519294e-04   2.459597682651e-04
   3.401823676611e-04  -9.653330181018e-05
   1.123331528371e-06   3.095199321555e-05
   5.293121164078e-04   2.827506523050e-04
   4.538321699592e-04  -5.354702474507e-05
  -8.920968617021e-06  -1.466984686854e-05
   4.241552511679e-04   2.762498385773e-04
   4.269790272545e-04  -3.604753819922e-05
  -1.306362822447e-04  -8.777668758954e-05
   1.928754712912e-04   2.309424741193e-04
   2.955782514775e-04  -3.412412867261e-05
  -3.082590584849e-04  -1.736721159185e-04
  -9.715804401862e-05   1.613655910569e-04
   1.322865678136e-04  -2.965368671788e-05
  -4.549538242865e-04  -2.480122334341e-04
  -3.545732600521e-04   8.701325069593e-05
   1.542454475207e-05  -5.860437222397e-06
  -4.910140910627e-04  -2.865007500365e-04
  -4.989984685061e-04   2.614229882522e-05
  -2.133139285542e-06   4.452346140536e-05
  -3.793470497962e-04  -2.757677342848e-04
  -4.939327453045e-04  -1.034627710404e-05
   8.639305581392e-05   1.160713983526e-04
  -1.423396374003e-04  -2.199210172054e-04
  -3.627767349404e-04  -2.323961080080e-05
   2.389828200606e-04   1.931302851546e-04
   1.479959597755e-04  -1.385221555947e-04
  -1.781643910355e-04  -2.490784330026e-05
   3.812393023641e-04   2.556262478679e-04
   3.998830486968e-04  -5.731988039941e-05
  -2.943921274770e-05  -3.366430099183e-05
   4.358458527366e-04   2.855377261154e-04
   5.372321271915e-04   2.815865637589e-06
   1.659758902711e-05  -6.457283452238e-05
   3.551128890263e-04   2.727250850917e-04
   5.280811538060e-04   3.379631263705e-05
  -5.490581762491e-05  -1.209601639849e-04
   1.436844475600e-04   2.186521190567e-04
   3.953930959477e-04   4.204348768234e-05
  -2.007571936681e-04  -1.911349647365e-04
  -1.402383466224e-04   1.362053836238e-04
   2.052348431350e-04   4.357612596548e-05
  -3.399756410847e-04  -2.522921480304e-04
  -4.062997986666e-04   4.565852985076e-05
   3.887134281279e-05   5.532978818866e-05
  -3.902237136520e-04  -2.800644379099e-04
  -5.670519869477e-04  -3.165576997186e-05
  -3.894961503994e-05   8.718108421348e-05
  -3.043808074826e-04  -2.597707662729e-04
  -5.740105555847e-04  -8.062631826246e-05
  -4.969628855716e-06   1.379734131235e-04
  -9.158228040697e-05  -1.937945103346e-04
  -4.391070533992e-04  -9.842144323307e-05
   1.132153844448e-04   1.963488409640e-04
   1.867996137460e-04  -1.005787284169e-04
  -2.291382518393e-04  -9.578923429987e-05
   2.480242326379e-04   2.448990924091e-04
   4.424955098954e-04  -6.088334986867e-06
