   0.000000000000e+00   0.000000000000e+00
  -1.210120506378e-05  -1.377851780983e-04
   4.714871085794e-05   2.254214596126e-04
  -3.151907935771e-07  -2.551382571392e-04
   4.347123852731e-05   2.387512112358e-04
  -1.314438511208e-06  -1.199829122066e-04
  -3.812611967194e-07   2.927096676478e-07
   1.190529632821e-05   1.247615651616e-04
   1.156448428943e-05  -2.254022994450e-04
   3.174951487364e-05   2.627431227158e-04
   2.367940500132e-05  -2.069547531871e-04
   5.610087233399e-06   1.361331318995e-04
   2.585160414572e-06   4.071402717935e-06
   8.780807086020e-06  -1.329204953018e-04
   4.928264842947e-06   2.167021928389e-04
   4.907489503248e-05  -2.428181863731e-04
  -9.332342623916e-07   2.269335751906e-04
   2.913046918455e-05  -1.086922293749e-04
  -5.171365205712e-06  -2.206206343087e-06
  -1.011310566305e-05   1.236662570437e-04
   5.218333472774e-05  -2.165050338728e-04
  -2.094234618946e-05   2.499731867127e-04
   7.358692551697e-05  -1.920784787706e-04
  -2.615491385203e-05   1.258860664083e-04
   1.047134880958e-05   1.224878628807e-05
   2.760216857361e-05  -1.308390319387e-04
  -3.928397132980e-05   2.090489023755e-04
   1.033672929924e-04  -2.290986756973e-04
  -5.291061140790e-05   2.119136294419e-04
   6.654219392936e-05  -9.326802213709e-05
  -1.556062304702e-05  -8.835034154444e-06
  -2.998633818658e-05   1.255411952926e-04
   9.419645444330e-05  -2.083958882360e-04
  -7.885551180956e-05   2.359843214050e-04
   1.299977166798e-04  -1.740637064857e-04
  -6.538018127789e-05   1.113535546779e-04
   2.361477479315e-05   2.445661506047e-05
   4.392151723402e-05  -1.315870719772e-04
  -8.496544688934e-05   2.023976908156e-04
   1.618708210474e-04  -2.140152343537e-04
  -1.119310254696e-04   1.936886335506e-04
   1.104720493736e-04  -7.378446572378e-05
  -3.159677181376e-05  -1.959462913487e-05
  -4.751559774361e-05   1.302575863009e-04
   1.369969502299e-04  -2.010787781675e-04
  -1.413356191993e-04   2.207024985887e-04
   1.921922682236e-04  -1.529478241909e-04
  -1.116656952172e-04   9.254815634290e-05
   4.175743264296e-05   4.054725800731e-05
   5.744755049485e-05  -1.351292083667e-04
  -1.316392293735e-04   1.965805906512e-04
   2.238139315579e-04  -1.975504978921e-04
  -1.772828303068e-04   1.722170865615e-04
   1.602472843581e-04  -5.035306596444e-05
  -5.309660334455e-05  -3.442309620249e-05
  -6.265162507680e-05   1.375830165765e-04
   1.800153740376e-04  -1.944775581142e-04
  -2.076418362082e-04   2.039747855540e-04
   2.592704602870e-04  -1.287642385412e-04
  -1.643608534114e-04   6.950617868803e-05
   6.442323189643e-05   6.028651726455e-05
   6.804818876193e-05  -1.413392241899e-04
  -1.788587099379e-04   1.913256353781e-04
   2.883351945089e-04  -1.796408954062e-04
  -2.480488367311e-04   1.474334551316e-04
   2.149610508952e-04  -2.313990373452e-05
  -7.962988569367e-05  -5.318009509295e-05
  -7.548661717074e-05   1.471724812307e-04
   2.227176134152e-04  -1.884337495418e-04
  -2.769215254656e-04   1.855801336338e-04
   3.301380427922e-04  -1.015575218759e-04
  -2.225421981072e-04   4.230767318035e-05
   9.091783930329e-05   8.333723335163e-05
   7.575717906105e-05  -1.499881479043e-04
  -2.261859367089e-04   1.862590204085e-04
   3.544715315700e-04  -1.601847440714e-04
  -3.230781338427e-04   1.192687488674e-04
   2.734645434091e-04   7.614725093561e-06
  -1.105050869493e-04  -7.562666155419e-05
  -8.623994185229e-05   1.585602033684e-04
   2.645996629149e-04  -1.827041437315e-04
  -3.481796109603e-04   1.652451518597e-04
   4.034936814258e-04  -7.140091931445e-05
  -2.849913340216e-04   1.110214720100e-05
   1.203344034813e-04   1.092426344190e-04
   8.077636214971e-05  -1.607305638138e-04
  -2.731637202668e-04   1.809112495028e-04
   4.211451235840e-04  -1.390522671584e-04
  -4.009561655381e-04   8.767749952399e-05
   3.343637288145e-04   4.157528460156e-05
  -1.447598304928e-04  -1.014014071084e-04
  -9.523626016126e-05   1.711543419702e-04
   3.051783573360e-04  -1.769594477078e-04
  -4.202442537201e-04   1.426663479352e-04
   4.778182380572e-04  -3.841624971277e-05
  -3.501762647297e-04  -2.386012053287e-05
   1.515673558912e-04   1.374110355608e-04
   8.347105506463e-05  -1.730904920484e-04
  -3.192817455623e-04   1.747292746403e-04
   4.871495280621e-04  -1.160983312456e-04
  -4.799763188888e-04   5.267168270966e-05
   3.960229406421e-04   7.828953475850e-05
  -1.811596067948e-04  -1.299943076178e-04
  -1.028750471554e-04   1.842367947588e-04
   3.439771255953e-04  -1.707854117492e-04
  -4.917317664105e-04   1.175400191595e-04
   5.513685804285e-04  -2.795853355562e-06
  -4.162406794901e-04  -6.219216599023e-05
   1.833362546100e-04   1.671040061071e-04
   8.435583233175e-05  -1.864488667950e-04
  -3.639380948333e-04   1.670966370775e-04
   5.511361085639e-04  -9.117868317105e-05
  -5.581178674874e-04   1.436142245017e-05
   4.565779765938e-04   1.171680183419e-04
  -2.182090882986e-04  -1.607200836211e-04
  -1.095911216596e-04   1.969704200523e-04
   3.805056586239e-04  -1.636883051203e-04
  -5.610145271837e-04   8.960069967797e-05
   6.221781376618e-04   3.517356781818e-05
  -4.810065031821e-04  -1.033312304584e-04
   2.142213167140e-04   1.974299437860e-04
   8.406758520619e-05  -2.000350209982e-04
  -4.063983250977e-04   1.573632260260e-04
   6.116018015666e-04  -6.417062496010e-05
  -6.330360772116e-04  -2.699837629427e-05
   5.139611228266e-04   1.574659078386e-04
  -2.541807903640e-04  -1.926938814297e-04
  -1.158066977412e-04   2.084157420828e-04
   4.142326418495e-04  -1.551068777936e-04
  -6.261971386814e-04   5.866816890239e-05
   6.880669022009e-04   7.508576803512e-05
  -5.419960980543e-04  -1.464991633489e-04
   2.427117163677e-04   2.273452341846e-04
   8.332289951792e-05  -2.129253681161e-04
  -4.457555490972e-04   1.448857020188e-04
   6.668797041738e-04  -3.499908210314e-05
  -7.020714945569e-04  -7.095750353930e-05
   5.659405272604e-04   1.982688854175e-04
  -2.871660520699e-04  -2.248129765151e-04
  -1.218765357632e-04   2.175588461264e-04
   4.445511718775e-04  -1.444332318807e-04
  -6.851071356956e-04   2.470192807670e-05
   7.466637341934e-04   1.163891600092e-04
  -5.964809287556e-04  -1.906662904257e-04
   2.672668936122e-04   2.556650394376e-04
   8.285756914244e-05  -2.240529889028e-04
  -4.808964546526e-04   1.290785540986e-04
   7.151347753319e-04  -3.668711579212e-06
  -7.622863684486e-04  -1.168197530626e-04
   6.101761040755e-04   2.384851125083e-04
  -3.151527879841e-04  -2.557493913414e-04
  -1.280292443480e-04   2.233515225245e-04
   4.707377581406e-04  -1.310450466552e-04
  -7.353077384633e-04  -1.213957783668e-05
   7.954442378840e-04   1.583616415856e-04
  -6.415634921423e-04  -2.345242650498e-04
   2.863902996303e-04   2.810856153783e-04
   8.334726881224e-05  -2.322323672713e-04
  -5.104792350115e-04   1.094744632834e-04
   7.543676486535e-04   2.969761377218e-05
  -8.105360734110e-04  -1.635974246573e-04
   6.442938398558e-04   2.768454777243e-04
  -3.361332940325e-04  -2.839592089988e-04
  -1.343088273995e-04   2.247638017854e-04
   4.919071516595e-04  -1.143514214532e-04
  -7.741402258495e-04  -5.143937735784e-05
   8.317875883242e-04   2.000877102910e-04
  -6.742980447233e-04  -2.764747960217e-04
   2.987140189236e-04   3.022196712618e-04
   8.531054668675e-05  -2.362035851795e-04
  -5.329301941297e-04   8.579111832517e-05
   7.824306309354e-04   6.481426329522e-05
  -8.435823310430e-04  -2.099780576003e-04
   6.659798019964e-04   3.119145114513e-04
  -3.482429644822e-04  -3.077149969960e-04
  -1.405216929835e-04   2.208479289076e-04
   5.069675452263e-04  -9.385389269256e-05
  -7.988029809369e-04  -9.246824231292e-05
   8.530558785853e-04   2.404402606915e-04
  -6.918531709926e-04  -3.146422646371e-04
   3.030917231118e-04   3.176458679838e-04
   8.899839987108e-05  -2.346999134861e-04
  -5.464659602968e-04   5.799996752693e-05
   7.970613487406e-04   1.011837329943e-04
  -8.582525386822e-04  -2.543119569888e-04
   6.730943583546e-04   3.421146835053e-04
  -3.499269639371e-04  -3.251678171168e-04
  -1.461952551907e-04   2.108116169526e-04
   5.145836075653e-04  -6.922282685723e-05
  -8.064725139898e-04  -1.341446619149e-04
   8.566994633317e-04   2.780704593342e-04
  -6.917148568489e-04  -3.469186831475e-04
   2.986961561506e-04   3.259729798020e-04
   9.427898604468e-05  -2.265413906475e-04
  -5.491477348685e-04   2.639080259992e-05
   7.959409381437e-04   1.380460758950e-04
  -8.516452600074e-04  -2.946296993264e-04
   6.638060098346e-04   3.657669135074e-04
  -3.401267570237e-04  -3.344441116479e-04
  -1.505544164518e-04   1.940971776391e-04
   5.131578423151e-04  -4.038728176362e-05
  -7.944684257279e-04  -1.750172392339e-04
   8.403912590377e-04   3.114100353054e-04
  -6.719227144559e-04  -3.710484212050e-04
   2.851164258894e-04   3.259184817970e-04
   1.005305655647e-04  -2.107545694452e-04
  -5.389720595773e-04  -8.375018689708e-06
   7.767846386257e-04   1.743319868639e-04
  -8.213759011204e-04  -3.286982079171e-04
   6.367425728061e-04   3.811501364237e-04
  -3.184719569089e-04  -3.337801770023e-04
  -1.525220929672e-04   1.704619668057e-04
   5.008439181620e-04  -7.633361185215e-06
  -7.604597321553e-04  -2.132782948132e-04
   8.021918379269e-04   3.386915565694e-04
  -6.313244062680e-04  -3.847576240459e-04
   2.624489552416e-04   3.164004697776e-04
   1.065611012290e-04  -1.867147178066e-04
  -5.140000816371e-04  -4.523060145812e-05
   7.374731782848e-04   2.086273519447e-04
  -7.658492854546e-04  -3.541219338284e-04
   5.911550797369e-04   3.865826478974e-04
  -2.854557457689e-04  -3.216924570201e-04
  -1.507493730482e-04   1.400544575978e-04
   4.756081020885e-04   2.829804389384e-05
  -7.027043575429e-04  -2.468163700668e-04
   7.407449635476e-04   3.579934313684e-04
  -5.698249556682e-04  -3.859286608887e-04
   2.313745177534e-04   2.966406985954e-04
   1.105773209386e-04  -1.543014693667e-04
  -4.725237364802e-04  -8.269654392287e-05
   6.762324014983e-04   2.391598178258e-04
  -6.845381251555e-04  -3.684917129765e-04
   5.270868697571e-04   3.805273415686e-04
  -2.425658878193e-04  -2.971756620227e-04
  -1.436794203660e-04   1.034796537571e-04
   4.353551334011e-04   6.612758657728e-05
  -6.203073286914e-04  -2.733124541898e-04
   6.554998109700e-04   3.673169017624e-04
  -4.886001766984e-04  -3.728133471351e-04
   1.932123411330e-04   2.662751868496e-04
   1.102282301589e-04  -1.140525540157e-04
  -4.132629511199e-04  -1.189076961717e-04
   5.918652705842e-04   2.638205239640e-04
  -5.782390315934e-04  -3.695782317381e-04
   4.455361059263e-04   3.617217628944e-04
  -1.923386392515e-04  -2.599128448168e-04
  -1.296481975412e-04   6.184663157364e-05
   3.781327343598e-04   1.039864405481e-04
  -5.134774122168e-04  -2.903812910074e-04
   5.469506179387e-04   3.647024776743e-04
  -3.902378439690e-04  -3.442707645256e-04
   1.499400022384e-04   2.254669284092e-04
   1.027471399887e-04  -6.729326695560e-05
  -3.355839543579e-04  -1.516787877293e-04
   4.840342888513e-04   2.802358690582e-04
  -4.492728281773e-04  -3.555601938809e-04
   3.485952822109e-04   3.293317531226e-04
  -1.383030092226e-04  -2.104733311844e-04
  -1.070230506818e-04   1.679077818107e-05
   3.024216573915e-04   1.394199115603e-04
  -3.837570799379e-04  -2.957538791794e-04
   4.168773035256e-04   3.483914208021e-04
  -2.787696005217e-04  -3.000069561518e-04
   1.041663890200e-04   1.750129852146e-04
   8.520906092714e-05  -1.621360558838e-05
  -2.397243198044e-04  -1.786115094805e-04
   3.535820410151e-04   2.859037063511e-04
  -3.015941825343e-04  -3.252699107398e-04
   2.395456932706e-04   2.831239521752e-04
  -8.478871316238e-05  -1.504670888238e-04
  -7.437839620846e-05  -2.953720605649e-05
   2.075058078154e-04   1.694691613068e-04
  -2.341979264389e-04  -2.874921467612e-04
   2.685611283930e-04   3.170342328070e-04
  -1.595616063596e-04  -2.407864755400e-04
   5.904328057564e-05   1.164352430661e-04
   5.490706248040e-05   3.613807395915e-05
  -1.270072306233e-04  -1.972428885019e-04
   2.028638459666e-04   2.784048779833e-04
  -1.407789685455e-04  -2.784326064311e-04
   1.228796012647e-04   2.236474379030e-04
  -3.658475913512e-05  -8.262006444494e-05
  -3.070551821313e-05  -7.452365976663e-05
   9.389891993789e-05   1.908516194340e-04
  -6.945349569119e-05  -2.642215507624e-04
   1.069388882897e-04   2.699413228661e-04
  -3.904400162971e-05  -1.685812644204e-04
   1.810080278913e-05   5.204046757203e-05
   9.830553166523e-06   8.597422926144e-05
  -2.447147033224e-08  -2.052318437919e-04
   3.604898231510e-05   2.556929562481e-04
   2.613468686710e-05  -2.158710525485e-04
   4.218248037907e-06   1.524077524282e-04
   1.543614934732e-06  -1.073588760440e-05
   2.434967039134e-05  -1.151940846942e-04
  -3.621870083620e-05   2.002520544724e-04
   1.042363453010e-04  -2.253630220430e-04
  -6.135154482192e-05   2.073607973608e-04
   7.572228069718e-05  -8.662235823913e-05
  -1.500599659271e-05  -1.506855950014e-05
  -5.079754221193e-05   1.290205781389e-04
   1.372340652784e-04  -2.005776315981e-04
  -1.406704944457e-04   2.164517399173e-04
   1.909625242697e-04  -1.396457744173e-04
  -1.099066725182e-04   7.200855700852e-05
   2.544502846509e-05   6.048218024868e-05
   9.023153899924e-05  -1.483725837095e-04
  -1.786234477829e-04   1.947203478463e-04
   2.791896076155e-04  -1.713426408965e-04
  -2.280879642899e-04   1.307551042481e-04
   1.776191451300e-04   6.739109279210e-07
  -3.684613628541e-05  -8.105218694299e-05
  -1.259953293036e-04   1.609054236902e-04
   2.793278590420e-04  -1.818606280779e-04
  -3.190387012935e-04   1.604916540518e-04
   3.448428392561e-04  -5.310319902970e-05
  -2.124363122111e-04  -1.377272677426e-05
   3.221663988698e-05   1.257598045041e-04
   1.652196912961e-04  -1.709048073957e-04
  -3.268218653826e-04   1.721500582681e-04
   4.465685141894e-04  -1.037560341546e-04
  -3.837971850774e-04   4.303288337121e-05
   2.601395890200e-04   8.792216266759e-05
  -4.465304985527e-05  -1.414867826395e-04
  -2.126017863619e-04   1.776659210776e-04
   4.194147884064e-04  -1.484924491111e-04
  -4.889429843141e-04   8.913462097107e-05
   4.788362303790e-04   3.919000490293e-05
  -2.963479458310e-04  -1.000161561849e-04
   2.079718865522e-05   1.797193263264e-04
   2.462007903185e-04  -1.799466084216e-04
  -4.720725463912e-04   1.317853907075e-04
   5.968124801836e-04  -2.546458262835e-05
  -5.183467382906e-04  -5.132175938943e-05
   3.180833320722e-04   1.691267883854e-04
  -3.683387332446e-05  -1.916326660167e-04
  -3.050666189107e-04   1.763232146576e-04
   5.494267010295e-04  -1.009578707480e-04
  -6.389379180624e-04   5.515977527620e-06
   5.846189118596e-04   1.316391419618e-04
  -3.553893717778e-04  -1.808410144631e-04
  -7.581093536296e-06   2.174500487863e-04
   3.285065755254e-04  -1.733133845805e-04
  -6.037444101989e-04   7.467869729127e-05
   7.202129880371e-04   5.939828964620e-05
  -6.218083566727e-04  -1.462893409492e-04
   3.481991920423e-04   2.381647894900e-04
  -1.350035846448e-05  -2.268310438238e-04
  -3.955474015051e-04   1.554519153262e-04
   6.603967793505e-04  -4.102530678678e-05
  -7.571222751838e-04  -8.528230429196e-05
   6.552193352342e-04   2.179423196151e-04
  -3.849394173210e-04  -2.497762409098e-04
  -4.917856927997e-05   2.351205634787e-04
   4.058714850846e-04  -1.498734113309e-04
  -7.100644744818e-04   4.002955494533e-06
   8.076151917663e-04   1.455303590505e-04
  -6.855593693252e-04  -2.345887258688e-04
   3.496903420745e-04   2.893554011053e-04
   2.305619704698e-05  -2.430278712493e-04
  -4.743809073074e-04   1.156505883134e-04
   7.429617856373e-04   2.810482300120e-05
  -8.323480110458e-04  -1.763531030803e-04
   6.857387249127e-04   2.915304923511e-04
  -3.829028455134e-04  -3.003396821615e-04
  -9.784842911351e-05   2.305550278963e-04
   4.705760987578e-04  -1.099514857003e-04
  -7.792488295465e-04  -7.487855720629e-05
   8.512193910237e-04   2.266903696016e-04
  -7.035246990517e-04  -3.082293447115e-04
   3.245069425709e-04   3.180644347024e-04
   6.805411278914e-05  -2.373971792778e-04
  -5.309433019666e-04   5.981596738360e-05
   7.880555708238e-04   1.017526976447e-04
  -8.556639949716e-04  -2.594056689333e-04
   6.739910121154e-04   3.461062282862e-04
  -3.504976937975e-04  -3.268128820729e-04
  -1.454893618603e-04   2.036888222625e-04
   5.138482099713e-04  -5.568812875606e-05
  -8.009326981253e-04  -1.546635637101e-04
   8.454410850131e-04   2.960672780205e-04
  -6.733917490608e-04  -3.593461885716e-04
   2.773690659410e-04   3.212819565119e-04
   1.142050697761e-04  -2.090015994057e-04
  -5.548470777243e-04  -6.861735819554e-06
   7.877956556654e-04   1.738593225484e-04
  -8.218145755133e-04  -3.255480368153e-04
   6.209952905721e-04   3.762508356450e-04
  -2.927508987847e-04  -3.251499027126e-04
  -1.828408399866e-04   1.568256600583e-04
   5.265854226777e-04   8.723276863943e-06
  -7.677346010000e-04  -2.267188667920e-04
   7.877700294523e-04   3.467960949366e-04
  -5.975699459682e-04  -3.812619100496e-04
   2.154873966427e-04   2.981094272628e-04
   1.521252738231e-04  -1.593879156819e-04
  -5.373535155437e-04  -7.723155300212e-05
   7.365375536978e-04   2.372847507291e-04
  -7.305439698800e-04  -3.663654887799e-04
   5.312528113369e-04   3.780597981284e-04
  -2.185020517059e-04  -2.939007690414e-04
  -2.005596667208e-04   9.463750102679e-05
   5.004312697427e-04   7.701730776768e-05
  -6.767235073015e-04  -2.820193987565e-04
   6.795447626715e-04   3.726161671490e-04
  -4.836386398773e-04  -3.696481491619e-04
   1.479766230603e-04   2.500954474084e-04
   1.712744122319e-04  -9.297892255334e-05
  -4.728219894746e-04  -1.428436705678e-04
   6.320282571770e-04   2.843488194690e-04
  -5.874259248868e-04  -3.751736862768e-04
   4.127400737628e-04   3.497558321334e-04
  -1.397441259026e-04  -2.349752305554e-04
  -1.904717467569e-04   2.387716904661e-05
   4.291753157545e-04   1.411561970530e-04
  -5.305276656919e-04  -3.123233556650e-04
   5.265309781738e-04   3.686491785263e-04
  -3.440543870944e-04  -3.235910910624e-04
   8.498236432763e-05   1.813666397277e-04
   1.614452321562e-04  -1.710374143572e-05
  -3.599858241525e-04  -1.948881119946e-04
   4.765316529312e-04   3.076376271783e-04
  -4.039652566542e-04  -3.482562573792e-04
   2.765514932853e-04   2.922165097945e-04
  -7.021947198676e-05  -1.540397364108e-04
  -1.468611892431e-04  -4.719341785531e-05
   3.103542251949e-04   1.920297588938e-04
  -3.378425416689e-04  -3.114269041968e-04
   3.391639250377e-04   3.322450518278e-04
  -1.949855240793e-04  -2.463258461609e-04
   3.656652649905e-05   9.850963085207e-05
   1.147010935331e-04   5.847675888733e-05
  -2.028456764579e-04  -2.253089387726e-04
   2.777304548486e-04   3.010561995557e-04
  -1.968114305494e-04  -2.858558749053e-04
   1.361332538957e-04   2.093384644065e-04
  -2.333923343894e-05  -6.035054502423e-05
  -6.764420347062e-05  -1.096246528032e-04
   1.468160668735e-04   2.205830827801e-04
  -1.131660437869e-04  -2.763037092035e-04
   1.322961425340e-04   2.638040477890e-04
  -5.430407745319e-05  -1.454124512654e-04
   1.141916404978e-05   1.017068514778e-05
   2.750076273293e-05   1.226303307535e-04
  -1.100639008484e-05  -2.279579885913e-04
   4.914780066570e-05   2.610416301077e-04
   1.392538901497e-05  -1.926927983336e-04
   6.072266103361e-06   1.081449343866e-04
  -9.684160271638e-06   3.410513380202e-05
   4.472435535595e-05  -1.547883087733e-04
  -5.210151877178e-05   2.193074562997e-04
   1.242993545038e-04  -2.079306066267e-04
  -7.570286419304e-05   1.674364231670e-04
   6.103529079503e-05  -3.219607511498e-05
   1.549266901119e-05  -7.364737043314e-05
  -9.740622521873e-05   1.644655405435e-04
   2.006559242593e-04  -1.996371240393e-04
  -1.901973295798e-04   1.877668753070e-04
   2.070876983191e-04  -7.784260195700e-05
  -9.954933736187e-05  -1.466434858038e-06
  -3.452933082711e-05   1.161585254553e-04
   1.827529551114e-04  -1.754904620964e-04
  -2.701966053085e-04   1.839077446623e-04
   3.525076531928e-04  -1.116338365740e-04
  -2.646000991405e-04   5.127749743909e-05
   1.378116167370e-04   7.947876361619e-05
   5.069137028937e-05  -1.425914732469e-04
  -2.498295523783e-04   1.753077097774e-04
   4.130348570909e-04  -1.408828295784e-04
  -4.171500807850e-04   8.608023579179e-05
   3.632820462620e-04   4.609216295125e-05
  -1.691442765487e-04  -1.074328823999e-04
  -9.595274866041e-05   1.735277546437e-04
   3.339488666075e-04  -1.670858079848e-04
  -4.852245063398e-04   1.148325987978e-04
   5.490004910251e-04   3.145986109903e-06
  -4.147016238302e-04  -7.274551403116e-05
   1.690126110923e-04   1.751693290453e-04
   1.137987976971e-04  -1.872352535225e-04
  -4.122328035504e-04   1.506923073400e-04
   6.045035903627e-04  -5.636793073635e-05
  -6.069113402714e-04  -3.413091644494e-05
   4.676496634512e-04   1.644542145813e-04
  -1.957499889499e-04  -1.967551375394e-04
  -1.840793867988e-04   1.970651363042e-04
   4.814927876268e-04  -1.284715902766e-04
  -6.711510432803e-04   1.826455751254e-05
   6.936226719421e-04   1.236910890272e-04
  -5.098236294952e-04  -1.898737991281e-04
   1.554285323803e-04   2.420663126992e-04
   1.958803358324e-04  -2.005408325528e-04
  -5.614000918463e-04   9.191938122447e-05
   7.531841287567e-04   4.517487053012e-05
  -7.365378582052e-04  -1.584542374931e-04
   5.121350561255e-04   2.624636703551e-04
  -1.789552272263e-04  -2.572303877744e-04
  -2.818481646314e-04   1.827294236617e-04
   6.056323156057e-04  -6.281661642821e-05
  -8.017759935274e-04  -9.383515201916e-05
   7.711873100844e-04   2.353852595371e-04
  -5.404240183759e-04  -2.842889166050e-04
   1.059535179032e-04   2.711669382375e-04
   2.824422391391e-04  -1.793442111078e-04
  -6.716775232335e-04   6.704797600517e-06
   8.396018302303e-04   1.515687601423e-04
  -7.890058298568e-04  -2.695360444198e-04
   4.968572233190e-04   3.273360022147e-04
  -1.261508854133e-04  -2.795482750840e-04
  -3.673864161466e-04   1.328167905772e-04
   6.858261382186e-04   2.214314770254e-05
  -8.552705655173e-04  -2.049079643516e-04
   7.737483857523e-04   3.235028715638e-04
  -5.062568826868e-04  -3.416049404013e-04
   3.641889121188e-05   2.589776909347e-04
   3.546264020194e-04  -1.256122209313e-04
  -7.193802627722e-04  -9.140827531040e-05
   8.494883008846e-04   2.483715835302e-04
  -7.570656732801e-04  -3.497032590949e-04
   4.303242631831e-04   3.502720553666e-04
  -5.256807443775e-05  -2.594451564170e-04
  -4.177050719011e-04   5.609414584795e-05
   7.035835624544e-04   1.144250562961e-04
  -8.187868522810e-04  -2.962312865754e-04
   7.021640797978e-04   3.752244679467e-04
  -4.177673418418e-04  -3.517493993883e-04
  -3.293084522848e-05   2.084024805980e-04
   3.916318177179e-04  -4.713616970157e-05
  -6.875707893171e-04  -1.849598854081e-04
   7.764251090546e-04   3.205944147232e-04
  -6.459013964131e-04  -3.842855752472e-04
   3.284021742358e-04   3.280180874568e-04
   2.036273744838e-05  -1.994469016675e-04
  -4.130881630373e-04  -3.330874573564e-05
   6.457965908636e-04   1.989022281726e-04
  -6.920572536131e-04  -3.502895640763e-04
   5.666770754176e-04   3.816565933495e-04
  -2.954865312540e-04  -3.116522266589e-04
  -8.094322252055e-05   1.286111742451e-04
   3.743399153662e-04   4.270784484076e-05
  -5.701850957586e-04  -2.555644134964e-04
   6.239395501943e-04   3.548681868182e-04
  -4.736364707000e-04  -3.649880200624e-04
   2.121163696088e-04   2.637454056675e-04
   6.852994617825e-05  -1.096289009978e-04
  -3.413404054822e-04  -1.181289701969e-04
   5.081517305640e-04   2.592781091942e-04
  -4.889359635989e-04  -3.544400597692e-04
   3.862922239496e-04   3.396022440349e-04
  -1.669992808844e-04  -2.269972085574e-04
  -8.948374370558e-05   3.385764520065e-05
   2.897741885712e-04   1.264379972087e-04
  -3.745068176418e-04  -2.874403694387e-04
   4.065857012853e-04   3.418652753300e-04
  -2.690821764205e-04  -2.924640815744e-04
   1.045056128433e-04   1.670725227480e-04
   7.025777459933e-05  -6.863486949594e-06
  -2.010349979140e-04  -1.809596569075e-04
   2.979653414491e-04   2.808638479653e-04
  -2.361951095936e-04  -3.040296590444e-04
   1.868055335550e-04   2.527979172068e-04
  -6.164550479396e-05  -1.123156354510e-04
  -4.714688904972e-05  -5.861538701775e-05
   1.355931645246e-04   1.852839428427e-04
  -1.212810572793e-04  -2.707532915280e-04
   1.495070390958e-04   2.786463684669e-04
  -6.677890571799e-05  -1.772634088771e-04
   2.686121826325e-05   5.313269297952e-05
   1.213344375544e-05   8.772605844257e-05
  -3.069099126214e-06  -2.074740757843e-04
   3.558544858824e-05   2.538420068110e-04
   3.048715135463e-05  -2.041390973971e-04
  -2.542596658608e-06   1.323092508848e-04
  -3.862599512256e-06   1.101158054017e-05
   4.785685153203e-05  -1.313146849179e-04
  -7.657283246476e-05   2.030827134556e-04
   1.577514871332e-04  -2.040394736487e-04
  -1.139552399552e-04   1.704526322118e-04
   9.982522320767e-05  -3.862975656924e-05
  -5.213985984573e-06  -5.932587377048e-05
  -1.059000349886e-04   1.529257811396e-04
   2.298670082230e-04  -1.893098920908e-04
  -2.465343335137e-04   1.764029856004e-04
   2.726916793750e-04  -6.939515666149e-05
  -1.536172873851e-04  -4.217272163040e-06
  -6.738767590134e-06   1.187473058107e-04
   1.861519440746e-04  -1.695197647492e-04
  -3.202847766435e-04   1.705456279983e-04
   4.245693979250e-04  -9.515066579970e-05
  -3.467982024909e-04   3.135201623002e-05
   2.055427636177e-04   9.884498655334e-05
   1.461998047692e-05  -1.507176605850e-04
  -2.678739253109e-04   1.724509589517e-04
   4.659517721507e-04  -1.260952588582e-04
  -5.077238305559e-04   5.688591405414e-05
   4.563342799172e-04   7.826499006740e-05
  -2.446650007251e-04  -1.346719991375e-04
  -6.763443598707e-05   1.890527264846e-04
   3.473749197932e-04  -1.641779802277e-04
  -5.570253264802e-04   8.879269177397e-05
   6.410384238807e-04   3.954267267269e-05
  -5.147555952229e-04  -1.168399247580e-04
   2.391620459422e-04   2.100989230685e-04
   8.090545589719e-05  -2.040427530629e-04
  -4.429366182964e-04   1.395749199112e-04
   6.687432489989e-04  -2.622823055968e-05
  -7.059459037519e-04  -8.601752333942e-05
   5.581383347027e-04   2.135008264934e-04
  -2.654475685363e-04  -2.359968625634e-04
  -1.674291877543e-04   2.077459558152e-04
   5.023234157000e-04  -1.142188559908e-04
  -7.427639048396e-04  -2.909446505490e-05
   7.754595066995e-04   1.776145450490e-04
  -5.936101985333e-04  -2.477190468457e-04
   2.061564620028e-04   2.749213437007e-04
   1.756639303164e-04  -2.085225653359e-04
  -5.907959881790e-04   5.993531112886e-05
   8.029928576264e-04   9.381638966514e-05
  -8.066463193689e-04  -2.256901886724e-04
   5.701090475066e-04   3.123759417736e-04
  -2.209850930952e-04  -2.887783810980e-04
  -2.740648238657e-04   1.721260021289e-04
   6.171425773581e-04  -2.780410762760e-05
  -8.374204290188e-04  -1.594724504747e-04
   8.083654758599e-04   2.943420585024e-04
  -5.757681666585e-04  -3.353969802996e-04
   1.275633564606e-04   2.824488678398e-04
   2.702336087709e-04  -1.627750823752e-04
  -6.706429546777e-04  -4.861434971168e-05
   8.410101136412e-04   2.117090659941e-04
  -7.916190190519e-04  -3.327113960403e-04
   5.010616515159e-04   3.571002511101e-04
  -1.324660749616e-04  -2.821349229054e-04
  -3.498348399801e-04   9.219813825853e-05
   6.593398925528e-04   7.796985573540e-05
  -8.150548664651e-04  -2.727195801097e-04
   7.365541712739e-04   3.671805836115e-04
  -4.739967559978e-04  -3.607160314311e-04
   3.518143207216e-05   2.337466481532e-04
   3.301384385205e-04  -7.664492857241e-05
  -6.514729785868e-04  -1.594740089537e-04
   7.686498158386e-04   3.028922909808e-04
  -6.652396669994e-04  -3.818253474779e-04
   3.748742258142e-04   3.397708773737e-04
  -3.411572789376e-05  -2.176560700819e-04
  -3.607340238208e-04  -1.119397452086e-05
   6.049947071922e-04   1.793070475778e-04
  -6.718635858834e-04  -3.402020576027e-04
   5.745714423439e-04   3.802589366299e-04
  -3.203935705082e-04  -3.170296752100e-04
  -3.585846477117e-05   1.418487174687e-04
   3.228133530207e-04   2.924635014809e-05
  -5.210076903121e-04  -2.434477274577e-04
   5.898292943686e-04   3.452682094652e-04
  -4.555724499551e-04  -3.590095017992e-04
   2.257464791257e-04   2.643799915689e-04
   3.434623638834e-05  -1.109232998213e-04
  -2.855305699205e-04  -1.109832009139e-04
   4.459573790874e-04   2.500070022924e-04
  -4.292536950749e-04  -3.418654410550e-04
   3.531349173000e-04   3.281435841148e-04
  -1.596784315680e-04  -2.136125036006e-04
  -5.551303278749e-05   2.921782436572e-05
   2.270066801963e-04   1.268936072072e-04
  -2.905892930319e-04  -2.760524854181e-04
   3.283718793320e-04   3.243143757354e-04
  -2.090459804073e-04  -2.664237065760e-04
   9.123054945233e-05   1.466499427153e-04
   3.860214457416e-05   1.060427596193e-05
  -1.222590640784e-04  -1.801651300215e-04
   1.952402558688e-04   2.674409744254e-04
  -1.304998751015e-04  -2.722289658646e-04
   1.143217207986e-04   2.181038983532e-04
  -3.769123703659e-05  -7.502479996631e-05
  -6.445295305313e-06  -7.687989793847e-05
   4.155002832489e-05   1.872111950993e-04
   5.540712734461e-06  -2.440350171593e-04
   2.603864650142e-05   2.376496763870e-04
   2.060028978241e-05  -1.233163335464e-04
   4.137288616076e-06   1.156531632625e-05
  -3.870760522373e-05   1.136697607449e-04
   1.095081615210e-04  -1.982795334446e-04
  -1.115282607606e-04   2.191319703984e-04
   1.685899395978e-04  -1.428488702075e-04
  -9.620580799764e-05   7.014697633620e-05
   1.200781152288e-05   6.419298725154e-05
   1.107390343613e-04  -1.502172874224e-04
  -2.095867881475e-04   1.881513671479e-04
   3.166253934687e-04  -1.493284842703e-04
  -2.639571322526e-04   9.776801943599e-05
   1.862777613904e-04   3.792263233058e-05
  -1.533349880355e-05  -1.112208571428e-04
  -1.896081494803e-04   1.682040948249e-04
   3.712427363188e-04  -1.566109273138e-04
  -4.204051068950e-04   1.081585850780e-04
   4.126655135130e-04   1.969127634732e-05
  -2.390151398630e-04  -8.574390367407e-05
  -2.080672897615e-05   1.685194885908e-04
   2.757979875672e-04  -1.716039832633e-04
  -4.788486412102e-04   1.224387870824e-04
   5.859797411168e-04  -9.379859953935e-06
  -4.876950020891e-04  -6.841039405766e-05
   2.602707585174e-04   1.797834487163e-04
   3.431890394710e-05  -1.935865615329e-04
  -3.792976900903e-04   1.567377382138e-04
   6.124874506351e-04  -6.095494390596e-05
  -6.697553657671e-04  -4.475045114042e-05
   5.599789138171e-04   1.798670625625e-04
  -2.909962532067e-04  -2.153201226485e-04
  -1.184182986891e-04   2.116259564514e-04
   4.513644478550e-04  -1.339126427670e-04
  -7.045897577443e-04   2.112296764741e-06
   7.633145237345e-04   1.462766018410e-04
  -6.038177142450e-04  -2.241078052657e-04
   2.416975009632e-04   2.695162042557e-04
   1.332847835582e-04  -2.157990293585e-04
  -5.534355654302e-04   8.100532081411e-05
   7.810850692524e-04   6.871074317706e-05
  -8.056178510626e-04  -2.041659876377e-04
   5.921589258470e-04   3.017919747928e-04
  -2.531239962147e-04  -2.881340199877e-04
  -2.392526399446e-04   1.844476340984e-04
   5.897744124064e-04  -4.501522413835e-05
  -8.270949350617e-04  -1.425130300125e-04
   8.160249008220e-04   2.824437450545e-04
  -5.959629774276e-04  -3.312648720572e-04
   1.562937031632e-04   2.879604766928e-04
   2.428817325599e-04  -1.725896966894e-04
  -6.530359462303e-04  -3.701383245299e-05
   8.347958720201e-04   2.017865189914e-04
  -7.978120853273e-04  -3.283260957228e-04
   5.181323347179e-04   3.580612333899e-04
  -1.528635936950e-04  -2.863461227288e-04
  -3.299313593066e-04   9.835137374536e-05
   6.436325612390e-04   7.239052824098e-05
  -8.067235859884e-04  -2.702163917703e-04
   7.369920221516e-04   3.663197530113e-04
  -4.799537270117e-04  -3.614404246153e-04
   4.854389601389e-05   2.347417743239e-04
   3.139263198397e-04  -7.659681314781e-05
  -6.326680596392e-04  -1.606304885100e-04
   7.521276360333e-04   3.034656363950e-04
  -6.512172230811e-04  -3.812142577537e-04
   3.713332519135e-04   3.366670271957e-04
  -3.877871502399e-05  -2.116773880331e-04
  -3.417211180348e-04  -1.781789240471e-05
   5.785793486146e-04   1.847770589192e-04
  -6.379862341345e-04  -3.409283609709e-04
   5.471466585176e-04   3.755383950478e-04
  -3.018048046081e-04  -3.057871670999e-04
  -3.150700343929e-05   1.284032261370e-04
   3.004241661905e-04   4.267705842025e-05
  -4.759526426073e-04  -2.491803639701e-04
   5.399780601888e-04   3.430886577286e-04
  -4.071217720170e-04  -3.446361094232e-04
   2.009593799698e-04   2.443574608301e-04
   3.309176120416e-05  -8.753169317931e-05
  -2.462613939251e-04  -1.259881310415e-04
   3.855326238463e-04   2.556257779841e-04
  -3.539657817105e-04  -3.286783587871e-04
   2.919020492413e-04   3.044961737089e-04
  -1.251113751062e-04  -1.801513052203e-04
  -4.304790897974e-05   1.517404459336e-06
   1.757439866040e-04   1.454774206460e-04
  -2.029446423621e-04  -2.705862545038e-04
   2.356780116356e-04   3.029025935683e-04
  -1.325143255424e-04  -2.257385392652e-04
   5.924211984841e-05   1.056274964916e-04
   1.829026664846e-05   4.586295688562e-05
  -4.575909281123e-05  -1.899147795088e-04
   8.860719423503e-05   2.559586317542e-04
  -1.861937994721e-05  -2.308351389520e-04
   3.151612161573e-05   1.673866618986e-04
  -1.050383912163e-05  -2.228176826478e-05
   3.299424050856e-05  -1.079028300860e-04
  -5.379650293823e-05   1.933555602796e-04
   1.332983236237e-04  -2.116481686856e-04
  -9.849245094625e-05   1.850494100958e-04
   1.001873357152e-04  -5.650111185620e-05
  -1.258661105388e-05  -4.263948700801e-05
  -9.769007775808e-05   1.432054510855e-04
   2.253204669427e-04  -1.858194367440e-04
  -2.553085204622e-04   1.749478900991e-04
   2.910544702998e-04  -7.012941832027e-05
  -1.734037204041e-04  -3.343557481793e-06
   6.064381329912e-06   1.191716066842e-04
   1.868681626368e-04  -1.666047775670e-04
  -3.439853172714e-04   1.627347942434e-04
   4.600297311627e-04  -8.276816755797e-05
  -3.888719074228e-04   1.422577075654e-05
   2.362234496440e-04   1.154069844536e-04
   3.421949561671e-06  -1.600892984888e-04
  -2.893962406995e-04   1.696098667528e-04
   5.075309392719e-04  -1.097015174298e-04
  -5.678867923797e-04   2.682165630272e-05
   5.071967732836e-04   1.114778303177e-04
  -2.785824031446e-04  -1.637634446782e-04
  -7.235042728190e-05   2.006809943971e-04
   3.802196134820e-04  -1.555574402870e-04
  -6.208739722377e-04   5.561792993190e-05
   7.040069336915e-04   8.429012795643e-05
  -5.701682876819e-04  -1.661895256124e-04
   2.559814111336e-04   2.415639838440e-04
   9.459916657040e-05  -2.137998567496e-04
  -4.956080244303e-04   1.142053692123e-04
   7.308779617409e-04   2.057040686828e-05
  -7.706906831437e-04  -1.497048404482e-04
   5.903388026213e-04   2.651010195142e-04
  -2.706796784443e-04  -2.698973455715e-04
  -2.032438636862e-04   1.990812550099e-04
   5.541601102016e-04  -7.640718928893e-05
  -8.019792496063e-04  -9.766250940759e-05
   8.110678507043e-04   2.448640528138e-04
  -6.063665583306e-04  -3.052007685270e-04
   1.803960207109e-04   2.882978227589e-04
   2.182458702237e-04  -1.887453677959e-04
  -6.383014971347e-04  -4.051931596181e-06
   8.330431229443e-04   1.690118507607e-04
  -8.108649640308e-04  -3.013308238926e-04
   5.397346774662e-04   3.494102431403e-04
  -1.744876010246e-04  -2.915068781708e-04
  -3.192619651459e-04   1.200364885337e-04
   6.442925451657e-04   4.703006919064e-05
  -8.244330733982e-04  -2.464279820991e-04
   7.608515984751e-04   3.536896044151e-04
  -5.052746953949e-04  -3.603801169621e-04
   6.241442670919e-05   2.473229065579e-04
   3.120213254993e-04  -9.465553714362e-05
  -6.503565474005e-04  -1.416371484123e-04
   7.772270893674e-04   2.905356712055e-04
  -6.817346095184e-04  -3.775796553500e-04
   3.920059790650e-04   3.428408999912e-04
  -4.798188198382e-05  -2.239966716355e-04
  -3.527472477714e-04  -3.721828077289e-06
   6.000996420546e-04   1.735682605909e-04
  -6.694319682859e-04  -3.367499237312e-04
   5.729009860043e-04   3.778390520139e-04
  -3.192209766722e-04  -3.140271468345e-04
  -3.218376618472e-05   1.380307440316e-04
   3.135265294706e-04   3.400678484215e-05
  -5.014603135757e-04  -2.454993925820e-04
   5.651736212082e-04   3.435426979867e-04
  -4.286230617739e-04  -3.498411541465e-04
   2.089601756759e-04   2.500824252016e-04
   3.630234721553e-05  -9.326655073319e-05
  -2.611080710198e-04  -1.237789031376e-04
   4.040800762350e-04   2.558374329306e-04
  -3.722768204047e-04  -3.315411361889e-04
   3.023745228796e-04   3.070374310377e-04
  -1.283895375086e-04  -1.824313299896e-04
  -4.790530921914e-05   9.875527432797e-07
   1.846187633309e-04   1.469900485405e-04
  -2.118012662063e-04  -2.723158315434e-04
   2.411690017421e-04   3.033291577874e-04
  -1.350228925823e-04  -2.240440322274e-04
   5.822858391828e-05   1.011570487299e-04
   1.940773494000e-05   5.045290905930e-05
  -4.381741448101e-05  -1.928142958943e-04
   8.423102069490e-05   2.559180180477e-04
  -1.260793686791e-05  -2.254508347697e-04
   2.568550632084e-05   1.585108222683e-04
  -1.066449380369e-05  -1.270732610085e-05
   4.079207465615e-05  -1.150445094863e-04
  -6.799407185498e-05   1.951884309439e-04
   1.519907244805e-04  -2.045578642505e-04
  -1.160782262093e-04   1.725494628482e-04
   1.072456614649e-04  -4.059039154626e-05
  -8.140230521676e-06  -5.676710876299e-05
  -1.166170253764e-04   1.498174095180e-04
   2.546680909798e-04  -1.808836113261e-04
  -2.867646867109e-04   1.609679415374e-04
   3.121415686174e-04  -4.814584835730e-05
  -1.813970760344e-04  -2.569047750558e-05
  -9.421086690704e-06   1.335179775268e-04
   2.190702733535e-04  -1.686228290266e-04
  -3.859874581964e-04   1.505556815253e-04
   4.971289919527e-04  -5.740116567079e-05
  -4.141431482797e-04  -1.548372951706e-05
   2.322567206103e-04   1.395630025130e-04
   2.846136739978e-05  -1.731034143839e-04
  -3.349322956762e-04   1.631771462498e-04
   5.567304601167e-04  -8.594379280128e-05
  -6.094496934349e-04  -7.483433806934e-06
   5.198118369258e-04   1.455629007389e-04
  -2.681576751815e-04  -1.895811022592e-04
  -1.138000436400e-04   2.039003746935e-04
   4.335672308569e-04  -1.393508333337e-04
  -6.733969299400e-04   2.075745087625e-05
   7.337533556355e-04   1.257571992770e-04
  -5.762285197916e-04  -2.039411427835e-04
   2.241263238322e-04   2.574308876246e-04
   1.442737679204e-04  -2.099992932046e-04
  -5.529083289150e-04   8.333440334293e-05
   7.743480800622e-04   6.446798501452e-05
  -7.899929489630e-04  -1.964506637296e-04
   5.704077920935e-04   2.948238435989e-04
  -2.284022324933e-04  -2.807651197409e-04
  -2.616622763637e-04   1.765756292657e-04
   6.067033967896e-04  -3.595008898197e-05
  -8.297903689731e-04  -1.495100719140e-04
   8.029351495231e-04   2.872913813049e-04
  -5.699999983457e-04  -3.302737336729e-04
   1.209071155325e-04   2.778824867125e-04
   2.775234844436e-04  -1.565150460095e-04
  -6.730621479030e-04  -5.714326690962e-05
   8.362618090081e-04   2.208811519962e-04
  -7.764002140601e-04  -3.385446278941e-04
   4.772797047897e-04   3.537579398198e-04
  -1.064859000243e-04  -2.699676141690e-04
  -3.651231632411e-04   6.918008188387e-05
   6.607898555193e-04   1.042145213850e-04
  -7.906848643502e-04  -2.937053495415e-04
   6.949142836649e-04   3.741030902335e-04
  -4.234544003815e-04  -3.499792927580e-04
  -2.888220735449e-06   2.020963620139e-04
   3.477575566857e-04  -3.561534681809e-05
  -6.237272548471e-04  -1.978694609604e-04
   7.120502806656e-04   3.270294458663e-04
  -5.825590753942e-04  -3.783758166925e-04
   2.996028442496e-04   3.069541683594e-04
   1.628718166546e-05  -1.651890486499e-04
  -3.478569655548e-04  -6.841507400506e-05
   5.463015466706e-04   2.254626756282e-04
  -5.570417563824e-04  -3.502648064644e-04
   4.523312358263e-04   3.553904239063e-04
  -2.173774782159e-04  -2.569394274255e-04
  -6.734316222664e-05   6.616547462798e-05
   2.869035633657e-04   1.005936587191e-04
  -3.913084443380e-04  -2.753463885624e-04
   4.258981867674e-04   3.387609533181e-04
  -2.863852607408e-04  -2.972881047722e-04
   1.197317589500e-04   1.745715920060e-04
   5.413927987964e-05  -1.269878738153e-05
  -1.781640769791e-04  -1.743624674823e-04
   2.656625118053e-04   2.726797495352e-04
  -1.986844846549e-04  -2.894073368280e-04
   1.573105552263e-04   2.341739672426e-04
  -5.296046488366e-05  -8.970999880581e-05
  -1.940281688243e-05  -7.290331054631e-05
   7.225573045241e-05   1.887280691336e-04
  -2.935665873881e-05  -2.495944895586e-04
   5.427624583291e-05   2.414295774585e-04
   6.663655126619e-07  -1.239902755124e-04
   1.322163310222e-05   5.754409779864e-06
  -4.265260224084e-05   1.190269998614e-04
   1.156062820762e-04  -1.994429858693e-04
  -1.177863571383e-04   2.137846626025e-04
   1.716112416315e-04  -1.271986768905e-04
  -9.483372605146e-05   4.870298429980e-05
  -6.290432444790e-06   8.206977271213e-05
   1.451915545967e-04  -1.582662239298e-04
  -2.534328471906e-04   1.806122896935e-04
   3.594856339202e-04  -1.210815892216e-04
  -2.950037496252e-04   5.948099555590e-05
   1.805799245849e-04   7.567434937630e-05
   2.076268485702e-05  -1.376899059294e-04
  -2.579564690433e-04   1.683366381177e-04
   4.526282311489e-04  -1.263565851535e-04
  -4.938289417744e-04   5.723194269179e-05
   4.422139009250e-04   8.000335707170e-05
  -2.287174974999e-04  -1.380639445870e-04
  -9.117987834913e-05   1.872264608125e-04
   3.773820272274e-04  -1.541874268699e-04
  -5.884125167299e-04   6.770413240270e-05
   6.605958474107e-04   6.883725116585e-05
  -5.190686722597e-04  -1.474461852872e-04
   2.102813637204e-04   2.261770502474e-04
   1.308078279685e-04  -2.029291361168e-04
  -5.086183881688e-04   1.099327909772e-04
   7.266176899422e-04   2.305641816640e-05
  -7.427763910805e-04  -1.450221471799e-04
   5.452348771680e-04   2.581379096170e-04
  -2.186521442750e-04  -2.596059020920e-04
  -2.504330579016e-04   1.851901062595e-04
   5.892772278774e-04  -6.019294099072e-05
  -8.084222192035e-04  -1.095967929660e-04
   7.883289846162e-04   2.534236128428e-04
  -5.605332300692e-04  -3.040232400891e-04
   1.177266456823e-04   2.742888040888e-04
   2.798900847645e-04  -1.667520417477e-04
  -6.773226903679e-04  -3.053625883429e-05
   8.426380055100e-04   1.947427783850e-04
  -7.844208277402e-04  -3.145365124216e-04
   4.796821761696e-04   3.448333629651e-04
  -1.027174538321e-04  -2.720199396460e-04
  -3.818801490716e-04   8.466126440831e-05
   6.841883128316e-04   8.641363880808e-05
  -8.204284063582e-04  -2.757717282133e-04
   7.156670769248e-04   3.654377872467e-04
  -4.349080308859e-04  -3.496728227905e-04
  -1.439801583020e-05   2.107844182589e-04
   3.739421629816e-04  -4.771880570932e-05
  -6.662241890998e-04  -1.861575503494e-04
   7.517471228879e-04   3.211978021334e-04
  -6.163845680787e-04  -3.794299222057e-04
   3.071180498529e-04   3.133064851244e-04
   2.906932334230e-05  -1.752824143328e-04
  -3.870565489021e-04  -6.070380215567e-05
   5.942185961585e-04   2.218943559941e-04
  -6.079697973016e-04  -3.534634631020e-04
   4.828411636321e-04   3.622512477147e-04
