   0.000000000000e+00   0.000000000000e+00
   2.165299498746e-05   1.259949287782e-04
  -1.817018870635e-06  -2.284800767803e-04
   4.465339216558e-05   2.659505895193e-04
   1.518727823771e-05  -2.100138142768e-04
   8.865443911432e-06   1.383899177854e-04
   2.576795344967e-06   2.136388138572e-06
   8.779444699738e-06  -1.309624714365e-04
   1.033450402196e-06   2.146613505521e-04
   5.701132402912e-05  -2.412409831959e-04
  -1.159276183684e-05   2.259257211929e-04
   4.020864455342e-05  -1.083906827364e-04
  -9.239925762747e-06   1.195202952917e-06
  -1.713778123860e-05   1.197195685903e-04
   6.920116859988e-05  -2.103786672876e-04
  -4.980262049484e-05   2.429319767232e-04
   1.064571479552e-04  -1.865243583609e-04
  -5.142194671938e-05   1.248645631184e-04
   2.327208054230e-05   1.220810034254e-05
   3.438528519363e-05  -1.232343324474e-04
  -7.207893205214e-05   1.992444349584e-04
   1.495771173418e-04  -2.186336129933e-04
  -1.055175407004e-04   2.023018111849e-04
   1.143908908858e-04  -8.580832264252e-05
  -3.930896662673e-05  -5.583029278664e-06
  -3.872578289873e-05   1.202944113900e-04
   1.297697339092e-04  -1.959070073840e-04
  -1.458314527028e-04   2.198193807608e-04
   2.066342775795e-04  -1.598239823843e-04
  -1.299859809163e-04   1.041529299004e-04
   6.413115258533e-05   2.971178342832e-05
   4.155605194626e-05  -1.222416845955e-04
  -1.343632855907e-04   1.881819074315e-04
   2.389041456294e-04  -1.967727754297e-04
  -2.087591866520e-04   1.748840444665e-04
   2.035787691198e-04  -5.768951038628e-05
  -8.953755795878e-05  -2.029141200212e-05
  -4.171197391593e-05   1.277558952760e-04
   1.764950203368e-04  -1.859121406922e-04
  -2.388213974797e-04   1.975421944550e-04
   3.110781452087e-04  -1.310188811632e-04
  -2.235538801719e-04   7.695513643785e-05
   1.235089607295e-04   5.400847849453e-05
   2.931695133734e-05  -1.283150179007e-04
  -1.826518396652e-04   1.819012502820e-04
   3.205526368568e-04  -1.766615108796e-04
  -3.165363168075e-04   1.446663038615e-04
   3.037039975161e-04  -2.509933733070e-05
  -1.579977610147e-04  -4.257788199304e-05
  -2.579271908524e-05   1.418097210476e-04
   2.067533301872e-04  -1.810070051676e-04
  -3.242641237213e-04   1.768637945853e-04
   4.148087681348e-04  -1.012391338682e-04
  -3.278361295754e-04   4.416610485854e-05
   1.986249940320e-04   8.417853573218e-05
  -2.081243630819e-06  -1.414461558587e-04
  -2.145767642205e-04   1.805263370987e-04
   3.904369345157e-04  -1.591555963910e-04
  -4.236391003485e-04   1.126383809756e-04
   4.099462683822e-04   1.075172454020e-05
  -2.414919070969e-04  -7.176557349551e-05
   8.162134770924e-06   1.618231786475e-04
   2.189184290194e-04  -1.815006856167e-04
  -3.979778669701e-04   1.583480381151e-04
   5.127297201756e-04  -7.158312698405e-05
  -4.376524133191e-04   6.859168474564e-06
   2.856379059630e-04   1.190434579782e-04
  -5.105714727865e-05  -1.612414099649e-04
  -2.287398092801e-04   1.838573946742e-04
   4.450812699708e-04  -1.448926249725e-04
  -5.246427246708e-04   7.975762966221e-05
   5.169176318825e-04   4.855294228859e-05
  -3.356077518720e-04  -1.068439579637e-04
   5.808845073182e-05   1.868328702608e-04
   2.125509610557e-04  -1.873321514900e-04
  -4.563368726985e-04   1.423338987949e-04
   5.998781100068e-04  -4.305399037992e-05
  -5.471102796851e-04  -3.373028343680e-05
   3.797731368713e-04   1.572006669263e-04
  -1.146677769645e-04  -1.868858098850e-04
  -2.248421720802e-04   1.913653272642e-04
   4.818663938177e-04  -1.342202433736e-04
  -6.141558173587e-04   4.692533430516e-05
   6.188845106166e-04   8.694724191399e-05
  -4.348452871617e-04  -1.464674877690e-04
   1.207687231592e-04   2.155682615463e-04
   1.885243106072e-04  -1.980147041533e-04
  -4.964954578927e-04   1.289202522664e-04
   6.716915196092e-04  -1.649198989064e-05
  -6.498411163019e-04  -7.622190287066e-05
   4.754996859137e-04   1.970690527156e-04
  -1.886641973050e-04  -2.171221836462e-04
  -2.037611563482e-04   2.022021401156e-04
   4.992414342553e-04  -1.271314927460e-04
  -6.871012614752e-04   1.496696613108e-05
   7.100235961935e-04   1.245912311477e-04
  -5.328205806392e-04  -1.889636580960e-04
   1.919347323374e-04   2.464893707394e-04
   1.490639293938e-04  -2.125988719571e-04
  -5.165907807682e-04   1.179620354361e-04
   7.242755018748e-04   7.490887826503e-06
  -7.392983090246e-04  -1.191115644166e-04
   5.667528439616e-04   2.369427834577e-04
  -2.676420376730e-04  -2.502495302545e-04
  -1.675640188107e-04   2.152270570352e-04
   4.968725897382e-04  -1.232170164712e-04
  -7.390202227124e-04  -1.538538593604e-05
   7.847055980656e-04   1.602175020780e-04
  -6.225525123536e-04  -2.323551722942e-04
   2.664292429705e-04   2.778357751539e-04
   9.768354204613e-05  -2.296617081121e-04
  -5.159059530044e-04   1.090777966547e-04
   7.546483841149e-04   2.856542697356e-05
  -8.091177687030e-04  -1.608018607875e-04
   6.472008900134e-04   2.750507304234e-04
  -3.452915233110e-04  -2.841466418490e-04
  -1.194538168308e-04   2.290460745940e-04
   4.757024730663e-04  -1.216447702170e-04
  -7.663811922016e-04  -4.351036771879e-05
   8.377958115258e-04   1.926935658235e-04
  -6.968365291148e-04  -2.744035437561e-04
   3.384244389123e-04   3.076840222749e-04
   3.900999320127e-05  -2.473304848440e-04
  -4.949751850813e-04   1.016674981904e-04
   7.609357423961e-04   4.671800318404e-05
  -8.535308114448e-04  -1.996475015822e-04
   7.105539931879e-04   3.096186213862e-04
  -4.147483445058e-04  -3.163287785184e-04
  -6.364542879922e-05   2.420619356649e-04
   4.379020038310e-04  -1.211775355936e-04
  -7.668672356067e-04  -6.891593673029e-05
   8.649538016002e-04   2.210697658260e-04
  -7.487023951441e-04  -3.126826807913e-04
   4.016969563093e-04   3.340114440392e-04
  -2.150228925176e-05  -2.633486955604e-04
  -4.556156992042e-04   9.493874669282e-05
   7.424884125609e-04   6.225071022972e-05
  -8.678048374046e-04  -2.340197388687e-04
   7.509107643548e-04   3.389307048331e-04
  -4.690412096871e-04  -3.440464306246e-04
  -5.171126068774e-06   2.525322946280e-04
   3.867098591747e-04  -1.202366961690e-04
  -7.396097808193e-04  -9.125945800235e-05
   8.629089621680e-04   2.446073750082e-04
  -7.719390004164e-04  -3.446895157360e-04
   4.499613590487e-04   3.547658721364e-04
  -7.795726222255e-05  -2.751916820352e-04
  -4.008754851810e-04   8.794024468045e-05
   6.999065455677e-04   7.573958409680e-05
  -8.486719406240e-04  -2.623899973719e-04
   7.631317661131e-04   3.613868991277e-04
  -5.016219385524e-04  -3.644337469173e-04
   5.038623965767e-05   2.586360411134e-04
   3.261693407903e-04  -1.170176089030e-04
  -6.853377160255e-04  -1.103674901232e-04
   8.296874102272e-04   2.627786605139e-04
  -7.616495766631e-04  -3.679932690652e-04
   4.772623831309e-04   3.679418414930e-04
  -1.244841459269e-04  -2.802366981298e-04
  -3.348902698053e-04   7.960310951318e-05
   6.349676059303e-04   8.794635003047e-05
  -7.946952750699e-04  -2.834275097757e-04
   7.432213159766e-04   3.755511503492e-04
  -5.069476276921e-04  -3.747085673294e-04
   9.723551235550e-05   2.585504691715e-04
   2.607867738163e-04  -1.096570259150e-04
  -6.064170154108e-04  -1.262508927638e-04
   7.647717178472e-04   2.752342459219e-04
  -7.147808870871e-04  -3.804161043352e-04
   4.784198936512e-04   3.716643542480e-04
  -1.557547954909e-04  -2.759864341205e-04
  -2.626459990019e-04   6.879364704204e-05
   5.504742428752e-04   9.968608312998e-05
  -7.065223868605e-04  -2.961000476351e-04
   6.886926068686e-04   3.801878510112e-04
  -4.810641138445e-04  -3.724155599535e-04
   1.297960888735e-04   2.505440296262e-04
   1.951465505132e-04  -9.644591799581e-05
  -5.067662603855e-04  -1.391083261425e-04
   6.691878241409e-04   2.817399350510e-04
  -6.305574604565e-04  -3.802277005590e-04
   4.495086731283e-04   3.642810602528e-04
  -1.675077516855e-04  -2.603347088161e-04
  -1.896460554503e-04   5.438371823153e-05
   4.500535237603e-04   1.116622597663e-04
  -5.869857283893e-04  -2.997627290754e-04
   5.988899089253e-04   3.742868216146e-04
  -4.221217427711e-04  -3.556904394507e-04
   1.431861891013e-04   2.330898485801e-04
   1.335245618436e-04  -7.607144573185e-05
  -3.916445098644e-04  -1.493092763475e-04
   5.455291960362e-04   2.820943956860e-04
  -5.107546232578e-04  -3.663279270842e-04
   3.883417702659e-04   3.444636055393e-04
  -1.570227331472e-04  -2.318494067923e-04
  -1.214871903012e-04   3.534625718991e-05
   3.379462639812e-04   1.242902929232e-04
  -4.410304166716e-04  -2.942184620894e-04
   4.752465227355e-04   3.570834782374e-04
  -3.307472433780e-04  -3.235105787203e-04
   1.337573680941e-04   2.050032215352e-04
   7.954371551345e-05  -4.786008902531e-05
  -2.673181578171e-04  -1.573476204456e-04
   3.979394414990e-04   2.760490418172e-04
  -3.597635691342e-04  -3.383888807997e-04
   2.949142346769e-04   3.113194814592e-04
  -1.234819241686e-04  -1.900337153444e-04
  -6.335919606061e-05   1.088148342810e-05
   2.188211025298e-04   1.375399424002e-04
  -2.754718905457e-04  -2.797360229381e-04
   3.214650279178e-04   3.280882410727e-04
  -2.102070699573e-04  -2.758910826711e-04
   9.963140303433e-05   1.656025860994e-04
   3.591081064960e-05  -1.198322778628e-05
  -1.406227755277e-04  -1.637589389962e-04
   2.320738498345e-04   2.632587484570e-04
  -1.844344228925e-04  -2.969318304264e-04
   1.717585740084e-04   2.645172548007e-04
  -6.816063373292e-05  -1.355188634812e-04
  -1.950142873851e-05  -1.942582479994e-05
   9.763218349263e-05   1.508325993902e-04
  -9.860539267497e-05  -2.570173481306e-04
   1.436105625346e-04   2.871446066047e-04
  -6.632861547474e-05  -2.139896254760e-04
   4.117481470659e-05   1.148881912337e-04
   4.263068717769e-06   3.041909637223e-05
  -1.844758843992e-05  -1.690007592847e-04
   5.504367012793e-05   2.432936653316e-04
   6.282533797825e-06  -2.433254968478e-04
   2.416245987542e-05   2.044287128290e-04
   5.587949677075e-06  -7.014486908079e-05
   7.326356111755e-06  -5.542690199610e-05
  -2.048460665534e-05   1.630285843830e-04
   8.029871015800e-05  -2.271139809866e-04
  -4.989944708022e-05   2.345344666979e-04
   9.281225906466e-05  -1.400985015689e-04
  -3.866745337480e-05   5.372647574236e-05
  -1.486654517005e-05   7.723514103834e-05
   9.281442008862e-05  -1.733045439098e-04
  -1.246833015393e-04   2.157347319681e-04
   2.018527408224e-04  -1.797063946618e-04
  -1.397994718902e-04   1.322883833868e-04
   9.255260455909e-05   3.096470442763e-06
   1.627826963689e-05  -9.622751483765e-05
  -1.303071766336e-04   1.725279666035e-04
   2.515729221880e-04  -1.913025756218e-04
  -2.484457181284e-04   1.711384921889e-04
   2.573900280209e-04  -5.752476702374e-05
  -1.342594646355e-04  -1.597863781291e-05
  -2.198004951942e-05   1.255181641387e-04
   1.877882818789e-04  -1.765204279051e-04
  -2.974841170553e-04   1.803566187620e-04
   3.907765578589e-04  -1.088359666357e-04
  -3.094691078035e-04   5.036065558098e-05
   1.860485954412e-04   8.025377394638e-05
   8.668382360337e-06  -1.400361401188e-04
  -2.266620939629e-04   1.774852139266e-04
   4.057581941931e-04  -1.509402115692e-04
  -4.395610410552e-04   9.863709251115e-05
   4.164480282923e-04   2.961926032531e-05
  -2.374530012626e-04  -9.115610683341e-05
  -1.847779833590e-05   1.717515653150e-04
   2.625320741190e-04  -1.779891891928e-04
  -4.529609982582e-04   1.373738265228e-04
   5.612649036106e-04  -3.391952930515e-05
  -4.720977917443e-04  -3.791484994420e-05
   2.784025200119e-04   1.567117954933e-04
  -1.205763256139e-05  -1.840836074696e-04
  -3.046466768753e-04   1.761069765766e-04
   5.341858506193e-04  -1.073305829706e-04
  -6.095662449147e-04   1.970725947955e-05
   5.585758513819e-04   1.166789900852e-04
  -3.381065350907e-04  -1.675205954966e-04
  -6.500795985119e-06   2.121985888879e-04
   3.147635778698e-04  -1.764858031608e-04
  -5.805643117790e-04   8.769457753145e-05
   7.019370987181e-04   4.158253788006e-05
  -6.136801111172e-04  -1.278541127706e-04
   3.614740635659e-04   2.275397100151e-04
  -4.068023731165e-05  -2.246619824516e-04
  -3.599643948691e-04   1.669730456499e-04
   6.294811436583e-04  -6.163905219577e-05
  -7.445488044302e-04  -6.185832782794e-05
   6.726105081294e-04   1.987358027234e-04
  -4.249620758812e-04  -2.396618108468e-04
   1.121167430779e-05   2.432719521166e-04
   3.438386805281e-04  -1.702815367276e-04
  -6.704699686539e-04   3.310532401468e-05
   8.025175586705e-04   1.141208114332e-04
  -7.201534749697e-04  -2.136112989944e-04
   4.271789191929e-04   2.878395128659e-04
  -7.089501659761e-05  -2.573300592012e-04
  -3.893582418213e-04   1.493064733231e-04
   6.859404421358e-04  -1.489423673920e-05
  -8.316782404538e-04  -1.411964399176e-04
   7.483564440531e-04   2.708707626169e-04
  -4.868514620952e-04  -3.013308602002e-04
   3.144241945282e-05   2.618595749506e-04
   3.504725367471e-04  -1.573620456016e-04
  -7.146411690092e-04  -2.369114590117e-05
   8.545128740962e-04   1.801756362608e-04
  -7.789216863336e-04  -2.884908667657e-04
   4.680178550887e-04   3.330584526435e-04
  -9.626699495001e-05  -2.773217552710e-04
  -3.910783367981e-04   1.231295584513e-04
   6.997609271379e-04   3.189873083095e-05
  -8.607444333643e-04  -2.126519325866e-04
   7.773376939426e-04   3.283992994547e-04
  -5.141374594189e-04  -3.459718444239e-04
   5.062773000280e-05   2.655663033698e-04
   3.362661503780e-04  -1.358147396556e-04
  -7.079193964558e-04  -7.923090228997e-05
   8.518527291730e-04   2.363175728888e-04
  -7.805538191304e-04  -3.455346247882e-04
   4.776491843750e-04   3.592557161872e-04
  -1.113126867067e-04  -2.801653198457e-04
  -3.652812684945e-04   8.927762333513e-05
   6.691493209491e-04   7.753587592794e-05
  -8.256888856974e-04  -2.703065446027e-04
   7.535909761856e-04   3.670801290177e-04
  -5.002093383629e-04  -3.675039301123e-04
   6.506332926207e-05   2.528687819815e-04
   3.031754598667e-04  -1.043582671561e-04
  -6.489392710157e-04  -1.296306917608e-04
   7.914851796820e-04   2.792218289563e-04
  -7.203922911655e-04  -3.783595411613e-04
   4.515448664151e-04   3.633397705497e-04
  -1.125093619582e-04  -2.624706513306e-04
  -3.142465042972e-04   4.928991330798e-05
   5.943917443659e-04   1.203275316773e-04
  -7.258285328311e-04  -3.086982396486e-04
   6.744827106626e-04   3.833188389856e-04
  -4.427686398255e-04  -3.612828960033e-04
   7.125175290609e-05   2.232154917022e-04
   2.531078224922e-04  -6.293346214425e-05
  -5.406700753641e-04  -1.710502157039e-04
   6.739284570044e-04   3.056799915432e-04
  -5.997309212869e-04  -3.821293800543e-04
   3.877347244715e-04   3.433082873588e-04
  -9.899731024212e-05  -2.227712657433e-04
  -2.423165731665e-04   5.237479103130e-06
   4.780004313286e-04   1.578393156146e-04
  -5.664917321294e-04  -3.235992305158e-04
   5.414956908042e-04   3.744008936858e-04
  -3.446016687902e-04  -3.250792492305e-04
   6.642197660207e-05   1.771217647238e-04
   1.878252086707e-04  -1.321824538528e-05
  -3.904557632789e-04  -2.001683032478e-04
   5.037865938238e-04   3.126842142308e-04
  -4.262523611436e-04  -3.544648612019e-04
   2.875753619258e-04   2.985229014846e-04
  -7.276220698998e-05  -1.622351998321e-04
  -1.555222801353e-04  -4.043625728515e-05
   3.250316068519e-04   1.867920872178e-04
  -3.589034739534e-04  -3.126862225509e-04
   3.608916786974e-04   3.387966715150e-04
  -2.135877934241e-04  -2.598414331782e-04
   4.917714270998e-05   1.163012712320e-04
   1.092563456085e-04   4.111148189775e-05
  -2.095298227490e-04  -2.145629235149e-04
   2.902101444166e-04   2.976758742706e-04
  -2.135629020672e-04  -2.960742227336e-04
   1.564013638044e-04   2.300346831316e-04
  -3.818428928005e-05  -8.502105100413e-05
  -6.093207260733e-05  -8.500315409449e-05
   1.435713513777e-04   2.032588540963e-04
  -1.193290972773e-04  -2.759573412814e-04
   1.441174377135e-04   2.765730104653e-04
  -6.185637009600e-05  -1.700124889214e-04
   2.013243885453e-05   4.384182213580e-05
   2.017264434134e-05   9.454698795428e-05
  -1.208520696762e-05  -2.129205669895e-04
   4.720592075164e-05   2.590317035068e-04
   2.011391099910e-05  -2.109408617376e-04
   3.852973253042e-06   1.409435944206e-04
  -1.014804601030e-06   1.909072225101e-06
   3.414934779355e-05  -1.254533900453e-04
  -5.477412562066e-05   2.032494403568e-04
   1.323582098532e-04  -2.158210101525e-04
  -9.222138319751e-05   1.899095798085e-04
   9.576286162175e-05  -6.326017360028e-05
  -1.767475078196e-05  -3.561787041995e-05
  -7.499798383824e-05   1.404313721714e-04
   1.859446056144e-04  -1.950629795065e-04
  -2.064198409979e-04   1.967888899279e-04
   2.538190047438e-04  -1.060215653621e-04
  -1.563494529481e-04   3.672751250795e-05
   3.296069434628e-05   8.958132485556e-05
   1.229383467242e-04  -1.584622223996e-04
  -2.547129710004e-04   1.836601868061e-04
   3.744390709690e-04  -1.368730961012e-04
  -3.270356040341e-04   8.364512593648e-05
   2.436469186103e-04   5.035921208936e-05
  -5.884519593503e-05  -1.158088202752e-04
  -1.695873113278e-04   1.721045424508e-04
   3.682027078359e-04  -1.618469794480e-04
  -4.478078736402e-04   1.134873062442e-04
   4.659558145007e-04   9.461439702889e-06
  -3.073846619490e-04  -7.458364439730e-05
   5.917885964424e-05   1.682833094596e-04
   1.996687695651e-04  -1.804251565595e-04
  -4.378321077062e-04   1.434049899765e-04
   5.852007570398e-04  -4.545522559873e-05
  -5.363028142734e-04  -3.432340696866e-05
   3.672224621899e-04   1.596211219305e-04
  -9.633062400967e-05  -1.889909790525e-04
  -2.547167102047e-04   1.842670581743e-04
   5.191428834191e-04  -1.150427065057e-04
  -6.518053743492e-04   1.486467902484e-05
   6.362951980107e-04   1.249635866009e-04
  -4.311682370380e-04  -1.825712539813e-04
   7.509561366555e-05   2.290293550053e-04
   2.596686811849e-04  -1.876934074805e-04
  -5.841914385372e-04   8.439390989337e-05
   7.447152836327e-04   5.087671929314e-05
  -6.956303815386e-04  -1.530591500462e-04
   4.544213574692e-04   2.534654638527e-04
  -1.228252786396e-04  -2.465033570728e-04
  -3.201636928976e-04   1.741935226547e-04
   6.250567333149e-04  -5.730651753966e-05
  -7.938678016196e-04  -8.995185159482e-05
   7.477261708294e-04   2.296103197426e-04
  -5.109781202427e-04  -2.751354388007e-04
   8.032554918637e-05   2.648667088150e-04
   2.990090940487e-04  -1.771186899045e-04
  -6.749372370535e-04   1.197300482305e-05
   8.364676995394e-04   1.438587568493e-04
  -7.837263329196e-04  -2.593094930650e-04
   4.966439875197e-04   3.221903817806e-04
  -1.326336540284e-04  -2.798141753802e-04
  -3.559873480149e-04   1.424337554055e-04
   6.748767298750e-04   7.677953543744e-06
  -8.538362230361e-04  -1.890747979619e-04
   7.877486146665e-04   3.131066228846e-04
  -5.345373544375e-04  -3.398948077637e-04
   7.619803379839e-05   2.717498681686e-04
   3.139323787935e-04  -1.469296453537e-04
  -6.955056763136e-04  -6.545121647021e-05
   8.488348822343e-04   2.249451608287e-04
  -7.862860947196e-04  -3.391005142601e-04
   4.893441176688e-04   3.583661920784e-04
  -1.235616541168e-04  -2.820601655451e-04
  -3.545213072896e-04   9.280209934639e-05
   6.608768484357e-04   7.491624333757e-05
  -8.198562938886e-04  -2.694086373506e-04
   7.497861895457e-04   3.665226765937e-04
  -4.969214807387e-04  -3.662443265305e-04
   6.503624350176e-05   2.488891563116e-04
   3.004714219518e-04  -9.781361257446e-05
  -6.386549467644e-04  -1.376201392559e-04
   7.764559372086e-04   2.856933325851e-04
  -6.994056664371e-04  -3.800815323943e-04
   4.324513561116e-04   3.574662406979e-04
  -9.819234955497e-05  -2.498618910973e-04
  -3.121677235290e-04   3.170366675208e-05
   5.795043243783e-04   1.378401423872e-04
  -6.914089329477e-04  -3.188898376775e-04
   6.343681716881e-04   3.830036842562e-04
  -4.024371089179e-04  -3.477430113953e-04
   4.953921782484e-05   1.986669849688e-04
   2.547496421028e-04  -3.389553291258e-05
  -5.065053905507e-04  -1.941809792416e-04
   6.215259367276e-04   3.182435730130e-04
  -5.314626481224e-04  -3.741397385448e-04
   3.307784552499e-04   3.183092872705e-04
  -6.389900964353e-05  -1.849599003011e-04
  -2.304764548242e-04  -3.293947245931e-05
   4.325671793834e-04   1.883576074838e-04
  -4.805156889062e-04  -3.288681441408e-04
   4.501042033096e-04   3.585043426396e-04
  -2.646618161168e-04  -2.842018803296e-04
   3.252344156387e-05   1.263201187067e-04
   1.742985991468e-04   3.684307256293e-05
  -3.110312384434e-04  -2.265173333477e-04
   3.949544893121e-04   3.160882972258e-04
  -3.026712543421e-04  -3.195489274370e-04
   1.943536138551e-04   2.434232835863e-04
  -3.122409001626e-05  -9.504519986211e-05
  -1.162441740071e-04  -9.282005203989e-05
   2.287852188297e-04   2.175532649705e-04
  -2.106850908367e-04  -2.959700551406e-04
   2.142031114132e-04   2.926347383989e-04
  -1.042741495618e-04  -1.827154044911e-04
   1.701408936988e-05   3.956554018550e-05
   6.030335998065e-05   1.031745528700e-04
  -7.290755893313e-05  -2.291835611002e-04
   1.171297264962e-04   2.752838752462e-04
  -4.220412646719e-05  -2.219433248101e-04
   3.837288143617e-05   1.393652210060e-04
  -1.082409193808e-05   6.791152800444e-06
   1.929434983123e-05  -1.401757855671e-04
  -1.471230623011e-05   2.172571193501e-04
   8.614747717988e-05  -2.229470107051e-04
  -4.787975161691e-05   1.896018454417e-04
   5.494240853151e-05  -5.708173261201e-05
   6.390243158299e-06  -5.178185627728e-05
  -7.991263275070e-05   1.525106133078e-04
   1.809463371024e-04  -2.006691770043e-04
  -1.822558981617e-04   1.960685325286e-04
   2.164150293064e-04  -9.375838427858e-05
  -1.176877813885e-04   1.688826308745e-05
  -9.868165683151e-06   1.041953017918e-04
   1.618261469554e-04  -1.684493206111e-04
  -2.718350217731e-04   1.823703959116e-04
   3.739060819605e-04  -1.183654264084e-04
  -3.041777097258e-04   5.903535021878e-05
   1.908018217534e-04   7.442366825936e-05
   4.133979216430e-06  -1.363248099180e-04
  -2.313478172155e-04   1.738345361371e-04
   4.205454909135e-04  -1.434917584014e-04
  -4.660830337400e-04   8.451934044994e-05
   4.404327109084e-04   4.770293460003e-05
  -2.522192524028e-04  -1.093181191649e-04
  -2.922477061337e-05   1.808763412505e-04
   2.954000467646e-04  -1.728082604546e-04
  -5.090340427148e-04   1.133657066130e-04
   6.169652492881e-04   4.641284253047e-06
  -5.197664258892e-04  -8.375507753877e-05
   2.867134329547e-04   1.923511503040e-04
   1.282943315610e-05  -2.019886848758e-04
  -3.719432225028e-04   1.608877509815e-04
   6.161670361438e-04  -6.383340327707e-05
  -6.940528780362e-04  -4.647377573274e-05
   6.023338050506e-04   1.830031602270e-04
  -3.450047953153e-04  -2.217026810952e-04
  -6.263260215673e-05   2.241701424334e-04
   4.035959033257e-04  -1.507588051244e-04
  -6.895956647997e-04   1.798002477363e-05
   7.843528709500e-04   1.301350128763e-04
  -6.621963342523e-04  -2.187051089414e-04
   3.339247629576e-04   2.795213860398e-04
   3.243642671835e-05  -2.375749500176e-04
  -4.759319392234e-04   1.144775378293e-04
   7.414574606075e-04   2.899918793533e-05
  -8.293278961895e-04  -1.777906496410e-04
   6.830095529443e-04   2.934071133308e-04
  -3.816992929653e-04  -3.020873726991e-04
  -9.828771965444e-05   2.277270605316e-04
   4.704146361744e-04  -1.030207260002e-04
  -7.804311189989e-04  -8.890640675151e-05
   8.532630993066e-04   2.412461883011e-04
  -7.081241649547e-04  -3.236110424987e-04
   3.317733046800e-04   3.237431641154e-04
   5.842431088635e-05  -2.350330693137e-04
  -5.193489524104e-04   4.293903451221e-05
   7.762402117781e-04   1.231262778800e-04
  -8.464527143365e-04  -2.867992424914e-04
   6.736101906270e-04   3.633110679846e-04
  -3.581587042560e-04  -3.351038707576e-04
  -1.222579507980e-04   1.925641985306e-04
   4.813150923831e-04  -3.458026577250e-05
  -7.597664447197e-04  -1.876828491422e-04
   8.118845753626e-04   3.219483821494e-04
  -6.495285581453e-04  -3.784230362759e-04
   2.865016086193e-04   3.193586868477e-04
   8.085632399590e-05  -1.921277830272e-04
  -4.860883913196e-04  -3.953532292581e-05
   7.091872004826e-04   2.047453820731e-04
  -7.383144948251e-04  -3.519949139837e-04
   5.764362393643e-04   3.820848501257e-04
  -2.829798049501e-04  -3.122843193951e-04
  -1.224204096605e-04   1.264003988233e-04
   4.250962988595e-04   4.452945400719e-05
  -6.233169115458e-04  -2.582600037497e-04
   6.616223855375e-04   3.587729720069e-04
  -4.972673949435e-04  -3.703484928685e-04
   2.095231986352e-04   2.676716277042e-04
   8.562803841336e-05  -1.146776902856e-04
  -3.725543556632e-04  -1.161347748976e-04
   5.405489004977e-04   2.592369409631e-04
  -5.195650222036e-04  -3.583588417464e-04
   4.051601623785e-04   3.454227920865e-04
  -1.766387615567e-04  -2.355706022898e-04
  -9.157874563758e-05   4.180137227739e-05
   2.971339107602e-04   1.194842349406e-04
  -3.868002148065e-04  -2.848659532985e-04
   4.186016363131e-04   3.426641398296e-04
  -2.800508759971e-04  -2.981118678264e-04
   1.157774767387e-04   1.766128320790e-04
   5.848462788593e-05  -1.717927324207e-05
  -1.895061670979e-04  -1.711276255096e-04
   2.848033873397e-04   2.731898880074e-04
  -2.248788227744e-04  -3.016374455138e-04
   1.842726972558e-04   2.563716999506e-04
  -6.656213550741e-05  -1.186407664339e-04
  -2.900804885662e-05  -4.611001795784e-05
   1.036637571083e-04   1.727344491755e-04
  -8.394362538145e-05  -2.598425830295e-04
   1.139490480908e-04   2.711178132609e-04
  -3.840916046297e-05  -1.735794466152e-04
   2.220067266464e-05   5.997040398175e-05
  -8.864854259023e-06   7.923738986914e-05
   3.921073099355e-05  -1.929354741473e-04
  -2.762775788476e-05   2.375678980331e-04
   9.766370591312e-05  -1.899965756041e-04
  -5.280658953589e-05   1.260281766995e-04
   2.079241983352e-05   1.513553582409e-05
   5.949164250517e-05  -1.218273738787e-04
  -1.344338700720e-04   1.881317330237e-04
   2.392682533394e-04  -1.853801713781e-04
  -2.080809209442e-04   1.503963345226e-04
   1.846639944980e-04  -1.978154023876e-05
  -5.420811360502e-05  -6.377721022918e-05
  -1.127724565254e-04   1.517071914907e-04
   2.803457734719e-04  -1.760036448600e-04
  -3.512274123518e-04   1.515642984958e-04
   3.959692713408e-04  -4.253108478435e-05
  -2.677021360461e-04  -2.646027676324e-05
   6.805949050247e-05   1.380324384013e-04
   1.623540219799e-04  -1.714045419266e-04
  -3.808634812564e-04   1.563169294398e-04
   5.323433214914e-04  -7.300962179032e-05
  -4.952262443009e-04  -2.969566512062e-06
   3.532423314524e-04   1.341802647796e-04
  -9.932898526654e-05  -1.733324872011e-04
  -2.348746697162e-04   1.821703400225e-04
   4.961611228033e-04  -1.215067205788e-04
  -6.306040077706e-04   2.579032251796e-05
   6.233324253857e-04   1.146903000389e-04
  -4.235410269529e-04  -1.753146996455e-04
   7.200322654279e-05   2.249743306164e-04
   2.631124830956e-04  -1.844175567199e-04
  -5.884278593341e-04   7.942750199112e-05
   7.482132216702e-04   5.857396828492e-05
  -6.961259695092e-04  -1.626929808495e-04
   4.451553988739e-04   2.596115086649e-04
  -1.058976751995e-04  -2.476101143890e-04
  -3.447679197795e-04   1.631733834633e-04
   6.495838097364e-04  -3.729953598773e-05
  -8.107817581173e-04  -1.171466708418e-04
   7.457595021340e-04   2.536700513321e-04
  -4.933021545252e-04  -2.917512404515e-04
   4.345510246158e-05   2.597443910212e-04
   3.412628378445e-04  -1.562135575190e-04
  -7.091545029507e-04  -2.724958113290e-05
   8.501822858886e-04   1.865166155630e-04
  -7.720267265482e-04  -2.965052682012e-04
   4.544227141380e-04   3.340566131950e-04
  -7.745556935305e-05  -2.701094453486e-04
  -4.080129958881e-04   1.005005973737e-04
   7.091938664860e-04   6.254412925175e-05
  -8.508165013609e-04  -2.462126201026e-04
   7.464843583441e-04   3.493190176461e-04
  -4.679914194486e-04  -3.500439675846e-04
   2.528917592923e-06   2.383569218096e-04
   3.739076187553e-04  -9.029031630973e-05
  -7.074320714054e-04  -1.381479855876e-04
   8.175088052481e-04   2.870437214485e-04
  -7.081525112652e-04  -3.733997898822e-04
   3.899773276338e-04   3.451359116020e-04
  -3.014521052630e-05  -2.340250557352e-04
  -3.966989240074e-04   1.152070526576e-05
   6.542622264923e-04   1.587147396709e-04
  -7.363813784904e-04  -3.295541025610e-04
   6.279979658142e-04   3.833895347852e-04
  -3.613154330842e-04  -3.349827535051e-04
  -2.849803316080e-05   1.689583356850e-04
   3.395164018755e-04   8.346839926577e-08
  -5.714318005893e-04  -2.242722338691e-04
   6.496252930914e-04   3.388287957128e-04
  -5.201340322540e-04  -3.726757248579e-04
   2.723093712477e-04   2.921198432670e-04
   1.000924978949e-05  -1.464174966773e-04
  -2.985619202193e-04  -7.993918450756e-05
   4.801544838903e-04   2.288173057000e-04
  -4.861075521672e-04  -3.438454873436e-04
   4.121036865281e-04   3.474359092093e-04
  -2.075882106567e-04  -2.481769210831e-04
  -3.177020694603e-05   6.904935819125e-05
   2.246187413136e-04   9.251625090655e-05
  -3.183702380294e-04  -2.615426859657e-04
   3.687717881824e-04   3.267413386821e-04
  -2.516815226338e-04  -2.914166753516e-04
   1.294273507932e-04   1.857265029652e-04
   1.534710328831e-05  -2.904370861126e-05
  -1.215364060114e-04  -1.500506024276e-04
   2.036158952046e-04   2.514858254758e-04
  -1.485284196888e-04  -2.817752910057e-04
   1.379353446855e-04   2.449648648815e-04
  -5.184978045702e-05  -1.099883660468e-04
   1.890619263582e-06  -3.855122401259e-05
   3.236146266340e-05   1.597999197395e-04
   8.200717294849e-06  -2.375405796946e-04
   2.004733308265e-05   2.460658659768e-04
   3.685668009529e-05  -1.469111225849e-04
  -7.527344795116e-06   4.669317804320e-05
  -3.157743904908e-05   8.604690960666e-05
   1.071588224131e-04  -1.805965421352e-04
  -1.341262124531e-04   2.125865497539e-04
   2.094782205394e-04  -1.547029468209e-04
  -1.428704555441e-04   9.261900379187e-05
   6.493575393398e-05   4.492641958329e-05
   7.119624851180e-05  -1.299064004741e-04
  -2.106964535155e-04   1.779200239545e-04
   3.476502413629e-04  -1.545822975041e-04
  -3.329368091961e-04   1.064714421580e-04
   2.850347436504e-04   2.748404463119e-05
  -1.095788391457e-04  -9.681724647957e-05
  -1.275683808752e-04   1.658992198870e-04
   3.462119570553e-04  -1.625714825565e-04
  -4.698690773341e-04   1.120898354352e-04
   5.183993370529e-04   1.025291955199e-05
  -3.748176585801e-04  -8.045103398883e-05
   1.195149157481e-04   1.775740844302e-04
   1.641356889298e-04  -1.840226829236e-04
  -4.545911002297e-04   1.354905346669e-04
   6.347327089486e-04  -2.886126037316e-05
  -6.185821827736e-04  -6.615047573584e-05
   4.475807861438e-04   1.914992909839e-04
  -1.565695593280e-04  -2.134648685527e-04
  -2.457002097573e-04   1.878456671072e-04
   5.476430038334e-04  -9.778001934309e-05
  -7.294843298019e-04  -3.151183088622e-05
   7.208058678147e-04   1.771067860537e-04
  -5.109468106207e-04  -2.363980337377e-04
   1.127580679651e-04   2.562768936953e-04
   2.585202685681e-04  -1.870118773842e-04
  -6.361075219253e-04   4.037128386479e-05
   8.120171147795e-04   1.132175834250e-04
  -7.739258902328e-04  -2.324916423921e-04
   5.033090797150e-04   3.085093660900e-04
  -1.442237277160e-04  -2.751353613812e-04
  -3.425923496835e-04   1.476325765979e-04
   6.649237060331e-04   1.001809904506e-06
  -8.470178125964e-04  -1.827931840927e-04
   7.817464549447e-04   3.092522515241e-04
  -5.265953003215e-04  -3.366625952166e-04
   6.649286565844e-05   2.653789563921e-04
   3.238850673488e-04  -1.363524031772e-04
  -6.974728099066e-04  -8.055847822535e-05
   8.403941114808e-04   2.400894233955e-04
  -7.635666138030e-04  -3.487751082257e-04
   4.563118435006e-04   3.539647347236e-04
  -8.868047305938e-05  -2.650343414553e-04
  -3.736773355484e-04   6.072727119552e-05
   6.614159263908e-04   1.110865054069e-04
  -7.861064383068e-04  -2.985111073249e-04
   6.940540083807e-04   3.769319460379e-04
  -4.294230787274e-04  -3.532988131008e-04
   1.325761890488e-05   2.081730678277e-04
   3.265970888419e-04  -4.420728865682e-05
  -6.065857645786e-04  -1.894729950587e-04
   7.070714914089e-04   3.206652714604e-04
  -5.934448887995e-04  -3.803376874735e-04
   3.314352044309e-04   3.199397806534e-04
  -2.443122611438e-05  -1.852011020549e-04
  -3.098245998324e-04  -4.350844701866e-05
   5.194212799390e-04   2.028106366042e-04
  -5.545188663004e-04  -3.417562327499e-04
   4.792780744664e-04   3.630210946546e-04
  -2.596121213084e-04  -2.800138983247e-04
  -1.579736091794e-05   1.042010703654e-04
   2.398014328577e-04   6.245759740824e-05
  -3.699911462086e-04  -2.503761778447e-04
   4.307363908981e-04   3.305281665906e-04
  -3.117740441686e-04  -3.147583435515e-04
   1.670368868968e-04   2.159461912826e-04
   6.915256633762e-06  -5.953450672344e-05
  -1.484364100422e-04  -1.317282563688e-04
   2.492837422180e-04   2.455091268333e-04
  -2.044241898676e-04  -2.952434939386e-04
   1.847378683764e-04   2.670746386324e-04
  -7.707016802827e-05  -1.373970607496e-04
  -3.561531674852e-07  -1.685502082132e-05
   5.711140712007e-05   1.474043828474e-04
  -3.322500622817e-05  -2.410786939917e-04
   6.261627958191e-05   2.587363112564e-04
   5.490136346744e-06  -1.681066029077e-04
   6.778565661637e-06   6.696758834124e-05
  -2.509659521955e-05   7.129504017366e-05
   8.440693061840e-05  -1.764197984603e-04
  -1.044698464305e-04   2.168704601655e-04
   1.822661492500e-04  -1.677872182912e-04
  -1.239194283916e-04   1.074604646616e-04
   6.084668609615e-05   3.189101309562e-05
   6.394181371156e-05  -1.223262774840e-04
  -1.954631982049e-04   1.767984783499e-04
   3.307463684428e-04  -1.598384556417e-04
  -3.192003742657e-04   1.141652034955e-04
   2.791897041500e-04   1.936315033148e-05
  -1.095124115853e-04  -9.076990543149e-05
  -1.224131326225e-04   1.633167997033e-04
   3.398847379141e-04  -1.627666185479e-04
  -4.654049248201e-04   1.135596055947e-04
   5.170469452531e-04   8.449909055820e-06
  -3.757609122919e-04  -7.955750885309e-05
   1.211445197161e-04   1.773471878617e-04
   1.639468276422e-04  -1.835635000373e-04
  -4.577459674222e-04   1.335894054708e-04
   6.397519605442e-04  -2.529597858409e-05
  -6.248959385654e-04  -7.153737712454e-05
   4.507696897286e-04   1.963222995890e-04
  -1.561526280506e-04  -2.166397749237e-04
  -2.522702270912e-04   1.861979707142e-04
   5.572227054488e-04  -9.188657147960e-05
  -7.407145982846e-04  -4.191259309688e-05
   7.274122161009e-04   1.878539494648e-04
  -5.128267234962e-04  -2.457541066276e-04
   1.057913210083e-04   2.582042418476e-04
   2.699513240903e-04  -1.826795180539e-04
  -6.496541846617e-04   2.762278491784e-05
   8.213684035993e-04   1.287782111552e-04
  -7.771477220547e-04  -2.483179283517e-04
   4.960512317264e-04   3.163212439061e-04
  -1.314169770100e-04  -2.754931022576e-04
  -3.577078896397e-04   1.354838921909e-04
   6.764136144307e-04   1.890263491318e-05
  -8.490893486980e-04  -2.038186846961e-04
   7.724984510537e-04   3.239351649152e-04
  -5.094754007183e-04  -3.431455556742e-04
   4.664910367016e-05   2.564323467858e-04
   3.397985350838e-04  -1.187293789134e-04
  -6.988458666011e-04  -1.051508080885e-04
   8.287947615566e-04   2.614616874991e-04
  -7.378777482189e-04  -3.614643600290e-04
   4.261936999705e-04   3.503991111011e-04
  -6.221706059925e-05  -2.494270200260e-04
  -3.808238560172e-04   3.387947155738e-05
   6.516897968548e-04   1.384201198643e-04
  -7.511683072623e-04  -3.174190278815e-04
   6.500347391667e-04   3.806987593978e-04
  -3.844892736977e-04  -3.405439214544e-04
  -1.098239097396e-05   1.803500481780e-04
   3.285299889717e-04  -1.149754783015e-05
  -5.698807123718e-04  -2.155984670664e-04
   6.522024613690e-04   3.337558574792e-04
  -5.253404717567e-04  -3.715583657470e-04
   2.792376828181e-04   2.932301379679e-04
   2.245009642574e-06  -1.474145198108e-04
  -2.873873389143e-04  -7.856656290352e-05
   4.654710398240e-04   2.273744209110e-04
  -4.676720375183e-04  -3.399012613481e-04
   3.957446703867e-04   3.410103137122e-04
  -1.969315324836e-04  -2.380472961012e-04
  -2.718518036211e-05   5.933251640719e-05
   2.049761231939e-04   1.005690852407e-04
  -2.806654565556e-04  -2.605939736017e-04
   3.246917820769e-04   3.182865048804e-04
  -2.103272242940e-04  -2.718104783316e-04
   1.074853559297e-04   1.630741600144e-04
   1.024384706193e-05  -6.648412352064e-06
  -8.160421204208e-05  -1.598207341330e-04
   1.408408867793e-04   2.487602413489e-04
  -7.477951087644e-05  -2.580450555508e-04
   7.624020709122e-05   2.116262019958e-04
  -2.307626234759e-05  -7.085184900656e-05
   1.882878262401e-05  -6.642556422730e-05
  -2.834295798710e-05   1.712718281115e-04
   1.011624172795e-04  -2.192718622894e-04
  -7.940750313685e-05   2.090327936187e-04
   1.097299536666e-04  -9.302420872635e-05
  -3.607882810513e-05  -2.823927366445e-06
  -6.537300672573e-05   1.188338846279e-04
   1.936066752892e-04  -1.798416591363e-04
  -2.532283374707e-04   1.821851793283e-04
   3.214851903507e-04  -9.383937671936e-05
  -2.250280552918e-04   2.433220440375e-05
   7.667658151466e-05   1.024519940078e-04
   1.224919184519e-04  -1.571407225449e-04
  -3.223201241433e-04   1.652379181044e-04
   4.787099424124e-04  -9.979232339101e-05
  -4.576635743048e-04   2.852073915978e-05
   3.468824995949e-04   1.074336872194e-04
  -1.116691862373e-04  -1.564465227677e-04
  -2.072008077246e-04   1.799822634165e-04
   4.682976369148e-04  -1.290065341754e-04
  -6.120967204201e-04   3.720234765949e-05
   6.193600018014e-04   1.037764843438e-04
  -4.291905388413e-04  -1.686907099317e-04
   8.361087474492e-05   2.230346177068e-04
   2.539375737708e-04  -1.837381580958e-04
  -5.876717020520e-04   7.652808907504e-05
   7.535206812394e-04   6.418614025831e-05
  -7.062697870733e-04  -1.725291918808e-04
   4.514387668067e-04   2.671291076787e-04
  -1.060448785692e-04  -2.509221615950e-04
  -3.547352896914e-04   1.548282251666e-04
   6.635009541365e-04  -2.048239986289e-05
  -8.252711387077e-04  -1.427927754848e-04
   7.498168450230e-04   2.758228038905e-04
  -4.876764453768e-04  -3.075513748959e-04
   2.510518739360e-05   2.548738461253e-04
   3.631678457914e-04  -1.366722683634e-04
  -7.247952658381e-04  -6.396115270770e-05
   8.513196732960e-04   2.238914232915e-04
  -7.556187035548e-04  -3.278872697332e-04
   4.219716487880e-04   3.399749752239e-04
  -4.116397989853e-05  -2.555141417862e-04
  -4.298423704802e-04   5.847186652751e-05
   7.111691116132e-04   1.123211805583e-04
  -8.182028547940e-04  -2.927421104121e-04
   6.917461919302e-04   3.712768235870e-04
  -4.030248236143e-04  -3.448970948896e-04
  -4.314334606426e-05   1.964834109400e-04
   3.916441044459e-04  -3.189227054718e-05
  -6.657842035493e-04  -1.991764598626e-04
   7.408942962131e-04   3.286556286057e-04
  -6.003064997103e-04  -3.800988933892e-04
   2.970404629743e-04   3.092439868302e-04
   2.932119384513e-05  -1.697924790805e-04
  -3.733174202418e-04  -6.459691240977e-05
   5.740698156607e-04   2.229014664671e-04
  -5.862923418477e-04  -3.520212899451e-04
   4.737234539155e-04   3.609522891520e-04
  -2.316822967393e-04  -2.671914940200e-04
  -6.523744664478e-05   7.773449918872e-05
   2.923751584314e-04   8.969533356031e-05
  -4.067448328744e-04  -2.705787513528e-04
   4.443870835520e-04   3.396635847871e-04
  -3.052916718464e-04  -3.066098873516e-04
   1.369173460265e-04   1.899671921329e-04
   4.130667624708e-05  -2.929625988900e-05
  -1.731021864503e-04  -1.607082008702e-04
   2.634882673919e-04   2.643326465026e-04
  -2.008329779255e-04  -2.919006189201e-04
   1.652555030117e-04   2.455394118843e-04
  -6.071076478135e-05  -1.052314276730e-04
  -9.033705414664e-06  -5.373673317958e-05
   5.588880545372e-05   1.736140092331e-04
  -1.310034613893e-05  -2.436872160371e-04
   3.710213230056e-05   2.430344653661e-04
   2.020689514991e-05  -1.328090711590e-04
   3.368832408401e-06   2.301687014595e-05
  -4.522180279554e-05   1.048509664158e-04
   1.283845455908e-04  -1.886559997021e-04
  -1.513795167514e-04   2.071143459989e-04
   2.181257894068e-04  -1.291309846716e-04
  -1.408721609889e-04   5.747155774803e-05
   3.430671847699e-05   7.577409343101e-05
   1.220099250270e-04  -1.492362664056e-04
  -2.696430695598e-04   1.742614646205e-04
   4.032099015781e-04  -1.217713179819e-04
  -3.669896066755e-04   5.957529021328e-05
   2.695510485672e-04   7.736163819747e-05
  -5.892097721337e-05  -1.362765688019e-04
  -2.161549539038e-04   1.722577817509e-04
   4.475989542372e-04  -1.338226156105e-04
  -5.525710955930e-04   5.695390524297e-05
   5.473113314526e-04   8.118686229348e-05
  -3.547559694389e-04  -1.447679076205e-04
   2.725217605004e-05   2.046729801155e-04
   2.890609950378e-04  -1.738590073217e-04
  -5.813619076264e-04   7.990189175725e-05
   7.214986096043e-04   5.661055202457e-05
  -6.469456906812e-04  -1.545457169753e-04
   3.807769881322e-04   2.487559035771e-04
  -3.801303647962e-05  -2.336833179860e-04
  -3.997278799088e-04   1.433808783074e-04
   6.854052327134e-04  -1.208478227668e-05
  -8.081083381524e-04  -1.382089975858e-04
   7.014378596680e-04   2.679037170833e-04
  -4.205753639865e-04  -2.921999050547e-04
  -4.809203976727e-05   2.363645265959e-04
   4.272587248130e-04  -1.176962326920e-04
  -7.568975034000e-04  -7.511288568848e-05
   8.491033946812e-04   2.319765552673e-04
  -7.187661540754e-04  -3.225386964635e-04
   3.531534824688e-04   3.251787361450e-04
   3.648107786169e-05  -2.345832214966e-04
  -4.975383333910e-04   3.530045793320e-05
   7.559896175309e-04   1.347964112764e-04
  -8.248196740454e-04  -3.018511886817e-04
   6.550791000888e-04   3.693624969908e-04
  -3.418883875157e-04  -3.302616107670e-04
  -1.206175282394e-04   1.695303401207e-04
   4.633907992651e-04  -2.017076458206e-06
  -7.094620285845e-04  -2.223170641989e-04
   7.473718570768e-04   3.430664569177e-04
  -5.736756870609e-04  -3.770804014011e-04
   2.356172472754e-04   2.880995725323e-04
   9.967161237669e-05  -1.407711865746e-04
  -4.342735377690e-04  -9.716878605749e-05
   6.140240975332e-04   2.503922538273e-04
  -5.936291261982e-04  -3.619320299281e-04
   4.434713720482e-04   3.526514784034e-04
  -1.844253984433e-04  -2.450303668762e-04
  -1.215492403034e-04   4.260511271191e-05
   3.427694937686e-04   1.232640519482e-04
  -4.324301283653e-04  -2.914483458325e-04
   4.436937981695e-04   3.457391665890e-04
  -2.863374174141e-04  -2.934781770336e-04
   9.951011348608e-05   1.590854459836e-04
   7.924840052902e-05   3.872485199796e-06
  -1.972216575624e-04  -1.890578338693e-04
   2.762604253218e-04   2.810934068709e-04
  -1.982776327314e-04  -2.867771034304e-04
   1.478529945972e-04   2.230711144138e-04
  -4.578326751188e-05  -7.548460559249e-05
  -1.824174549564e-05  -8.599849417172e-05
   6.121063516505e-05   1.954674332613e-04
  -6.757228642014e-06  -2.446456498227e-04
   2.808907662903e-05   2.290020260845e-04
   1.912576021710e-05  -1.056386807822e-04
   9.913621200362e-06  -1.044101820898e-05
  -6.136275395385e-05   1.281416330711e-04
   1.546565354453e-04  -1.949084566871e-04
  -1.700103262665e-04   1.984278457661e-04
   2.209943168979e-04  -1.019562497844e-04
  -1.297538238136e-04   2.379672830704e-05
  -2.144943133629e-06   1.009138243379e-04
   1.715065673424e-04  -1.615992026534e-04
