   0.000000000000e+00   0.000000000000e+00
   2.381240736079e-04   1.863980909777e-04
   3.963926508844e-04   8.411648800010e-05
   9.117415550523e-05  -1.065611044699e-04
  -1.242145911734e-04  -8.893382623954e-06
   9.119358056106e-05   1.470967991167e-04
   1.686451536553e-04   8.119524667781e-06
  -1.765961047162e-04  -1.678269979991e-04
  -3.491949790819e-04  -4.603023288284e-05
  -9.606298770198e-05   9.759546881836e-05
  -1.576402751780e-05  -5.062291242447e-05
  -3.194466320603e-04  -1.965625889805e-04
  -3.947962739935e-04  -4.264094016197e-05
  -6.261402422818e-05   1.015423771179e-04
   5.230158756707e-05  -4.595129049009e-05
  -2.000539775857e-04  -1.599741912262e-04
  -1.900181454335e-04   2.191901863947e-05
   1.843549420634e-04   1.535927403467e-04
   2.716239242474e-04  -8.145508591241e-06
   6.726370602156e-06  -9.912336601815e-05
   4.096893353433e-05   9.429780019403e-05
   3.767688512885e-04   1.859144618104e-04
   3.536505726981e-04  -6.474832868626e-06
   2.518157981770e-05  -8.010324919106e-05
   4.669882870863e-05   1.105695088778e-04
   3.081969454206e-04   1.511126741025e-04
   1.719418422459e-04  -6.561956310405e-05
  -1.909343280690e-04  -1.164555361072e-04
  -1.512879133597e-04   7.343199095259e-05
   8.425859556161e-05   8.095608857959e-05
  -8.413723094717e-05  -1.363329441236e-04
  -4.032566661441e-04  -1.532267341444e-04
  -2.839973377671e-04   4.897953549960e-05
  -5.887051113980e-06   4.714495480614e-05
  -1.389074679277e-04  -1.540206839560e-04
  -3.732829257343e-04  -1.316552218933e-04
  -1.576532728903e-04   8.584293310464e-05
   1.600834934683e-04   7.402955940608e-05
   3.818166403356e-05  -1.150303552924e-04
  -1.474722268927e-04  -5.965526641213e-05
   1.120269765159e-04   1.555373403778e-04
   3.892931011821e-04   1.096994520131e-04
   1.970873146363e-04  -8.028991032271e-05
  -1.008232845219e-06  -3.078393605470e-06
   2.376806679303e-04   1.863946242473e-04
   4.065081613550e-04   8.959001516340e-05
   1.095208595658e-04  -1.023004545356e-04
  -1.087917571829e-04  -7.918355195154e-06
   1.047347238430e-04   1.508709425446e-04
   1.881205582239e-04   1.547879941214e-05
  -1.556968380621e-04  -1.634048890110e-04
  -3.368647891809e-04  -4.556980161937e-05
  -9.015480431654e-05   9.968761196065e-05
  -9.000243592895e-06  -4.669225955422e-05
  -3.157737721598e-04  -1.966328101612e-04
  -4.021587951539e-04  -4.690525595898e-05
  -7.667906746064e-05   9.908589783257e-05
   4.058534323637e-05  -4.638822491723e-05
  -2.127475291468e-04  -1.643806542108e-04
  -2.109083972873e-04   1.423760484527e-05
   1.622665641027e-04   1.498349019175e-04
   2.588315993221e-04  -8.529082764089e-06
  -2.177598523747e-06  -1.031602729021e-04
   2.799838298905e-05   8.855544307140e-05
   3.685917606813e-04   1.862892890808e-04
   3.592267605856e-04  -2.482838625563e-06
   3.514014545775e-05  -8.011889337743e-05
   5.278216880315e-05   1.098181906571e-04
   3.194910802607e-04   1.565882679176e-04
   1.938128500990e-04  -5.825150237150e-05
  -1.701624956338e-04  -1.141247944292e-04
  -1.385889220242e-04   7.475345604362e-05
   9.757524413431e-05   8.686668218582e-05
  -6.692464836877e-05  -1.307047395510e-04
  -3.931691219348e-04  -1.535969336664e-04
  -2.857081534674e-04   4.712397563259e-05
  -9.647993951283e-06   4.896233802518e-05
  -1.408877853834e-04  -1.533662046863e-04
  -3.832853129490e-04  -1.371725617928e-04
  -1.780841903141e-04   7.971696842843e-05
   1.416742829431e-04   7.281522698760e-05
   2.619324691703e-05  -1.169888858041e-04
  -1.638003277868e-04  -6.719234176326e-05
   9.057132176638e-05   1.496455868782e-04
   3.772966604940e-04   1.107232160351e-04
   1.966180217306e-04  -7.989747807251e-05
  -3.450782213377e-06  -7.612374967564e-06
   2.337678854331e-04   1.854750570764e-04
   4.152095161686e-04   9.584851042761e-05
   1.283739582188e-04  -9.794342066626e-05
  -9.481575721704e-05  -8.427990287685e-06
   1.156052865130e-04   1.541335922524e-04
   2.077236593485e-04   2.401300876751e-05
  -1.328217068366e-04  -1.587123214032e-04
  -3.245883311914e-04  -4.623328382156e-05
  -8.511848216851e-05   1.018629826468e-04
  -2.667566154647e-07  -4.118669311790e-05
  -3.088665204891e-04  -1.962576970131e-04
  -4.087418960406e-04  -5.203803393582e-05
  -9.092031348007e-05   9.697376862406e-05
   3.106924976235e-05  -4.527053935897e-05
  -2.227451053170e-04  -1.685721829804e-04
  -2.320308228078e-04   5.501452280218e-06
   1.388792556347e-04   1.462402241313e-04
   2.468817505959e-04  -7.757092191578e-06
  -1.019222930597e-05  -1.075413296981e-04
   1.289381936562e-05   8.136389024492e-05
   3.576965178768e-04   1.866314675062e-04
   3.645985429308e-04   2.339138430182e-06
   4.488514176820e-05  -8.090710082499e-05
   5.596743989463e-05   1.075362154854e-04
   3.282733334384e-04   1.622647107859e-04
   2.162312456887e-04  -4.997894569171e-05
  -1.489146330347e-04  -1.125512275531e-04
  -1.277236425459e-04   7.493997201724e-05
   1.101691994809e-04   9.354339177390e-05
  -4.733608043454e-05  -1.238608902974e-04
  -3.811838400166e-04  -1.544664772823e-04
  -2.878385835187e-04   4.460062201767e-05
  -1.268726743012e-05   5.194057471471e-05
  -1.395974036914e-04  -1.514028674684e-04
  -3.911802533827e-04  -1.431732579328e-04
  -1.990332671898e-04   7.299890617067e-05
   1.236167457308e-04   7.268353398379e-05
   1.651801938627e-05  -1.179863219532e-04
  -1.795353104885e-04  -7.561490836509e-05
   6.699968600978e-05   1.428882424214e-04
   3.642164091903e-04   1.125260619996e-04
   1.969099320624e-04  -7.905803518328e-05
  -7.018491105339e-06  -1.350651962800e-05
   2.264945431642e-04   1.835599798551e-04
   4.223682305685e-04   1.028473376080e-04
   1.477415903824e-04  -9.338202326647e-05
  -8.214976783785e-05  -1.038648448980e-05
   1.236997328841e-04   1.567531871395e-04
   2.271568068263e-04   3.365462243440e-05
  -1.080901605984e-04  -1.536776191256e-04
  -3.123663039429e-04  -4.803409272094e-05
  -8.116236079971e-05   1.039744682913e-04
   1.012778057967e-05  -3.416110220306e-05
  -2.987975706314e-04  -1.953608684448e-04
  -4.144822424688e-04  -5.804898848902e-05
  -1.054459151452e-04   9.508784082667e-05
   2.360363706134e-05  -4.260164876817e-05
  -2.299227452058e-04  -1.724236088429e-04
  -2.531381058471e-04  -4.267691813997e-06
   1.142328811339e-04   1.427219222115e-04
   2.357678439704e-04  -5.783461637431e-06
  -1.705062208442e-05  -1.121020529488e-04
  -4.022748662100e-06   7.274444979041e-05
   3.441100473824e-04   1.868470995019e-04
   3.697282024514e-04   8.048170233268e-06
   5.463379479471e-05  -8.231854173270e-05
   5.643940824525e-05   1.036915903943e-04
   3.343848867542e-04   1.680114359066e-04
   2.390074078965e-04  -4.076558317960e-05
  -1.271305183689e-04  -1.116384567827e-04
  -1.187050109436e-04   7.390010547081e-05
   1.217259932524e-04   1.008365049299e-04
  -2.563505389215e-05  -1.157749255110e-04
  -3.672944899230e-04  -1.557693417889e-04
  -2.904420032487e-04   4.130394336695e-05
  -1.528513476467e-05   5.595483531125e-05
  -1.351870197177e-04  -1.480700997792e-04
  -3.968226110742e-04  -1.495690329693e-04
  -2.204148808505e-04   6.560875136995e-05
   1.057883342107e-04   7.355734459643e-05
   9.196641902771e-06  -1.179034176483e-04
  -1.943476299851e-04  -8.479844410333e-05
   4.151656959152e-05   1.351983283552e-04
   3.500025360696e-04   1.150575720076e-04
   1.980784671222e-04  -7.761865531398e-05
  -1.135449590894e-05  -2.064424062048e-05
   2.159881221552e-04   1.805482389007e-04
   4.278222186145e-04   1.105263565980e-04
   1.676425216183e-04  -8.847786513138e-05
  -7.058927422124e-05  -1.373654847563e-05
   1.289340259170e-04   1.585744530842e-04
   2.460912462562e-04   4.432602222919e-05
  -8.160303213591e-05  -1.481950840466e-04
  -3.001370741199e-04  -5.097037241725e-05
  -7.849320434028e-05   1.058456982881e-04
   2.182748465225e-05  -2.568031285102e-05
  -2.856348136446e-04  -1.938358726450e-04
  -4.192778093149e-04  -6.494153571667e-05
  -1.203879947893e-04   9.327589129840e-05
   1.797574486965e-05  -3.839629696151e-05
  -2.341635342972e-04  -1.757841762563e-04
  -2.739575884824e-04  -1.504690567224e-05
   8.833574818354e-05   1.391589286521e-04
   2.254243141758e-04  -2.570302398705e-06
  -2.248184818905e-05  -1.166506632202e-04
  -2.239304751264e-05   6.271973063156e-05
   3.278397333892e-04   1.868116189454e-04
   3.745403306381e-04   1.470193312965e-05
   6.463535430569e-05  -8.417021713361e-05
   5.443806652709e-05   9.825361361630e-05
   3.376571914310e-04   1.736702297528e-04
   2.619307623625e-04  -3.056524398786e-05
  -1.046998568574e-04  -1.112534907550e-04
  -1.114909005771e-04   7.153835306381e-05
   1.319111447687e-04   1.085681404263e-04
  -2.109499437254e-06  -1.064071077174e-04
  -3.514521142363e-04  -1.574074023386e-04
  -2.935391360970e-04   3.711584912898e-05
  -1.776518441990e-05   6.084922206489e-05
  -1.278476214893e-04  -1.432962965136e-04
  -4.000431111768e-04  -1.562466543730e-04
  -2.421325189410e-04   5.744800694663e-05
   8.800937222893e-05   7.532759350967e-05
   4.225072657299e-06  -1.166104208410e-04
  -2.078856179413e-04  -9.459599674746e-05
   1.433697166609e-05   1.264895546384e-04
   3.345552374544e-04   1.182392995873e-04
   2.002119873691e-04  -7.540988442366e-05
  -1.605902946627e-05  -2.888376845567e-05
   2.024015743936e-04   1.763204100908e-04
   4.313752334052e-04   1.188042974094e-04
   1.880942211877e-04  -8.306646296447e-05
  -5.986510428202e-05  -1.839446763977e-05
   1.312540561805e-04   1.594214378297e-04
   2.641667838079e-04   5.593374801403e-05
  -5.345209269701e-05  -1.421277817524e-04
  -2.877754757416e-04  -5.501911413004e-05
  -7.730554402830e-05   1.072736527830e-04
   3.442996550619e-05  -1.582433198749e-05
  -2.694480219728e-04  -1.915473953632e-04
  -4.229835904226e-04  -7.270644269352e-05
  -1.358914563838e-04   9.135355870742e-05
   1.390948015937e-05  -3.268589257833e-05
  -2.353645757900e-04  -1.784781365285e-04
  -2.941870964606e-04  -2.680577012717e-05
   6.117401731330e-05   1.353967380830e-04
   2.157228724620e-04   1.905733563276e-06
  -2.622079471448e-05  -1.209686950909e-04
  -4.181974896550e-05   5.131989847519e-05
   3.088806343419e-04   1.863693171238e-04
   3.789145230464e-04   2.235125371774e-05
   7.515954672407e-05  -8.624556533337e-05
   5.026214052720e-05   9.119934985345e-05
   3.379187238172e-04   1.790536754375e-04
   2.847614774906e-04  -1.932930910179e-05
  -8.147163985663e-05  -1.112253308359e-04
  -1.059773268380e-04   6.776184043831e-05
   1.403778750117e-04   1.165301262867e-04
   2.292143804593e-05  -9.571065986709e-05
  -3.335703160991e-04  -1.592474188018e-04
  -2.971080799158e-04   3.191226202502e-05
  -2.048609826569e-05   6.643430408719e-05
  -1.178164136673e-04  -1.370040328310e-04
  -4.006514445659e-04  -1.630640085085e-04
  -2.640681293389e-04   4.840576070464e-05
   7.004959344715e-05   7.784992705708e-05
   1.546489317705e-06  -1.139723546949e-04
  -2.197797298201e-04  -1.048339729293e-04
  -1.430426028744e-05   1.166617235096e-04
   3.177280238150e-04   1.219599294982e-04
   2.033599675050e-04  -7.225156075358e-05
  -2.069517033396e-05  -3.805352085137e-05
   1.859219910857e-04   1.707435277549e-04
   4.327976238464e-04   1.275725164928e-04
   2.090992039702e-04  -7.696275605299e-05
  -4.964754855962e-05  -2.424438450883e-05
   1.306458869957e-04   1.591016564758e-04
   2.809920929858e-04   6.836173748353e-05
  -2.373203506260e-05  -1.353114917203e-04
  -2.750926361417e-04  -6.012928302148e-05
  -7.776916482387e-05   1.080321916686e-04
   4.748722259739e-05  -4.694817541475e-06
  -2.503180136599e-04  -1.883334455098e-04
  -4.254079189589e-04  -8.131436965305e-05
  -1.521007915373e-04   8.910709906331e-05
   1.106546547435e-05  -2.552499550525e-05
  -2.334459870549e-04  -1.803061234360e-04
  -3.134908777713e-04  -3.949887020169e-05
   3.272338973788e-05   1.312490600146e-04
   2.064693621803e-04   7.646054396450e-06
  -2.801967144228e-05  -1.248122434049e-04
  -6.186351592788e-05   3.859013790861e-05
   2.872250389254e-04   1.853336286687e-04
   3.826784285168e-04   3.103154971709e-05
   8.648316804459e-05  -8.829512922110e-05
   4.427279757018e-05   8.252139735405e-05
   3.350038907170e-04   1.839441292130e-04
   3.072218128430e-04  -7.015504628210e-06
  -5.726585790652e-05  -1.113440370869e-04
  -1.019913584210e-04   6.248841664775e-05
   1.467767458302e-04   1.244820931118e-04
   4.909952690677e-05  -8.363958391665e-05
  -3.135329369316e-04  -1.611182496464e-04
  -3.010737230090e-04   2.557114369500e-05
  -2.383159847882e-05   7.248463242729e-05
  -1.053839435655e-04  -1.291168325364e-04
  -3.984414929451e-04  -1.698461901870e-04
  -2.860704616255e-04   3.836623644061e-05
   5.163668639462e-05   8.094132237637e-05
   1.042297925152e-06  -1.098557132215e-04
  -2.296484795097e-04  -1.153078140606e-04
  -4.414172725767e-05   1.056076289455e-04
   2.993331928190e-04   1.260704098997e-04
   2.075203072244e-04  -6.795999420343e-05
  -2.479614421717e-05  -4.794721662100e-05
   1.667808256379e-04   1.636773281491e-04
   4.318290492455e-04   1.366885114507e-04
   2.306300043610e-04  -6.996803864358e-05
  -3.955213742054e-05  -3.113214755657e-05
   1.271476123123e-04   1.574116648015e-04
   2.961464098214e-04   8.146394983927e-05
   7.445500679579e-06  -1.275601152909e-04
  -2.618374516305e-04  -6.621429998926e-05
  -8.001493418459e-05   1.078768724529e-04
   6.050750351873e-05   7.577567248339e-06
  -2.283481578825e-04  -1.840089351766e-04
  -4.263101728122e-04  -9.070758176864e-05
  -1.691449460741e-04   8.629736753239e-05
   9.042054150206e-06  -1.699875523293e-05
  -2.283620170141e-04  -1.810477542591e-04
  -3.314964691650e-04  -5.305733080217e-05
   2.963072279055e-06   1.265007232403e-04
   1.974017662991e-04   1.462179639239e-05
  -2.766143448149e-05  -1.279143273489e-04
  -8.204061773503e-05   2.459923373985e-05
   2.628745697671e-04   1.834886412352e-04
   3.856018354240e-04   4.075321462047e-05
   9.887455868965e-05  -9.003828672448e-05
   3.689689161482e-05   7.223691047841e-05
   3.287644534128e-04   1.880937333231e-04
   3.289878315529e-04   6.401961131187e-06
  -3.188778140796e-05  -1.113606946957e-04
  -9.928430888419e-05   5.565614848351e-05
   1.507675780380e-04   1.321502528250e-04
   7.601919238427e-05  -7.015805043791e-05
  -2.912045318270e-04  -1.628087650000e-04
  -3.052971714556e-04   1.798199603629e-05
  -2.819817417542e-05   7.873673408814e-05
  -9.090182284578e-05  -1.195675329722e-04
  -3.931991167354e-04  -1.763820983055e-04
  -3.079430160023e-04   2.721787976884e-05
   3.246724061428e-05   8.437714595909e-05
   2.522756444316e-06  -1.041366644737e-04
  -2.371065700819e-04  -1.257780410246e-04
  -7.486803619868e-05   9.322156235049e-05
   2.791499641382e-04   1.303795403732e-04
   2.126263540240e-04  -6.235665979649e-05
  -2.787475608608e-05  -5.831927424771e-05
   1.452650644536e-04   1.549821893134e-04
   4.281838224934e-04   1.459697222664e-04
   2.526133315141e-04  -6.187858422363e-05
  -2.914778983509e-05  -3.885924965932e-05
   1.208623667501e-04   1.541443781360e-04
   3.091834631988e-04   9.505686914203e-05
   3.993623773127e-05  -1.186729073625e-04
  -2.477004952537e-04  -7.314429195658e-05
  -8.411919034462e-05   1.065514514546e-04
   7.295891838028e-05   2.082528532546e-05
  -2.036779947748e-04  -1.783710236661e-04
  -4.254006144056e-04  -1.007911735904e-04
  -1.871204582075e-04   8.266542634070e-05
   7.378056694660e-06  -7.230963778453e-06
  -2.201141411601e-04  -1.804658746083e-04
  -3.477932864906e-04  -6.737971663682e-05
  -2.810817367169e-05   1.209122221638e-04
   1.881901487096e-04   2.276489289239e-05
  -2.497498867074e-05  -1.299888192210e-04
  -1.018220172283e-04   9.448909640437e-06
   2.358546798001e-04   1.805923088335e-04
   3.873926864640e-04   5.149126030276e-05
   1.125759929671e-04  -9.116654625426e-05
   2.862885171485e-05   6.039761852420e-05
   3.190835326218e-04   1.912260319864e-04
   3.496824497274e-04   2.092112016496e-05
  -5.145024832077e-06  -1.109889131570e-04
  -9.752612158678e-05   4.723411045593e-05
   1.520340469848e-04   1.392275187577e-04
   1.032197754086e-04  -5.525134689628e-05
  -2.664440679782e-04  -1.640670670753e-04
  -3.095659485790e-04   9.056899489046e-06
  -3.398007410810e-05   8.488815760012e-05
  -7.479036680189e-05  -1.083083859230e-04
  -3.847130798873e-04  -1.824220756646e-04
  -3.294322120284e-04   1.486414913154e-05
   1.222071265545e-05   8.788916180630e-05
   5.717715018914e-06  -9.671100279047e-05
  -2.417758953662e-04  -1.359671471545e-04
  -1.061220724567e-04   7.940967594302e-05
   2.569359194576e-04   1.346504570522e-04
   2.185340014106e-04  -5.527869430536e-05
  -2.943564912749e-05  -6.888088932786e-05
   1.217290339344e-04   1.445290801108e-04
   4.215595765432e-04   1.551880164322e-04
   2.749137211113e-04  -5.249626388732e-05
  -1.796802940915e-05  -4.717722250654e-05
   1.119722403772e-04   1.490984826869e-04
   3.196383582047e-04   1.089122628213e-04
   7.354619471899e-05  -1.084438792700e-04
  -2.323211107993e-04  -8.073848705671e-05
  -9.008691204718e-05   1.037964708298e-04
   8.427560721212e-05   3.483589536007e-05
  -1.764988035754e-04  -1.712066544105e-04
  -4.223431654071e-04  -1.114241178963e-04
  -2.060729555563e-04   7.794020055445e-05
   5.557961351747e-06   3.607538368816e-06
  -2.087660976798e-04  -1.783128876943e-04
  -3.619337257171e-04  -8.232253262164e-05
  -6.045387337489e-05   1.142263784383e-04
   1.784393020322e-04   3.195873649466e-05
  -1.985224985313e-05  -1.307364129716e-04
  -1.206346663299e-04  -6.716233816595e-06
   2.062316607974e-04   1.763818441158e-04
   3.876957877822e-04   6.317439405243e-05
   1.277839074849e-04  -9.134891709368e-05
   2.003039603559e-05   4.710065562321e-05
   3.058923185199e-04   1.930397203359e-04
   3.688706877075e-04   3.650003782457e-05
   2.313256553350e-05  -1.099083696267e-04
  -9.630180063169e-05   3.723425910519e-05
   1.503010402486e-04   1.453755154080e-04
   1.301792393080e-04  -3.893815283557e-05
  -2.391219445089e-04  -1.646015958357e-04
  -3.135859014477e-04  -1.257121984658e-06
  -4.155142999750e-05   9.059817988867e-05
  -5.754517268070e-05  -9.532266761196e-05
  -3.727893015253e-04  -1.876772472494e-04
  -3.502168299739e-04   1.235800064651e-06
  -9.423441207255e-06   9.116516275606e-05
   1.026853839204e-05  -8.750564245608e-05
  -2.432996921420e-04  -1.455580840546e-04
  -1.374781594675e-04   6.410203234408e-05
   2.324420649427e-04   1.385987843187e-04
   2.250100035736e-04  -4.659107900128e-05
  -2.899083334376e-05  -7.929762647273e-05
   9.660565510895e-05   1.322114551994e-04
   4.116498323285e-04   1.640657238899e-04
   2.973178806720e-04  -4.164118852934e-05
  -5.525936018410e-06  -5.578336342549e-05
   1.007520307015e-04   1.420900718474e-04
   3.270383076247e-04   1.227510683955e-04
   1.080142711717e-04  -9.667358922984e-05
  -2.152985265481e-04  -8.875854125511e-05
  -9.783451709314e-05   9.936021049015e-05
   9.386745065583e-05   4.934464519910e-05
  -1.470703238405e-04  -1.623026221968e-04
  -4.167621181204e-04  -1.224108700708e-04
  -2.259777145817e-04   7.184858859941e-05
   3.020641306470e-06   1.529077569615e-05
  -1.944603382869e-04  -1.743396161723e-04
  -3.734378600960e-04  -9.769097504662e-05
  -9.398018284808e-05   1.061775489473e-04
   1.676950764601e-04   4.202902749830e-05
  -1.226667155334e-05  -1.298531428050e-04
  -1.378661968494e-04  -2.369878839076e-05
   1.741317235365e-04   1.705818331888e-04
   3.860953467349e-04   7.567404210107e-05
   1.446271889425e-04  -9.023995168943e-05
   1.172693905958e-05   3.249976736183e-05
   2.891894333912e-04   1.932151829468e-04
   3.860583116657e-04   5.304400398786e-05
   5.307012883044e-05  -1.077710861238e-04
  -9.511091103829e-05   2.572421524410e-05
   1.453551633527e-04   1.502292152074e-04
   1.563104139673e-04  -2.128404519523e-05
  -2.091407048637e-04  -1.640848059210e-04
  -3.169756797746e-04  -1.296437750950e-05
  -5.124494518927e-05   9.549084508235e-05
  -3.974183886173e-05  -8.063791973584e-05
  -3.572690389242e-04  -1.918211601174e-04
  -3.698994235937e-04  -1.369517193224e-05
  -3.276487982318e-05   9.385075125632e-05
   1.572167727832e-05  -7.649189710436e-05
  -2.413605448459e-04  -1.541948456308e-04
  -1.684367002653e-04   4.726652015335e-05
   2.054320228104e-04   1.418928997038e-04
   2.317219394392e-04  -3.620073003502e-05
  -2.607914406157e-05  -8.918899998201e-05
   7.041663552966e-05   1.179593053716e-04
   3.981610709314e-04   1.722736648697e-04
   3.195201748734e-04  -2.916659597878e-05
   8.666579793856e-06  -6.431823657393e-05
   8.758243049733e-05   1.329667551412e-04
   3.309179022834e-04   1.362388869479e-04
   1.429950141650e-04  -8.318355980593e-05
  -1.962076545531e-04  -9.690328206737e-05
  -1.071726635887e-04   9.301233090218e-05
   1.011341085316e-04   6.402816616349e-05
  -1.157381656258e-04  -1.514584669534e-04
  -4.082534828909e-04  -1.334939829836e-04
  -2.467197236020e-04   6.412830965394e-05
  -8.277172210455e-07   2.753037133051e-05
  -1.774353937884e-04  -1.683070016342e-04
  -3.818025625536e-04  -1.132304789046e-04
  -1.285152951483e-04   9.650369157852e-05
   1.554551860664e-04   5.273537647744e-05
  -2.292689774804e-06  -1.270417859957e-04
  -1.528738896363e-04  -4.123922372480e-05
   1.397614956595e-04   1.629153974916e-04
   3.821222384070e-04   8.879398897992e-05
   1.631441942602e-04  -8.749085453077e-05
   4.399621123337e-06   1.681616549814e-05
   2.690622489915e-04   1.914242812007e-04
   4.006950833554e-04   7.039291566105e-05
   8.472284118244e-05  -1.042109797451e-04
  -9.337150844582e-05   1.284012458170e-05
   1.370676968766e-04   1.534048292286e-04
   1.809612583183e-04  -2.415405651266e-06
  -1.764588261188e-04  -1.621601331941e-04
  -3.192653779905e-04  -2.600623779701e-05
  -6.332767285631e-05   9.916113309530e-05
  -2.203715899277e-05  -6.434002438381e-05
  -3.380505513734e-04  -1.944945961588e-04
  -3.880014551214e-04  -2.990069919491e-05
  -5.805808012962e-05   9.555422886973e-05
   2.152576300327e-05  -6.369980026730e-05
  -2.357019819915e-04  -1.614861596834e-04
  -1.984181065770e-04   2.892400245233e-05
   1.757052867758e-04   1.441573863590e-04
   2.382316920713e-04  -2.407191393288e-05
  -2.028962415591e-05  -9.813113601849e-05
   4.377973211372e-05   1.017548610181e-04
   3.808344839060e-04   1.794323559159e-04
   3.411111891480e-04  -1.497557324133e-05
   2.507478433865e-05  -7.236618405465e-05
   7.296073967381e-05   1.216239558704e-04
   3.308394819953e-04   1.489843394856e-04
   1.780433538305e-04  -6.783317275233e-05
  -1.746203149007e-04  -1.048061106108e-04
  -1.177907862427e-04   8.456015215801e-05
   1.054842462156e-04   7.850049878618e-05
  -8.295034016880e-05  -1.385022887878e-04
  -3.964019976843e-04  -1.443489264371e-04
  -2.680746497336e-04   5.454370003504e-05
  -6.595394683741e-06   3.997017661216e-05
  -1.580429543969e-04  -1.600009077837e-04
  -3.865160993916e-04  -1.286200415456e-04
  -1.637889489740e-04   8.496161236270e-05
   1.411855923294e-04   6.376455615416e-05
   9.874835766868e-06  -1.220265259619e-04
  -1.649990487549e-04  -5.900803092555e-05
   1.034291613064e-04   1.531188595446e-04
   3.752671892907e-04   1.022613971880e-04
   1.832591574166e-04  -8.276415130208e-05
  -1.228217103159e-06   3.483423709808e-07
   2.457096410426e-04   1.873439411127e-04
   4.121838147010e-04   8.830945204315e-05
   1.180491488292e-04  -9.885728070840e-05
  -9.042964714221e-05  -1.200884162086e-06
   1.254198707875e-04   1.545116026772e-04
   2.034203327944e-04   1.746667430652e-05
  -1.411175197965e-04  -1.584528980903e-04
  -3.199004029140e-04  -4.024662442269e-05
  -7.797380724635e-05   1.011849134243e-04
  -5.165729087860e-06  -4.658787129811e-05
  -3.151143983104e-04  -1.953141971671e-04
  -4.039631101053e-04  -4.728110087646e-05
  -8.548450303372e-05   9.585517429590e-05
   2.703305461271e-05  -4.923331864485e-05
  -2.261538671253e-04  -1.670128700348e-04
  -2.267609882597e-04   9.164490497037e-06
   1.431246078958e-04   1.449802332302e-04
   2.439933499135e-04  -1.024280651607e-05
  -1.128904778480e-05  -1.056631537272e-04
   1.741208163117e-05   8.364975470361e-05
   3.594725783984e-04   1.851170085986e-04
   3.615703259434e-04   9.605545829639e-07
   4.411221867221e-05  -7.945949317762e-05
   5.750814499144e-05   1.080232610868e-04
   3.264189505423e-04   1.605409861869e-04
   2.126023984392e-04  -5.053893114145e-05
  -1.501321949677e-04  -1.120357684739e-04
  -1.292443104811e-04   7.386754808969e-05
   1.063604689302e-04   9.231220545500e-05
  -4.927183204033e-05  -1.233094376079e-04
  -3.808042407912e-04  -1.545818553739e-04
  -2.896917849977e-04   4.290444264381e-05
  -1.488107167447e-05   5.218363657207e-05
  -1.367635247284e-04  -1.492500531415e-04
  -3.870789102533e-04  -1.434682354421e-04
  -1.994133697292e-04   7.134540354599e-05
   1.243431042637e-04   7.472637365354e-05
   2.390243431643e-05  -1.145709461981e-04
  -1.735876524222e-04  -7.660038189871e-05
   6.556476749222e-05   1.409599562983e-04
   3.650006991593e-04   1.157202977280e-04
   2.047593777930e-04  -7.575206883235e-05
  -4.411173657557e-06  -1.652032164678e-05
   2.194647604029e-04   1.806737747561e-04
   4.198964866739e-04   1.064692602308e-04
   1.528836488574e-04  -9.135216208714e-05
  -8.557581435225e-05  -1.608987392980e-05
   1.105291611329e-04   1.531679930414e-04
   2.229291001148e-04   3.807374650917e-05
  -1.032692235741e-04  -1.525857125468e-04
  -3.182521934238e-04  -5.545845405829e-05
  -9.523559360347e-05   1.011333652506e-04
   1.006980647819e-05  -2.762743113636e-05
  -2.885512909660e-04  -1.938856373722e-04
  -4.171496697898e-04  -6.564999196929e-05
  -1.151222026445e-04   9.431752600815e-05
   3.150715034633e-05  -3.328535141021e-05
  -2.126607560496e-04  -1.703399087505e-04
  -2.527266147986e-04  -1.183673993405e-05
   1.076466630826e-04   1.439247005259e-04
   2.483574692883e-04   5.157837147181e-06
   1.147103212830e-06  -1.112982428778e-04
  -7.872516226330e-06   6.378262551771e-05
   3.339700377167e-04   1.888674139934e-04
   3.802646553499e-04   1.858311469000e-05
   6.610728453697e-05  -8.508741318978e-05
   4.197130483931e-05   9.221196654533e-05
   3.173568488638e-04   1.704141045850e-04
   2.459966369220e-04  -3.129531706253e-05
  -1.223955210098e-04  -1.181018316279e-04
  -1.409468750941e-04   6.087579804250e-05
   1.032701646667e-04   1.049539916792e-04
  -1.539488535649e-05  -1.058235572648e-04
  -3.610982062734e-04  -1.637317625400e-04
  -3.110811595347e-04   2.908680246643e-05
  -2.624347848469e-05   6.367527498651e-05
  -1.142185296625e-04  -1.359467071526e-04
  -3.830310454285e-04  -1.573132787248e-04
  -2.348676604298e-04   5.550778163851e-05
   1.044047596706e-04   8.515349034215e-05
   3.930306658171e-05  -1.044991171570e-04
  -1.780179136532e-04  -9.353463038684e-05
   2.673777713390e-05   1.262594460182e-04
   3.508004628921e-04   1.287289007353e-04
   2.272750925779e-04  -6.619854062010e-05
  -4.409423420936e-06  -3.331751884623e-05
   1.908159654903e-04   1.711577542630e-04
   4.231984414839e-04   1.244545171857e-04
   1.889113630973e-04  -8.137270699763e-05
  -7.806950479198e-05  -3.141826652773e-05
   9.267492733220e-05   1.490224757595e-04
   2.387023408345e-04   5.901992595201e-05
  -6.320630332825e-05  -1.441987540377e-04
  -3.136372375034e-04  -7.131231437567e-05
  -1.150137697667e-04   9.859229922266e-05
   2.281636720471e-05  -7.804013188527e-06
  -2.585912185829e-04  -1.898218542945e-04
  -4.268659176054e-04  -8.472081112123e-05
  -1.469140637745e-04   9.050771378016e-05
   3.413850579332e-05  -1.615135530848e-05
  -1.953120432805e-04  -1.710334166198e-04
  -2.755111823332e-04  -3.380420078125e-05
   6.935498275344e-05   1.405464952171e-04
   2.505833954935e-04   2.189500290993e-05
   1.710119971853e-05  -1.145401545309e-04
  -3.117406340804e-05   4.239611038861e-05
   3.043479229848e-04   1.902034545284e-04
   3.964557588653e-04   3.772728557031e-05
   9.126610426387e-05  -8.871085264375e-05
   2.721638282068e-05   7.434284788052e-05
   3.034740280765e-04   1.780732294980e-04
   2.774323992772e-04  -1.019638291241e-05
  -9.115701382562e-05  -1.224659133046e-04
  -1.521694240298e-04   4.562564843766e-05
   9.582197704531e-05   1.158658500000e-04
   1.785682766320e-05  -8.607931034109e-05
  -3.369991673488e-04  -1.712780503009e-04
  -3.316066605203e-04   1.305679459243e-05
  -4.116476353070e-05   7.388738734519e-05
  -9.117705497807e-05  -1.200696387372e-04
  -3.739863513112e-04  -1.696282433493e-04
  -2.694874534780e-04   3.738384576368e-05
   8.090410838592e-05   9.450631033464e-05
   5.542623034385e-05  -9.171932831489e-05
  -1.777349823869e-04  -1.092558320255e-04
  -1.233004088518e-05   1.089156844390e-04
   3.321865702328e-04   1.407619316929e-04
   2.502639298818e-04  -5.392448401366e-05
  -5.242877542813e-07  -4.948281249884e-05
   1.604239614697e-04   1.586096411632e-04
   4.214812343859e-04   1.417521811093e-04
   2.256453457168e-04  -6.865703131860e-05
  -6.717262226176e-05  -4.667432973288e-05
   7.232157234785e-05   1.417789226950e-04
   2.499576798233e-04   7.981575973605e-05
  -2.138808961057e-05  -1.329749423286e-04
  -3.053453790908e-04  -8.736870564535e-05
  -1.370291714189e-04   9.318655781596e-05
   3.219710263744e-05   1.242861769279e-05
  -2.256322349823e-04  -1.827665669880e-04
  -4.323798486195e-04  -1.040962674345e-04
  -1.806362469725e-04   8.401812957761e-05
   3.406904042710e-05   1.759666011937e-06
  -1.743724568059e-04  -1.686833733559e-04
  -2.942673281982e-04  -5.634972165861e-05
   2.849353554855e-05   1.344166044673e-04
   2.498610077377e-04   3.961403373219e-05
   3.647902400179e-05  -1.149055348196e-04
  -5.152620210411e-05   1.985185845685e-05
   2.707897491723e-04   1.886467998612e-04
   4.093163277727e-04   5.810495215919e-05
   1.196330126631e-04  -8.978343278077e-05
   1.421364580407e-05   5.469282471093e-05
   2.847507072660e-04   1.829712702917e-04
   3.060077234831e-04   1.254325771555e-05
  -5.629995927872e-05  -1.245595060569e-04
  -1.620483828957e-04   2.827929986088e-05
   8.376698391658e-05   1.244528182752e-04
   4.953259395524e-05  -6.422555476947e-05
  -3.083410511623e-04  -1.766547154169e-04
  -3.504875933463e-04  -5.105876910042e-06
  -6.000823856072e-05   8.221320640514e-05
  -6.855469660688e-05  -1.017082099875e-04
  -3.596728662013e-04  -1.798327545973e-04
  -3.024624368611e-04   1.701620163988e-05
   5.347395393812e-05   1.021843287556e-04
   7.145570911065e-05  -7.624947433357e-05
  -1.722924591228e-04  -1.231457128345e-04
  -5.075904191412e-05   8.893120657638e-05
   3.087642202432e-04   1.512194949989e-04
   2.730026588047e-04  -3.885544128817e-05
   7.858325456654e-06  -6.437486775143e-05
   1.291323683389e-04   1.429413667869e-04
   4.142042951945e-04   1.577586404516e-04
   2.624104674552e-04  -5.303388304428e-05
  -5.219217386969e-05  -6.124579624348e-05
   5.013636173385e-05   1.312260192282e-04
   2.559548371318e-04   9.986789059059e-05
   2.153652216400e-05  -1.186696564887e-04
  -2.926783475855e-04  -1.030757617721e-04
  -1.607983150598e-04   8.460923741633e-05
   3.734818493683e-05   3.250420413252e-05
  -1.902661778899e-04  -1.724229601710e-04
  -4.329569039737e-04  -1.232626451423e-04
  -2.158694644380e-04   7.449590601001e-05
   3.042721302024e-05   1.991878275606e-05
  -1.503102446949e-04  -1.629317869371e-04
  -3.081363385201e-04  -7.896440990384e-05
  -1.450153698539e-05   1.251499551786e-04
   2.453435434278e-04   5.783151240845e-05
   5.897682451004e-05  -1.119523625999e-04
  -6.792716186225e-05  -3.358395683280e-06
   2.336769710580e-04   1.837491226024e-04
   4.179584454826e-04   7.929121454584e-05
   1.510510451076e-04  -8.777940085393e-05
   4.010454527504e-06   3.367853485568e-05
   2.613667510312e-04   1.845708887952e-04
   3.307339719411e-04   3.656995374520e-05
  -1.788844761732e-05  -1.238093104309e-04
  -1.696053730973e-04   9.140521998414e-06
   6.704288713001e-05   1.301083226159e-04
   7.857015989609e-05  -4.054725310559e-05
  -2.751217297650e-04  -1.792721859835e-04
  -3.668112483556e-04  -2.518473097520e-05
  -8.297189851771e-05   8.801764424129e-05
  -4.740191855750e-05  -8.108605345577e-05
  -3.399781557657e-04  -1.873123319834e-04
  -3.328443808472e-04  -5.420077348322e-06
   2.189428026445e-05   1.075451371891e-04
   8.641765927872e-05  -5.824260142658e-05
  -1.613996723031e-04  -1.345404193014e-04
  -8.751634675981e-05   6.643985303140e-05
   2.802729700781e-04   1.594438670643e-04
   2.945891185119e-04  -2.105022527519e-05
   2.121735936610e-05  -7.728664415485e-05
   9.796869683897e-05   1.241930739252e-04
   4.009448327094e-04   1.717923832685e-04
   2.983364981966e-04  -3.445451737027e-05
  -3.253182045426e-05  -7.443032652158e-05
   2.699881607882e-05   1.172696747148e-04
   2.560446222207e-04   1.184863765439e-04
   6.471415362993e-05  -1.011440473461e-04
  -2.749985635272e-04  -1.177743050965e-04
  -1.856159509865e-04   7.265498735899e-05
   3.746612475017e-05   5.174695286120e-05
  -1.532982652300e-04  -1.585868766252e-04
  -4.279052130623e-04  -1.415908926449e-04
  -2.519761316853e-04   6.167643677501e-05
   2.237412205507e-05   3.767729435298e-05
  -1.238201312612e-04  -1.535059515746e-04
  -3.162918459015e-04  -1.010170458244e-04
  -5.897516661532e-05   1.124394200925e-04
   2.361922468490e-04   7.593244164791e-05
   8.405288124963e-05  -1.053141437806e-04
  -7.938292852677e-05  -2.660783276601e-05
   1.936208022660e-04   1.751266040451e-04
   4.214747847591e-04   1.007166965271e-04
   1.851254015380e-04  -8.222831556421e-05
  -2.308821019294e-06   1.186663034575e-05
   2.337401887532e-04   1.823782075680e-04
   3.505709753917e-04   6.137729856794e-05
   2.378909701492e-05  -1.196703098181e-04
  -1.737804773329e-04  -1.132934901635e-05
   4.581850812728e-05   1.322455685555e-04
   1.038246111486e-04  -1.548389754418e-05
  -2.375497136329e-04  -1.785474467687e-04
  -3.795589075702e-04  -4.680643793923e-05
  -1.100400830691e-04   9.066639714798e-05
  -2.887932268102e-05  -5.858219959790e-05
  -3.149972920022e-04  -1.914462498205e-04
  -3.595683659865e-04  -2.959475296361e-05
  -1.385676374389e-05   1.099320603602e-04
   9.920183471603e-05  -3.801052463565e-05
  -1.449725758369e-04  -1.427570725267e-04
  -1.214335449259e-04   4.173235643913e-05
   2.466404631348e-04   1.647453756011e-04
   3.139574649115e-04  -7.284508514243e-07
   3.984085386280e-05  -8.746986559349e-05
   6.813238874512e-05   1.025627386042e-04
   3.814542557971e-04   1.831162002346e-04
   3.323639717917e-04  -1.302489766470e-05
  -7.750974525370e-06  -8.545553316841e-05
   3.997977694325e-06   9.996659604364e-05
   2.497264981826e-04   1.349015000365e-04
   1.070833814776e-04  -8.040031777135e-05
  -2.517875157730e-04  -1.307122535331e-04
  -2.105484719035e-04   5.725585354844e-05
   3.186505515148e-05   6.938358003863e-05
  -1.157567278488e-04  -1.411831294018e-04
  -4.166315250906e-04  -1.583466539752e-04
  -2.880871921558e-04   4.542035659682e-05
   9.160517285125e-06   5.427564756483e-05
  -9.583713222918e-05  -1.402555731300e-04
  -3.179949274707e-04  -1.217611453069e-04
  -1.040353515805e-04   9.609408796895e-05
   2.216330636432e-04   9.317604966237e-05
   1.109074866516e-04  -9.473882898833e-05
  -8.496291504669e-05  -4.913800669008e-05
   1.514864246834e-04   1.624998199738e-04
   4.189933330440e-04   1.216681840416e-04
   2.211938830316e-04  -7.275578219638e-05
  -3.676938594562e-06  -1.002383739180e-05
   2.025600697845e-04   1.759833462297e-04
   3.644770033708e-04   8.629983821147e-05
   6.818091567347e-05  -1.116663185614e-04
  -1.734806479709e-04  -3.250220769754e-05
   2.053492770028e-05   1.303369124050e-04
   1.241125405192e-04   1.035823281387e-05
  -1.960886819956e-04  -1.739425584993e-04
  -3.876473148566e-04  -6.942639366257e-05
  -1.409366415371e-04   8.956364798403e-05
  -1.421764979001e-05  -3.474705769694e-05
  -2.850802729101e-04  -1.916442691513e-04
  -3.814894971433e-04  -5.500454495572e-05
  -5.355204590316e-05   1.087108507536e-04
   1.085983290143e-04  -1.604297603656e-05
  -1.231852664446e-04  -1.471297051885e-04
  -1.512401318954e-04   1.527783290257e-05
   2.080376226325e-04   1.664380250762e-04
   3.299093984436e-04   2.170553893067e-05
   6.376777768013e-05  -9.416960815577e-05
   4.096698369485e-05   7.843290030118e-05
   3.557184636047e-04   1.909699294475e-04
   3.632660745966e-04   1.096424732652e-05
   2.237109025229e-05  -9.350977405844e-05
  -1.758578948702e-05   7.955666326563e-05
   2.367126487962e-04   1.482915234097e-04
   1.473862735210e-04  -5.661664545627e-05
  -2.227116850221e-04  -1.410699407535e-04
  -2.344417641489e-04   3.851755130445e-05
   2.004239464940e-05   8.456617149473e-05
  -7.888865464866e-05  -1.203028907736e-04
  -3.987063550320e-04  -1.727110557314e-04
  -3.231025062671e-04   2.575202795402e-05
  -9.806616292459e-06   6.886302028571e-05
  -6.753735243962e-05  -1.231918858889e-04
  -3.126595678283e-04  -1.403527445191e-04
  -1.485480853709e-04   7.607992363759e-05
   2.010242721034e-04   1.087123351192e-04
   1.384754866310e-04  -8.013070141713e-05
  -8.386743750909e-05  -7.007306712805e-05
   1.084052105989e-04   1.457373112959e-04
   4.097450762702e-04   1.413000078078e-04
   2.583087376512e-04  -5.912868519618e-05
   8.882681828445e-07  -3.112950922428e-05
   1.688090966047e-04   1.651064026118e-04
   3.714737156277e-04   1.105169544761e-04
   1.144420743595e-04  -9.943683110434e-05
  -1.676437774868e-04  -5.358363319502e-05
  -8.061287921011e-06   1.239602874178e-04
   1.382724116372e-04   3.620293932968e-05
  -1.514953091606e-04  -1.650108435884e-04
  -3.899868066905e-04  -9.232295547081e-05
  -1.750841068170e-04   8.419782538128e-05
  -4.661015364191e-06  -1.031016077027e-05
  -2.508743589456e-04  -1.873918548573e-04
  -3.974368085454e-04  -8.096321848521e-05
  -9.666923520151e-05   1.033151851711e-04
   1.133517685140e-04   6.980925051227e-06
  -9.651763132320e-05  -1.470544505721e-04
  -1.756147909759e-04  -1.226208215950e-05
   1.649308767337e-04   1.638849238345e-04
   3.411639189116e-04   4.564571895869e-05
   9.273184511868e-05  -9.666927762077e-05
   1.791352215550e-05   5.239108139985e-05
   3.240177312462e-04   1.946142845909e-04
   3.896897755607e-04   3.701289712199e-05
   5.777003368281e-05  -9.778456662813e-05
  -3.631817375973e-05   5.649074364468e-05
   2.169947454842e-04   1.578225034810e-04
   1.841988732377e-04  -3.017852994303e-05
  -1.876927448637e-04  -1.479977833244e-04
  -2.559478220003e-04   1.675299151253e-05
   1.749769327721e-06   9.640747665407e-05
  -4.413767615660e-05  -9.623914577562e-05
  -3.739355784506e-04  -1.838140320902e-04
  -3.557092104665e-04   2.896641659392e-06
  -3.489044017639e-05   8.052945134165e-05
  -4.032115048296e-05  -1.025259239096e-04
  -2.999259694287e-04  -1.558808335841e-04
  -1.911497164604e-04   5.256009123483e-05
   1.739328683092e-04   1.216114525459e-04
   1.654361990943e-04  -6.159253059369e-05
  -7.550487711753e-05  -8.844695207125e-05
   6.577007069007e-05   1.249002521922e-04
   3.931428645359e-04   1.586585942216e-04
   2.952350232101e-04  -4.130246268821e-05
   1.220350603708e-05  -5.046394307812e-05
   1.337707436874e-04   1.496466057112e-04
   3.707251057870e-04   1.330697605662e-04
   1.614191014854e-04  -8.278814301219e-05
  -1.553179069868e-04  -7.362599141720e-05
  -3.889816384572e-05   1.128508668985e-04
   1.452409346214e-04   6.111319449396e-05
  -1.048450584685e-04  -1.514491597494e-04
  -3.855562537098e-04  -1.146034856404e-04
  -2.115740939488e-04   7.419402078355e-05
  -1.393019561077e-06   1.382348879534e-05
  -2.133561659210e-04  -1.783025940357e-04
  -4.062849003213e-04  -1.066028212703e-04
  -1.423543334960e-04   9.329979912603e-05
   1.122336754207e-04   3.019211722466e-05
  -6.579397940449e-05  -1.420429251066e-04
  -1.932554830068e-04  -4.002977825926e-05
   1.181261963408e-04   1.565525706638e-04
   3.464267513034e-04   7.027781130128e-05
   1.261125134389e-04  -9.434522473508e-05
   4.436646783598e-07   2.524038429853e-05
   2.869809687985e-04   1.933852208907e-04
   4.102181748732e-04   6.439640070076e-05
   9.803537257937e-05  -9.752836720605e-05
  -5.066978755120e-05   3.145024238029e-05
   1.909084707601e-04   1.627002192529e-04
   2.159835508490e-04  -1.702797846073e-06
  -1.469771098045e-04  -1.506665826690e-04
  -2.735731237317e-04  -7.490617916114e-06
  -2.293538579617e-05   1.040291981158e-04
  -1.310000351549e-05  -6.951647253035e-05
  -3.424339339977e-04  -1.907809511989e-04
  -3.844218150419e-04  -2.268779356411e-05
  -6.614803410844e-05   8.835149477476e-05
  -1.577473125678e-05  -7.870223608243e-05
  -2.797375718243e-04  -1.674116624142e-04
  -2.302811471273e-04   2.593119375094e-05
   1.402155038570e-04   1.309072987102e-04
   1.902451904791e-04  -3.946428502186e-05
  -5.957470760203e-05  -1.032452123572e-04
   2.520894424526e-05   1.002844954226e-04
   3.688677504915e-04   1.727220940832e-04
   3.304707758567e-04  -1.946677646115e-05
   3.083053688459e-05  -6.695419347714e-05
   9.901526997180e-05   1.297311274314e-04
   3.616275432255e-04   1.528935707594e-04
   2.076551459734e-04  -6.174538727160e-05
  -1.357531026195e-04  -9.155705096944e-05
  -7.057782540109e-05   9.695487178515e-05
   1.441435889581e-04   8.401559487308e-05
  -5.753953339895e-05  -1.331533559179e-04
  -3.734932797866e-04  -1.352255332309e-04
  -2.491553884813e-04   5.937036753129e-05
  -5.446840870460e-06   3.659198681213e-05
  -1.738469597327e-04  -1.641753180542e-04
  -4.070424843763e-04  -1.308897065760e-04
  -1.894016399477e-04   7.839886413986e-05
   1.041324055996e-04   5.254572398399e-05
  -3.220597426945e-05  -1.317815877953e-04
  -2.029681104653e-04  -6.698279903222e-05
   6.879809874188e-05   1.440719175683e-04
   3.444795441747e-04   9.458716048551e-05
   1.629000340821e-04  -8.672916822036e-05
  -1.002811075026e-05  -2.003985559010e-06
   2.456274599714e-04   1.867573063021e-04
   4.234551881985e-04   9.216368279976e-05
   1.423602835874e-04  -9.211052438423e-05
  -5.909823781747e-05   5.353936937783e-06
   1.591891014209e-04   1.622333717388e-04
   2.411653823004e-04   2.795026021699e-05
  -1.011983959714e-04  -1.483299953601e-04
  -2.857514916079e-04  -3.341564496103e-05
  -5.354382348022e-05   1.066230848644e-04
   1.254415341188e-05  -4.091066832166e-05
  -3.046944207731e-04  -1.927925753146e-04
  -4.076471735389e-04  -5.028800403216e-05
  -1.032574015857e-04   9.145156095530e-05
   4.393231625040e-06  -5.242361211138e-05
  -2.524159477886e-04  -1.740471918801e-04
  -2.642473145774e-04  -3.148999359151e-06
   1.000982818589e-04   1.356557467500e-04
   2.111917672971e-04  -1.435392179965e-05
  -3.615072717119e-05  -1.134620998759e-04
  -1.146766062093e-05   7.245551280773e-05
   3.369573404860e-04   1.824560042387e-04
   3.622935237257e-04   5.914894542334e-06
   5.698274294067e-05  -7.949401226981e-05
   6.635961738468e-05   1.057591320195e-04
   3.439060896015e-04   1.688675508013e-04
   2.514209861858e-04  -3.660118204734e-05
  -1.085016207263e-04  -1.062260557234e-04
  -1.014011540771e-04   7.648134082092e-05
   1.343952453311e-04   1.037424150278e-04
